3
2.72966,4.97177,483.511
6.11002,4.35867,1568.23
4.66184,4.91391,845.791
4.4329,3.61791,496.41
5.01844,2.10604,612.385
3.57175,2.35741,187.69
3.56405,3.51668,277.332
4.46912,3.33871,473.176
4.2571,5.23177,818.966
4.11429,3.31004,367.749
4.71619,5.05883,911.82
5.5268,3.39946,974.976
3.05192,3.66327,227.087
4.93852,3.75908,707.69
4.32677,4.70283,673.62
2.96832,5.58816,731.456
3.54308,3.94665,333.929
5.20393,4.01472,875.14
5.4483,5.42482,1404.31
4.74452,4.1424,689.958
4.66219,4.76165,801.104
2.37361,3.62583,171.025
4.05649,4.85966,645.403
4.34357,2.74812,382.524
5.1083,2.7236,682.33
4.96605,4.77774,930.651
3.46673,3.06781,213.976
3.63945,3.29683,263.718
5.1864,3.3918,778.74
5.89843,2.98378,1200.9
4.68297,4.58649,763.174
4.25405,4.49039,597.284
5.17928,4.36262,932.639
3.52628,3.47077,265.947
1.51896,3.66253,147.27
3.58203,2.87583,217.442
3.92704,3.89297,398.355
4.00847,4.01846,438.727
7.32156,4.71956,3109.12
3.26591,4.37997,378.495
4.11945,2.91015,333.833
4.41649,2.9548,419.631
4.02968,3.93779,427.759
3.5638,6.72248,1460.25
3.78296,2.52241,232.58
3.53155,3.80612,311.492
2.33984,4.977,461.029
6.32537,6.07094,2396.97
3.06018,1.77083,100.84
4.10254,3.41884,375.9
3.88284,2.21378,242.71
3.8032,5.04845,646.949
4.09046,3.77221,418.004
3.99175,5.02176,679.049
2.57046,4.67667,385.201
4.88061,2.85742,586.617
4.04793,5.19084,750.951
5.9389,4.93838,1577.07
4.62838,5.06987,883.489
3.04348,5.27836,614.131
2.60639,4.68788,390.841
4.69445,3.63688,589.43
2.77581,4.68911,401.671
2.66653,4.7767,420.975
3.4795,4.93085,554.453
2.97589,5.66969,768.499
3.32227,3.69245,264.102
1.38106,5.40201,583.14
5.12355,5.34608,1194.94
4.8384,4.6689,847.63
2.4808,3.05236,115.931
3.29402,4.10748,326.049
4.16811,1.44703,291.18
3.39176,2.94662,194.599
2.89205,4.14614,290.176
3.53149,4.49777,441.955
3.70889,2.73204,231.424
3.71348,5.57,826.872
5.04011,4.83878,983.69
3.74592,3.78769,344.764
6.16803,2.7995,1413.26
4.77427,4.22991,717.565
4.06779,4.80965,633.381
4.42011,3.90794,532.703
3.95739,5.02116,670.865
5.74652,3.79984,1176.81
4.85527,4.57257,827.85
4.8927,3.41125,641.248
4.79057,3.41896,599.757
4.40656,5.30464,892.343
5.09296,3.79327,784.42
4.53058,1.80422,405.229
2.79962,2.55803,106.071
2.53455,5.89185,840.707
3.20486,3.30253,201.635
4.30485,5.11517,791.925
2.50067,3.07974,118.835
2.01193,4.03154,218.649
3.06257,4.04755,288.596
3.40196,4.85399,518.659
2.24869,2.88476,91.0598
4.36548,1.18867,347.442
3.88756,3.10075,293.351
2.53301,3.74506,196.495
4.01564,3.62679,380.143
5.07493,3.66394,757.837
2.70958,3.59196,188.46
2.92608,4.89308,475.24
4.38857,4.59355,661.563
3.58469,4.26696,400.398
2.58235,2.39495,84.0266
4.82632,2.97279,571.979
4.6181,3.07029,499.744
4.94343,3.42454,665.884
4.60065,5.04419,863.715
4.40736,3.36333,455.916
2.95875,3.49343,195.79
2.28654,5.84588,803.585
3.89111,4.33148,473.622
4.77386,5.28585,1014.96
5.14496,3.50586,770.963
3.24333,4.41792,381.765
3.44713,3.46871,253.011
2.16692,4.95184,441.283
2.62784,3.19478,136.245
2.17692,3.5198,149.014
3.75312,2.43164,223.569
3.84257,2.78566,260.763
4.06877,4.54403,561.745
5.13611,4.37908,913.339
1.76656,3.0176,86.8979
2.37842,2.20539,60.3305
2.85731,5.10536,537.147
4.00114,2.70154,291.135
3.77975,5.14368,673.913
3.28211,5.4531,710.549
6.04467,5.74959,1976.52
3.97365,4.27869,479.824
3.6916,3.23658,267.05
4.42186,2.83713,413.744
3.58224,3.80316,317.245
2.90907,4.11014,284.686
4.56851,4.6666,741.746
2.49448,3.43919,153.841
3.47757,3.29254,236.358
6.18982,3.55786,1504.71
3.70541,3.88213,353.263
4.92912,4.96192,969.123
2.96247,4.27995,322.704
2.8766,3.54613,197.09
3.9957,3.70134,384.583
4.75275,4.69723,818.469
4.48958,3.07697,456.269
2.7148,5.69533,760.333
3.43306,2.66375,181.272
4.306,4.46001,606.98
3.47406,2.73474,191.062
4.40357,3.44621,462.395
4.89933,4.71331,884.819
4.5675,4.87037,798.775
5.14435,3.57066,779.692
3.43548,4.11844,347.872
1.95106,3.19763,106.649
4.18948,2.94145,352.398
3.7828,2.92016,258.118
1.60565,2.98491,79.597
4.82528,6.57066,1703.23
5.10428,3.35637,734.132
3.86865,2.93285,276.954
3.71569,5.09309,643.6
3.77184,3.99804,384.926
3.23008,3.14849,188.37
5.12577,3.02531,714.05
5.4578,4.8321,1206.78
3.49494,3.49822,262.45
3.80767,5.02244,639.761
3.39004,2.54937,169.127
4.14749,4.4263,554.884
2.89056,4.75221,429.932
5.06497,4.51692,908.984
3.86359,4.53612,514.911
2.42224,3.54496,161.936
3.44205,4.07028,340.971
3.70781,1.62449,192.006
3.38315,3.87441,299.55
2.22879,4.97559,453.016
3.40446,6.32382,1168.88
3.50746,4.43817,426.842
5.7481,4.72762,1373.1
3.38849,5.4249,714.289
3.35023,3.8723,293.846
2.20323,4.78487,396.067
4.41785,4.3148,606.145
3.8631,5.28415,742.309
4.79863,4.74418,850.893
3.48659,4.99469,573.853
4.86006,4.40309,791.463
3.81808,3.49539,320.891
4.59189,5.92193,1225.86
4.9038,4.0563,740.176
3.1528,3.81347,260.318
2.92298,2.11459,95.657
4.64285,3.43605,543.702
3.65164,3.64575,308.443
3.83575,4.22274,438.623
2.87256,4.51058,367.244
2.95471,3.93726,259.177
5.53927,5.16381,1364.7
3.71534,2.13279,205.15
4.81864,2.95925,566.06
3.56908,4.0874,363.558
5.11207,3.72482,781.952
6.16722,2.32131,1388.8
4.46684,3.05586,446.723
2.36102,3.5779,163.4
4.18608,2.4069,321.566
2.87632,4.86694,462.269
3.75135,4.29107,436.681
3.17397,3.52598,220.246
5.9114,3.54766,1267.48
3.70153,4.47524,465.907
4.38674,2.43738,380.594
2.98316,6.68366,1360.37
3.10724,4.71645,442.763
2.06414,5.29924,559.873
2.37052,2.92335,100.463
3.82877,3.57048,331.268
3.33922,4.32353,374.813
4.96555,3.1972,653.323
3.14809,2.82272,153.373
5.1658,3.5809,791.289
5.97711,4.83711,1578.81
2.7572,2.31164,88.4584
2.91716,2.90483,138.239
4.71659,2.49298,499.072
4.42925,4.0392,555.97
3.16125,4.1195,313.737
5.64803,4.57747,1262.31
5.27097,3.95374,902.028
3.64568,5.28826,700.577
4.32295,3.90325,501.322
2.95336,3.89311,252.465
4.46982,3.3487,476.012
5.60327,3.24382,1007.86
4.06242,2.71505,305.933
3.9445,3.02477,301.519
5.23757,2.21636,727.072
3.06232,4.53195,389.845
3.52232,5.51691,771.552
3.62861,5.21959,676.152
3.78809,5.887,990.868
5.21564,4.11393,900.963
4.39613,2.38727,380.485
4.00923,4.72494,595.165
2.54384,3.91583,224.781
4.23819,6.23786,1289.02
4.87354,4.75879,886.371
4.15716,6.55446,1470.53
3.90952,3.89581,395.162
6.33529,2.46947,1552.33
3.63835,3.02993,240.457
4.26797,3.58868,443.431
5.08297,3.14198,703.267
4.79349,4.66069,826.178
2.14916,3.1519,107.126
3.94331,4.79275,598.852
4.37461,2.91058,403.737
3.4676,4.98267,567.476
4.61099,3.86869,591.331
5.19895,3.93048,858.45
2.65669,3.29062,149.478
4.98893,5.16174,1061.73
5.11588,3.3988,744.282
2.47671,3.3621,145.351
2.47275,4.429,318.061
3.91819,2.57121,264.998
3.5452,4.86855,544.856
4.65925,4.725,790.214
4.73329,4.5417,771.893
4.87266,5.48195,1132.62
3.84741,3.14009,291.127
4.78795,3.66312,626.819
3.64755,4.06337,370.609
3.82191,3.23995,293.784
5.13937,4.03122,846.184
6.22621,4.31419,1662.22
3.13457,3.06257,170.328
3.0084,4.21347,312.88
5.79672,2.99853,1124.35
3.28561,3.50081,233.377
2.73203,3.35017,159.836
3.71712,4.82537,562.341
3.17719,5.96949,936.516
4.21239,3.57381,421.957
4.40782,4.31494,606.249
3.44975,4.05622,338.554
2.8216,3.31409,162.204
5.76579,2.66102,1079.75
3.54986,3.64127,290.49
3.6366,4.75647,529.177
3.42002,4.59179,449.621
3.84428,2.66791,253.7
4.08445,5.16196,749.641
3.81805,2.54783,240.675
4.51003,3.4734,502.103
4.92076,3.37851,647.812
3.8705,4.12859,428.525
4.71506,4.18164,686.059
5.46924,3.84808,999.649
5.15471,4.35059,914.977
4.89804,5.73667,1254.55
3.75711,2.4758,227.456
3.96787,4.17874,458.523
4.90945,4.25386,779.15
2.29364,3.14787,112.282
6.64218,3.54935,1968.78
2.79442,4.60061,381.663
4.60189,3.58052,546.341
3.52498,5.70539,853.916
4.27587,2.79144,369.309
4.5423,5.38772,968.414
3.46011,3.39807,248.249
4.48575,4.48853,669.142
4.12929,3.19014,357.878
3.06991,4.11763,302.849
5.28187,4.27798,968.263
3.65746,5.27566,698.709
4.10673,4.45379,549.719
3.04697,3.78089,243.069
3.28877,3.48569,231.484
2.52932,3.84385,210.147
4.59851,3.93697,596.226
5.5638,4.15194,1111.69
4.70982,3.00883,529.217
2.1097,4.88628,423.006
4.37754,1.27064,349.438
4.63422,4.69658,772.046
4.73646,4.90645,870.024
4.98384,3.21545,660.556
3.2821,5.01124,550.253
4.24528,3.12467,382.413
4.46326,4.70752,715.621
2.79156,5.91183,867.039
4.4416,3.9141,541.684
4.96635,3.36445,669.835
2.99035,5.31951,625.163
4.36025,4.92378,747.385
3.65906,5.47527,777.149
4.48469,3.45786,492.878
4.371,3.2069,427.115
5.54688,3.4457,994.507
4.99989,5.15171,1065.18
1.84976,2.58293,58.5201
2.74224,6.39246,1140.31
4.12293,3.80924,432.738
5.65459,3.92238,1130.16
4.27341,5.55088,949.463
3.54985,3.94962,335.438
5.26451,3.74704,865.986
2.73558,4.96147,480.718
5.75171,3.31418,1119.59
2.91643,4.15686,295.608
5.58469,4.50272,1201.74
4.48136,3.79881,536.581
1.4328,3.83956,172.93
4.12195,3.13807,350.854
5.35028,4.5178,1059.31
2.59857,4.03182,246.394
4.36678,2.85341,398.768
5.98074,4.65349,1531.33
3.9168,2.82741,280.606
5.58771,4.82952,1287.96
4.47285,4.54857,677.703
4.87865,5.04496,974.503
3.3337,4.03238,318.906
3.89645,4.27312,459.505
3.92997,3.44783,339.171
6.24378,2.55213,1470.14
5.73812,4.19321,1239.86
4.0034,4.25874,482.725
4.25846,4.18907,534.542
4.28082,5.94675,1139.2
3.44358,3.31151,235.933
3.69645,5.42249,764.566
4.45153,5.53996,999.61
3.80717,3.99485,388.567
3.02503,3.8432,250.351
4.23174,3.3214,399.232
5.1024,4.14087,847.406
3.57901,5.16608,646.759
5.1714,5.06967,1120.57
3.80875,5.63823,876.267
4.86191,3.02482,592.853
4.1831,2.99106,356.603
5.55292,5.51221,1507.05
3.93409,2.84983,284.781
5.19977,4.41407,953.113
4.96703,4.72257,916.514
4.90821,3.6905,681.858
6.01599,5.76085,1958.25
3.07161,3.65935,227.815
3.88147,5.41155,792.837
5.90241,4.19307,1363.22
4.51028,3.79788,545.784
3.13884,4.0147,290.91
4.88431,5.11372,1000.02
3.89498,4.10375,428.231
2.54925,3.42852,158.076
3.61362,5.16652,652.678
2.21652,3.73194,175.913
3.62349,5.22251,674.029
2.96074,3.4319,190.472
5.53523,4.0373,1071.09
4.08074,3.37218,367.114
2.1589,2.69276,75.2529
3.826,4.70041,547.929
5.0669,3.89185,785.603
5.16204,5.16376,1148.36
4.03341,4.18623,475.512
5.07871,1.01159,623.788
4.02805,1.98996,266.035
3.85598,2.08303,230.135
4.81208,4.6244,822.824
3.26817,3.50197,231.584
3.58566,5.14394,640.199
4.68684,1.88256,464.498
3.35724,5.1445,604.336
5.4217,4.15138,1023.77
2.88878,3.93388,250.456
4.12412,4.45783,555.223
4.99064,1.76829,591.193
4.00879,4.19171,471.451
3.14385,3.58679,225.528
3.91426,3.391,328.836
4.65713,2.63553,481.745
3.63465,4.23959,402.112
3.07549,4.8883,488.378
3.39817,4.05438,329.165
3.35106,4.2631,364.803
2.68335,2.69023,103.268
4.49768,3.63299,516.865
3.0933,5.90354,893.642
1.51489,5.39978,585.964
3.80541,3.54411,323.784
5.44605,3.17697,903.086
3.99484,4.69416,583.663
4.72184,4.8572,852.85
4.96362,5.24389,1080.51
5.38659,3.34238,884.985
2.99694,4.08514,287.392
6.23649,3.1615,1504.5
2.07964,3.95966,208.622
3.32326,2.92883,183.299
4.83984,4.44136,789.762
4.16299,3.44397,395.679
5.22623,3.15924,776.649
4.08012,5.91944,1071.48
3.13214,4.35278,357.484
4.31376,4.6976,668.839
2.74365,3.61489,193.928
5.31491,3.71488,889.489
4.08552,4.15734,483.234
3.87395,4.11524,427.451
3.75444,4.15234,408.834
3.44617,4.50167,430.254
5.3481,5.16406,1247.39
4.07761,4.53404,561.983
3.13035,3.46404,210.625
4.30593,3.86575,491.721
1.53873,2.83394,66.891
4.17788,4.09369,494.999
4.18844,3.84777,455.662
3.03292,6.29343,1104.76
3.52282,3.84676,314.355
6.73678,4.22942,2185.98
3.53646,3.65745,289.806
3.90443,5.14156,699.549
3.8961,4.95194,634.507
3.87136,4.29403,462.065
5.00226,5.58858,1234.78
2.95273,3.57342,207.491
4.8671,2.79115,575.084
5.28848,4.66335,1061.77
4.72445,4.52325,762.106
3.22547,3.23206,195.905
4.5548,4.98845,830.757
4.55966,3.84664,569.158
4.35614,4.61398,658.219
3.35254,3.59645,254.117
2.49202,4.28639,289.456
4.07772,3.72478,408.508
3.34924,3.78729,280.706
2.03315,4.95865,442.271
2.63693,3.97913,239.04
4.74493,2.39796,503.242
2.21373,4.40133,300.957
3.32911,2.84218,177.475
5.18488,3.31459,770.12
3.15584,5.18188,593.019
4.25531,3.64811,444.516
3.92727,5.04136,668.863
4.21347,4.71101,642.903
4.24985,3.06594,380.226
3.93042,2.51022,264.215
2.22367,3.57883,158.547
5.2012,3.66872,819.482
4.2314,4.19689,527.516
4.14415,2.6185,322.153
3.25915,3.01923,182.764
4.56205,5.7267,1120.04
5.34919,3.01927,833.65
3.37257,4.63437,452.695
4.02628,3.6191,382.683
4.4383,4.0297,559.579
4.79456,3.78401,648.76
3.65435,4.20357,399.419
3.70359,4.06118,382.666
3.56823,3.48396,273.357
3.78828,5.98879,1041.79
3.83583,2.398,237.304
4.39369,4.74623,704.758
4.91196,5.44575,1133.61
2.76255,3.04213,133.859
3.69931,3.59971,310.52
4.90966,4.36395,801.904
3.63588,1.62891,179.755
4.0815,3.89351,435.84
3.91213,3.57938,349.957
5.11864,4.73586,993.664
4.27424,5.95422,1139.6
5.47911,3.92984,1019.45
2.37679,4.71835,385.138
4.45323,5.37917,934.462
4.62087,3.81021,585.212
5.81099,4.79196,1436.03
3.64416,4.37629,434.463
3.29368,3.48947,233.675
5.19141,3.94335,856.004
5.77279,4.46289,1322.28
4.50067,3.30956,481.04
6.07192,5.79513,2022.01
3.95586,4.6992,573.892
3.86066,5.67092,901.101
4.6421,5.11088,900.569
3.47394,3.82416,303.765
3.82519,3.94117,385.115
2.43019,4.30209,288.523
2.34945,5.5335,665.539
5.29874,5.09901,1197.86
5.70351,5.28331,1518.73
3.19267,3.6347,236.729
4.7816,3.43592,599.537
4.5993,3.49572,534.705
3.4398,3.13431,217.631
3.82282,3.02086,275.279
2.9998,4.43378,359.973
2.36561,4.37431,299.073
2.03759,4.2612,262.193
2.53667,4.59914,363.805
3.70636,4.73159,532.656
3.44856,4.53911,440.926
4.47115,4.17363,594.929
4.86098,2.6024,561.401
5.25376,3.9647,894.88
5.90315,5.06633,1590.37
4.2546,2.94353,373.003
3.51097,2.57956,189.741
3.09237,4.71242,440.656
3.91227,4.35284,481.127
5.51204,3.47566,978.219
3.66742,5.22704,683.125
3.3357,3.71709,269.338
3.61404,3.28847,260.412
4.33134,4.5148,626.943
4.7795,3.68442,627.235
2.22647,2.54148,70.0573
4.67621,6.30503,1471.14
5.00673,4.20522,811.675
4.03021,3.82215,408.887
4.81989,5.50877,1123.15
4.83524,5.12238,980.748
5.3554,4.38098,1032.61
4.15852,5.77647,1019.95
2.87655,3.87163,242.448
5.51041,5.09437,1321.56
3.74147,4.58689,502.743
3.12482,3.13068,176.763
3.4555,5.59713,796.066
4.63066,2.86564,487.188
4.7968,3.17056,576.101
5.07097,4.30155,863.289
4.05197,2.88036,315.091
4.63566,2.29426,459.969
4.12226,5.21041,775.386
3.99686,3.19251,327.774
4.5109,3.83561,551.956
2.88101,4.31498,324.24
3.1529,4.95209,516.485
4.01981,4.51216,541.626
5.92015,5.01345,1585.84
4.77828,3.76003,638.637
3.46281,5.22043,646.28
3.63362,4.71974,518.046
3.28957,2.68206,162.649
4.05916,4.06086,458.507
3.95467,4.26604,472.904
4.47581,3.35438,477.429
3.5392,4.34356,408.687
4.65747,4.71178,786.134
1.52013,4.92044,417.603
3.35655,3.87089,294.042
3.46767,3.44943,251.968
3.15768,5.95191,925.052
3.07444,3.59377,220.727
6.38974,3.67197,1710.86
5.28345,2.92778,787.883
4.80646,4.75823,858.048
3.38329,3.38239,232.979
5.31886,5.56128,1385.42
4.02587,4.50255,542.792
3.26314,3.63593,247.893
4.41772,2.682,404.355
4.75059,4.26712,715.334
3.2056,2.92049,167.488
5.60081,4.40829,1188.59
4.7273,4.91854,871.038
3.98414,5.26875,763.434
2.69158,3.94727,240.095
3.59225,3.49817,278.153
2.36426,2.42126,70.5794
3.37945,3.73574,276.643
2.69698,3.37927,162.187
4.73123,3.13121,546.379
4.26475,2.60521,354.084
3.78019,4.17525,417.865
4.84202,4.38884,780.173
4.70818,4.87842,851.504
4.51355,5.15728,872.195
4.41265,4.05437,555.854
3.66205,3.48239,289.863
5.29009,5.63106,1402.47
3.24307,3.16843,193.081
5.29593,3.87638,901.561
3.8109,3.27552,294.627
3.55684,3.37637,258.953
3.53572,3.95087,334.43
2.04015,3.40778,130.189
4.97278,3.30818,665.352
4.18528,4.69527,630.782
1.9847,3.89966,195.411
2.54218,3.15381,129.508
3.8378,2.80967,261.588
4.40543,3.44011,463.303
2.665,4.4345,331.142
3.81391,6.27028,1206.32
5.21882,3.38192,795.335
3.97811,2.31459,265.772
5.24175,3.20828,788.955
5.62839,6.31315,1967.14
5.73729,5.90437,1815.94
3.80505,3.39636,306.475
5.04367,5.61235,1266.64
4.70103,4.33398,710.279
2.70763,3.50744,176.953
4.3988,4.37712,615.014
2.54267,5.1162,516.993
3.02699,4.55483,392.387
3.69766,1.37299,184.358
5.33835,3.08315,831.09
4.03858,4.46718,537.151
1.38375,3.94127,190.117
3.17062,3.77518,254.005
4.3151,4.74858,684.214
4.40688,4.14103,569.359
5.61519,3.44828,1039.19
3.77935,3.38004,299.484
6.04103,4.66822,1584.29
5.14715,5.31103,1193.61
2.00679,5.69874,725.491
4.12167,2.12336,292.89
3.82866,3.921,385.435
4.99158,5.40007,1151.26
3.05368,4.6624,422.066
3.77781,4.13793,411.996
3.89693,2.8957,278.606
3.3046,4.48348,407.938
3.16909,3.11954,178.28
5.00348,2.56402,624.487
4.09584,2.88047,326.444
4.44102,2.77037,417.034
3.74902,3.48158,306.384
3.80711,3.80421,358.715
3.7299,2.93491,248.615
3.34252,4.95545,539.537
4.65542,2.75719,488.862
3.71714,4.366,442.663
3.66537,4.3978,442.488
3.47753,4.57886,455.011
2.32703,4.81432,407.402
4.26141,3.22599,399.022
3.74532,4.96895,608.718
3.47648,2.98905,210.522
4.17501,3.42773,395.609
5.4088,3.85508,965.118
3.3015,3.77384,271.819
4.9637,3.60244,696.291
4.42015,3.50878,475.058
4.34236,3.58407,463.396
4.62659,2.05308,445.414
3.6804,5.83911,946.523
3.53316,2.95739,215.858
4.41618,1.93518,371.995
4.95652,5.03894,1008.27
5.39897,4.04929,990.588
4.16619,4.33552,540.125
6.35896,4.08676,1749.17
3.41243,3.11616,211.339
4.61381,4.96859,844.154
3.32094,3.13496,200.563
3.7835,4.89496,592.787
5.09349,4.81393,1002.15
3.14032,4.60489,413.892
3.3173,4.20596,348.566
3.92524,2.0616,245.051
6.777,3.40129,2110.04
4.3179,3.80664,485.317
3.61543,3.1792,247.748
2.50851,3.59009,174.193
4.28278,4.97593,740.958
6.29576,4.76037,1839.87
4.93337,1.26162,556.882
2.73055,2.91926,120.895
3.4898,5.832,909.981
3.73975,5.09626,651.049
3.66766,4.83009,552.629
5.25795,3.83924,878.164
4.02922,4.45676,530.481
3.82267,5.71495,912.702
3.59522,4.97063,585.617
3.89919,4.55492,525.302
5.80957,4.8214,1442.41
5.00317,2.64828,627.396
5.28389,3.71027,870.032
3.24504,3.29265,204.232
4.54501,2.85503,457.537
4.60054,3.40105,523.22
4.77346,3.21801,571.629
2.9808,2.72742,128.882
5.06861,4.33649,870.17
3.53866,3.87357,325.069
6.5827,4.24317,2013.73
4.56467,3.55622,528.901
3.52102,5.01195,583.895
4.40217,5.19967,850.946
4.06487,5.49497,870.794
3.49479,2.43648,178.515
2.81654,2.17169,89.0696
4.00573,2.95845,307.477
5.08182,3.1733,704.5
3.06486,6.34359,1139.23
4.78476,5.09747,954.387
6.52,4.11177,1917.81
3.45708,4.05368,338.218
4.21928,5.28847,831.054
6.3667,4.52283,1847.66
4.03212,4.39164,517.874
3.522,1.83697,163.08
3.22153,4.03853,304.979
3.95734,3.75782,384.584
4.67411,3.51378,565.219
4.31948,2.15781,349.909
3.15709,1.5843,109.134
5.14848,3.8296,815.723
4.87718,3.88302,698.29
4.01951,4.93109,656.538
4.09872,4.88756,665.197
4.16736,3.28724,378.342
4.22699,4.19173,526.548
3.50403,5.0336,588.454
5.16054,3.67567,799.902
4.61812,3.97935,612.071
3.71617,3.1502,262.557
2.9554,2.62957,122.4
4.73035,3.15626,548.602
4.03354,5.25252,770.468
5.06667,3.05956,688.211
3.93298,4.19212,455.164
5.1777,3.43726,779.375
3.53394,5.81933,909.02
3.79531,4.13984,415.016
4.49275,2.97343,446.779
4.54982,4.09491,609.438
2.31168,3.83528,197.509
3.75291,3.19099,274.273
4.6305,4.44573,707.448
6.21808,4.87354,1797.95
4.0738,5.04888,706.933
3.11949,3.19309,180.294
2.44485,4.82257,417.257
4.1502,4.95589,697.488
3.86616,2.22386,238.389
4.41601,3.78049,510.655
4.43574,4.47169,646.951
3.29358,3.59263,245.84
5.09556,2.66376,675.27
1.9458,3.10238,96.7372
4.01056,4.12734,457.886
3.63486,4.01365,361.177
5.71226,4.26936,1235.95
4.25458,1.89279,323.451
2.55558,3.66362,185.534
5.3829,2.47562,817.039
4.99715,5.09944,1045.03
4.5638,4.81106,778.132
3.15561,4.07381,304.64
3.16925,3.53503,223.598
5.0121,4.19642,812.872
2.52483,5.63426,717.929
3.72174,2.95421,248.038
4.41689,3.46086,469.384
5.48129,2.22068,866.81
5.42403,4.42722,1082.32
4.18888,4.13979,506.67
3.94126,3.46598,343.573
3.95521,3.6576,370.676
2.02491,3.26705,115.185
4.40716,5.90379,1155.02
2.69714,4.04838,255.894
4.71295,5.96625,1294.38
3.30835,3.5287,239.777
3.349,4.93827,534.954
5.34864,2.44705,798.059
6.07877,3.09286,1357.08
5.90764,5.93583,1958.31
5.35543,3.00531,835.52
4.43698,4.57701,672.757
3.58693,3.90245,332.919
1.88259,3.38408,121.323
3.93692,5.23783,742.869
4.46381,3.60685,502.556
2.85063,3.3692,171.819
4.17739,5.22308,794.68
2.90969,2.81915,129.367
3.55468,2.82695,211.255
4.67509,4.52426,742.934
2.64462,3.66308,192.033
3.67247,4.36983,436.801
5.44577,5.11357,1289.14
3.62774,2.02064,184.734
1.86133,5.06076,470.267
4.17638,3.52144,407.125
4.46118,4.32987,626.057
4.24813,3.53493,427.212
3.01654,2.97861,150.609
5.43816,2.53035,853.359
5.57856,4.07304,1106.43
4.80809,4.22373,729.952
5.00236,5.35421,1139.95
3.23629,4.64216,438.642
4.55992,5.45184,999.217
2.96626,4.30016,326.189
4.60628,4.45413,701.732
5.29432,5.43742,1319.93
3.43408,4.22267,368.613
2.02206,5.04994,469.259
5.37849,2.8324,836.912
3.72856,4.32785,439.018
3.35594,3.38099,230.516
2.54706,3.68826,190.116
3.85807,3.11785,291.04
2.56222,3.31787,146.896
3.8811,6.35555,1272.72
6.89315,4.29846,2394.99
3.4797,3.79025,301.306
3.29867,4.41813,391.52
4.20384,3.71059,439.924
4.02436,3.4991,366.986
3.82878,5.38729,774.079
4.20138,4.83291,673.769
5.10293,2.32383,660.913
2.394,5.49183,650.739
4.21558,3.69387,439.621
2.70575,2.89634,118.856
4.52395,4.45701,674.085
5.41072,4.62858,1123.49
4.30012,4.24065,555.044
4.97251,4.10746,779.337
4.69654,2.41151,486.711
3.55307,4.12864,368.074
2.48053,3.91907,222.068
3.41711,3.86828,301.878
5.50283,4.88875,1252.8
2.60456,3.64181,183.542
4.89053,2.20175,557.184
4.57121,4.21067,639.301
2.8885,3.99776,261.575
2.01602,4.42718,297.509
2.33265,3.18031,120.592
3.69478,4.94884,596.361
3.83093,4.13241,419.075
2.03455,4.75338,380.653
2.03243,3.50833,142.443
3.90254,4.81105,594.447
4.15512,4.00052,472.088
5.3752,4.11843,990.871
3.09216,3.8812,265.287
4.37571,3.72237,490.415
5.06847,4.6819,954.278
4.72516,3.51522,586.29
5.28856,2.92163,790.742
1.9859,4.21411,252.002
4.37823,4.2188,575.306
4.04641,3.65498,390.857
3.26182,3.89968,285.854
3.88132,5.37221,779.391
3.21176,4.22739,338.335
4.50809,3.93054,564.183
3.69502,3.77491,332.302
3.88395,3.68622,358.755
3.8505,3.48082,324.921
6.10938,3.8373,1471.12
5.67938,4.51653,1268.01
2.90698,4.66178,406.47
4.91364,5.25365,1062.35
4.14815,4.86975,670.699
3.79068,5.32549,742.387
5.89231,2.6373,1172.96
5.05918,5.13991,1089.31
3.98674,2.145,261.671
3.58865,4.49746,453.608
6.25736,4.82304,1819.27
4.8423,5.43406,1100.89
2.89648,4.00106,262.741
3.44081,4.03228,332.65
2.70362,4.29519,303.239
4.86961,5.00372,956.066
4.60178,2.99425,486.412
2.70633,4.56916,368.311
3.6459,3.21249,258.103
4.8991,1.78107,547.823
3.75036,2.87101,249.302
3.65701,3.6178,305.829
3.44525,4.30496,386.749
2.96925,4.44981,361.49
4.57009,3.42147,516.373
4.04695,4.40685,524.73
5.04059,4.25075,838.939
3.8675,2.71565,261.167
4.57369,6.28783,1423.06
4.97205,1.1521,574.444
2.98827,1.2994,88.4819
3.74615,4.82321,566.982
4.90721,5.08071,998.64
3.22646,4.28234,353.479
3.931,4.33553,481.647
3.38111,3.22873,217.686
5.73313,4.81557,1386.62
4.66707,4.20326,670.236
1.42581,5.31165,550.77
5.07047,5.38376,1183.13
3.83591,5.4102,784.801
2.88107,3.91093,247.352
3.93807,2.9787,296.55
3.27139,1.9319,130.678
2.86497,2.31044,97.7874
4.54797,4.78722,767.752
2.29371,2.81722,87.1279
3.56464,3.64501,294.252
3.74083,4.85126,572.431
4.88438,3.37697,634.106
5.13843,5.77283,1385.99
3.43421,4.51357,431.545
3.09157,3.83862,255.111
5.1906,2.93821,739.349
4.1868,3.7703,442.109
2.88767,3.94251,253.26
4.07863,4.28181,506.158
2.16995,4.03186,225.295
3.90859,3.34092,321.25
2.57324,2.7427,98.9127
3.01731,4.63245,412.711
1.62924,3.91896,190.821
3.7359,3.19063,270.773
3.8867,2.9014,278.747
3.47419,4.2545,381.404
4.33495,3.34821,432.064
4.55049,4.09391,608.034
2.49825,4.08711,250.313
4.04377,4.30224,501.155
3.05614,1.14241,92.4234
3.69565,2.15956,203.377
2.90149,4.49117,363.046
4.3166,5.25439,843.657
5.49197,4.32079,1100.13
3.09651,3.0398,165.126
4.59501,3.92057,594.522
4.94355,3.34819,656.769
3.95299,4.09451,439.703
4.09727,2.08765,285.748
3.68083,4.63492,503.433
