3
1.98112,4.95716,137.762
5.27546,4.27924,3122.56
4.10916,2.65907,1116.96
2.96412,3.91526,337.289
4.4436,3.64003,1542.09
3.01495,4.43308,374.614
4.00741,6.05123,1133.51
3.91612,4.56644,961.982
4.04119,2.39799,1043.76
2.15634,2.33544,102.613
3.54177,3.48486,632.99
2.94823,5.52055,396.754
2.72787,3.65768,249.524
3.7593,4.74552,830.484
4.19974,3.19023,1224.19
3.82999,3.31108,853.263
3.8258,3.96668,862.726
3.77405,2.26915,794.724
2.82017,3.78906,283.666
4.48919,3.36835,1603.2
4.99883,5.70868,2570.17
6.39136,4.70164,6973.9
4.09762,3.86053,1121.76
7.03777,4.01517,10481.8
4.14556,4.02749,1180.45
3.8216,3.94894,859.109
4.26213,3.88258,1311.44
3.69133,3.41397,741.59
4.90803,4.68324,2337.24
4.22308,4.6139,1287.14
3.99707,2.20753,997.768
4.37207,3.90898,1454.19
5.32082,3.61291,3216.84
3.17618,2.80728,413.356
3.0817,3.51044,378.324
4.38027,3.29034,1451.53
2.59551,4.36639,229.337
3.18618,3.15975,421.23
3.42102,4.02808,568.759
2.63727,3.41033,217.108
4.37883,3.92302,1460.76
4.81721,3.40426,2134.88
4.89099,5.2589,2334.01
3.27752,5.33421,537.004
2.8741,3.50608,294.898
2.52661,4.61861,220.386
4.59278,2.32376,1749.06
2.89279,3.29476,300.179
4.29007,2.17988,1324.62
4.51186,3.39217,1635.72
4.17892,3.24616,1202.01
3.22746,4.73881,483.498
5.37573,4.31435,3374.45
3.56399,3.23271,643.604
4.83821,2.85137,2163.84
5.58542,4.6058,3963.5
2.75431,3.3364,254.161
3.51663,3.78535,622.645
4.72466,2.66502,1962.57
2.52913,2.50801,179.13
5.06766,3.77459,2634.69
3.51988,4.4959,644.885
1.85183,3.71225,83.106
3.72834,4.80337,811.069
4.29992,4.52417,1378.77
5.59119,3.98587,3962.09
3.15246,3.64332,413.745
4.34123,3.59848,1406.46
3.932,5.11061,1001.18
3.32047,3.3559,495.316
4.12141,4.44262,1165.36
3.36647,4.00068,532.931
4.97437,4.47707,2461.62
3.70257,4.42853,772.887
3.51105,4.66367,645.127
6.03683,3.40026,5449.89
5.04615,3.72173,2589.06
4.98393,3.19541,2449.65
1.95061,2.6881,77.6256
5.15783,3.04449,2820.59
2.68825,3.3329,231.085
5.15951,2.39919,2818.3
2.71039,3.35338,239.357
1.08297,2.65624,21.0994
3.0392,4.53296,387.669
2.95554,2.67705,314.107
4.81439,3.37643,2129.04
1.6475,3.99756,72.3136
5.05279,4.08053,2609.68
3.91765,3.65743,937.851
4.12263,3.62204,1145
4.77782,3.71684,2070.24
3.60946,4.40262,703.762
4.81716,5.51895,2212.26
4.17121,4.19015,1214.86
4.70056,4.42126,1955.01
4.49721,3.63502,1621.72
4.77575,4.21576,2080.5
3.92606,3.72205,946.736
3.57371,5.26103,715.449
5.65569,2.9981,4138.84
4.0621,2.30756,1064.22
2.91048,5.51622,383.117
4.44954,3.61143,1550.81
4.7427,4.44619,2029.76
2.19667,3.30487,121.428
3.27469,3.29917,468.459
4.96168,5.54555,2486.79
5.33573,5.31354,3314.46
4.7777,3.67359,2070.13
3.16924,4.94336,461.627
3.94333,2.54148,948.909
5.40506,4.07422,3444.83
3.20142,3.92843,442.034
3.55634,2.95931,635.337
6.82161,4.47307,9185.8
3.52291,4.62039,651.07
2.51056,3.83916,194.414
4.10243,5.79717,1213.24
3.07145,4.60869,404.373
3.60578,4.51978,704.579
3.87592,3.31433,895.374
3.50084,5.02674,653.211
5.16958,3.44742,2852.09
3.98912,3.60074,1005.36
5.51755,3.64175,3741.49
2.94379,1.64631,305.926
3.77023,5.29082,865.245
3.2042,4.72306,470.871
4.56675,5.72667,1806.56
4.35091,3.84969,1423.58
2.55592,4.19721,214.201
2.84192,5.55044,358.138
2.80948,2.51338,261.461
4.83005,2.6939,2150.03
5.34994,3.21572,3284.51
3.25855,1.83653,447.63
2.56551,3.5435,202.222
3.83512,4.63005,889.508
4.01853,4.02349,1045.74
4.09989,3.35545,1114.51
3.7365,4.24219,796.04
2.5907,4.93302,249.27
4.69694,4.01504,1939.32
2.09455,5.1287,162.192
3.58884,5.53649,741.133
2.49403,4.04151,194.558
3.381,3.08617,525.478
3.90005,5.11852,969.953
5.81351,3.97711,4661.91
4.83514,4.48193,2192.19
3.2359,2.29837,437.827
1.42791,2.29253,33.4677
3.4381,3.70214,571.166
3.33721,3.60346,509.025
2.94218,4.42997,343.425
2.66328,3.4714,226.444
4.46987,4.68348,1610
4.90468,4.36781,2321.56
4.03174,3.31478,1043.63
4.59173,4.81413,1796.75
4.41033,6.4049,1634.68
5.5671,3.95314,3891.06
5.24893,4.04237,3051.14
3.45522,3.09741,570.91
4.45386,2.82112,1546.09
2.76241,4.5047,283.751
4.72085,5.13479,2020.85
4.21347,4.04325,1260.14
5.08884,4.68038,2707.7
4.48978,5.66098,1688.33
2.44565,3.73342,176.137
3.00831,2.21427,332.588
4.36673,4.01677,1448.17
3.75747,5.3836,860.867
4.3979,4.46309,1501.95
4.27118,2.22388,1300.97
1.79696,3.11109,68.9578
4.29628,3.51303,1344.63
1.96542,4.73166,125.08
4.48352,4.00235,1606.36
2.60815,4.33037,229.508
3.75834,3.38167,794.78
4.38595,3.74809,1467.22
3.54864,4.6945,671.73
4.27977,3.46225,1325.53
4.12211,4.80752,1180.63
4.01106,3.43188,1025.04
4.75999,4.48409,2060.33
4.3261,4.66972,1415.79
4.95729,4.43687,2426.75
4.31891,1.88546,1357.85
3.89495,4.83969,953.84
2.68983,2.96785,227.117
4.59331,4.86935,1802.01
3.18442,5.24063,483.694
5.65854,4.87976,4194.24
3.76828,3.79179,809.714
5.6166,3.1177,4020.89
3.96497,5.3056,1042.58
5.11366,4.81118,2765.99
3.47824,4.99409,636.71
4.61373,4.4533,1815.88
4.82464,2.7971,2140.76
4.08578,5.7536,1191.11
3.14026,4.13915,420.672
5.41886,5.44275,3536.24
3.61228,3.04984,678.475
6.12391,3.97685,5801.5
3.22214,3.32937,440.587
5.33887,3.98725,3270.69
4.03393,3.14974,1042.68
5.08671,4.13252,2684.71
5.82147,5.07037,4727.46
4.92195,5.86256,2430.02
4.44837,3.94875,1556.78
5.3072,4.02324,3192.89
3.97029,3.80432,991.526
2.42341,4.66139,199.328
4.07611,5.25561,1148.96
4.73979,2.54963,1988.88
3.23633,3.20625,446.447
4.24781,6.23197,1410.47
6.623,3.7442,8077.57
2.05893,4.74979,139.335
3.91531,2.47195,920.046
3.38599,4.10304,548.222
5.3635,3.03658,3316.12
5.91837,2.95838,5007.47
3.33973,4.43157,533.099
3.45089,4.74446,610.787
3.48951,2.03125,584.553
3.51748,5.20102,675.062
2.74716,4.30575,272.032
2.1488,3.80789,123.309
2.96334,1.51886,311.548
4.38173,3.28296,1454.84
5.08759,4.39424,2694.12
4.22571,3.15801,1255.37
6.02822,1.92938,5402.5
4.99754,4.02258,2497.09
4.2731,5.26211,1377.47
3.82677,4.78717,889.558
4.80914,4.20878,2138.38
4.8144,5.49105,2202.42
3.94152,3.55806,958.303
4.16164,2.62138,1174.96
1.82903,4.4791,100.448
4.66566,2.24819,1861.26
4.02761,4.44893,1064.27
1.86031,3.91291,87.3448
2.66292,5.76021,316.192
5.33804,2.19069,3244.36
3.36126,3.95908,529.784
3.08904,4.46356,406.717
3.00293,1.14344,326.583
3.85582,5.53853,956.334
5.48586,3.61109,3653.5
6.12903,4.55791,5838.3
3.62203,5.61795,769.339
5.78475,4.41549,4579.23
3.31238,4.18251,507.274
4.79767,4.90718,2143.93
3.17239,4.37008,441.372
4.07771,4.27051,1113.53
3.69638,5.02685,793.727
3.39876,3.29899,541.404
3.23782,4.58228,482.808
3.373,5.06103,575.563
6.19781,2.85995,6084.37
4.87422,3.70448,2244.03
4.45371,3.94446,1564.2
5.81957,3.60524,4672.95
4.55491,4.70631,1735.43
3.60034,4.45563,700.432
3.41907,5.14093,606.638
3.24002,4.32126,473.097
4.60416,4.1697,1793.29
3.62082,4.2439,706.485
5.0919,4.06342,2695.43
3.70896,4.32663,775.228
2.71914,3.64797,246.236
3.20918,4.89669,478.627
2.40173,5.39934,228.088
3.47717,5.33691,652.808
6.03325,4.33601,5456.76
4.36294,4.75319,1466.97
3.12155,3.65003,399.705
3.05638,4.18121,384.076
3.35656,4.30846,538.514
3.76693,2.87074,793.788
5.12559,4.19243,2771.86
2.18721,4.54268,149.541
5.31987,5.74692,3298.36
4.78261,3.65708,2077.3
4.60983,0.930209,1767.81
3.9778,3.28686,988.513
4.35697,4.19015,1441.41
6.6786,3.84069,8373.73
4.1481,4.33737,1190.93
4.59515,4.19392,1779.07
4.17069,3.4782,1195.41
4.32041,3.38995,1377.52
3.15119,3.32112,406.102
2.93541,3.2712,313.575
3.1221,4.93945,439.287
3.7556,3.17452,789.713
3.99673,3.70383,1015.64
5.56432,4.29913,3891.5
2.72394,3.30632,242.831
2.74662,4.8193,290.398
3.88111,4.92578,944.376
2.63261,6.88986,408.433
4.11932,4.91234,1181.54
3.44062,4.82552,608.055
4.8236,4.56818,2174.9
5.37497,4.26838,3370.42
5.37521,4.26869,3372.13
4.40938,4.09037,1507.55
3.88509,4.05845,917.425
4.54507,3.84115,1694.81
5.53962,4.11188,3815.65
2.87942,4.02989,307.253
4.70058,2.69648,1921.45
3.88565,2.89389,895.889
4.94031,4.26659,2385.81
5.44292,3.58198,3536.09
5.09619,4.01339,2701.95
2.60688,4.12866,224.459
3.75619,3.94942,803.912
4.55144,3.7216,1701.41
2.88166,4.15774,312.76
2.67319,4.59535,258.226
3.95595,4.00785,981.154
4.6574,4.29018,1881.35
3.48923,3.43697,596.791
3.83996,5.45914,935.129
3.37093,1.73094,509.61
4.53805,2.74524,1667.16
3.29976,4.53316,511.723
3.92016,4.06099,951.044
4.39538,2.62524,1464.49
3.45936,3.90432,588.295
3.90571,4.50239,950.429
4.15402,4.23757,1193.95
5.20866,2.56977,2933.27
4.30024,4.04361,1362.19
1.60336,2.94616,47.7768
4.42307,3.32827,1511.31
2.73926,2.82466,241.869
2.89523,3.36005,301.062
4.48611,4.75823,1636.82
2.89392,2.3316,289.592
2.72438,3.81026,251.441
5.36401,3.62149,3326.69
3.32345,2.83661,489.765
4.29385,5.05727,1390.44
5.62148,4.97013,4084.71
3.08401,4.42549,402.119
2.59919,6.63416,373.356
2.24732,4.31488,152.128
2.98572,5.49302,409.137
4.2536,4.95893,1337.52
3.96013,6.41315,1116.38
2.8543,3.52049,288.159
4.6292,2.51229,1805.32
3.16122,4.20505,430.764
4.28235,3.77347,1333.43
4.5615,4.37291,1733.81
4.44882,4.03273,1559.58
4.93227,3.60159,2355.8
3.64207,3.63434,707.152
2.73237,2.77581,239.183
4.10534,5.90481,1223.88
2.81779,5.71991,363.862
4.83987,4.89772,2218.44
4.51388,4.01791,1652.26
3.53562,4.46759,653.536
3.70458,4.25929,771.281
3.19769,3.5189,433.187
3.5744,2.79998,646.731
6.53001,6.07326,7714.61
1.72182,4.90186,108.384
3.75363,5.59513,871.559
3.3973,6.0978,655.921
3.3018,2.31193,474.011
3.93683,2.51974,942.143
4.24999,4.50163,1313.76
3.84699,4.80432,908.468
3.30373,4.26436,507.91
4.27649,4.97666,1367.31
4.46251,4.53499,1594.76
3.45072,4.63782,602.695
4.14254,2.72345,1154.6
5.58372,4.47097,3953.28
3.8718,4.58315,921.591
5.20251,3.84103,2936.53
3.34094,3.85778,516.196
2.55363,3.46559,197.853
3.65175,4.21157,727.852
3.64834,3.80071,715.47
5.23338,3.80831,3008.19
3.85753,4.40223,903.451
3.21797,2.85555,434.324
2.96184,5.80117,419.833
3.81489,3.82482,849.2
4.62371,4.11623,1822.27
3.90446,3.33934,921.033
4.47409,3.34841,1582.68
1.7553,6.28245,200.292
5.07612,3.45061,2647.01
3.40969,4.8424,588.484
3.869,4.5708,918.997
4.34528,3.62542,1411.39
3.5161,5.38064,682.551
2.01565,3.21529,92.2909
3.66678,2.72923,713.256
4.65436,3.45452,1858.33
3.39881,4.17308,558.132
3.53782,3.1761,624.691
4.20957,4.56814,1269.94
2.06367,3.46666,103.487
3.92091,4.23629,953.679
3.34051,4.09641,518.953
2.81378,2.60777,263.326
3.68214,2.99294,727.213
2.75285,3.52798,253.928
3.84829,2.77927,862.477
3.66907,4.184,740.823
3.96676,5.88677,1079.15
3.19409,4.70611,463.041
4.85164,4.36158,2220.41
3.15326,4.16992,426.292
1.7136,3.18934,60.6993
4.76179,2.74559,2027.85
2.63203,3.45743,217.431
3.98135,3.28472,993.087
4.6633,4.40143,1895.44
2.70596,4.131,254.839
5.08284,2.96439,2654.02
2.96998,3.4666,328.713
3.39108,4.05063,549.852
4.08768,3.07713,1098.1
4.59832,5.38673,1835.12
4.90971,2.48798,2297.24
2.16961,2.30879,105.411
3.95475,4.69218,1003.61
3.29846,6.54626,638.319
3.73307,3.27073,771.495
3.43236,2.23492,550.238
4.47851,4.6793,1622.59
3.48023,6.20861,716.164
3.87591,2.86749,887.68
4.03143,4.07856,1060.15
1.83571,3.27001,72.9273
4.55606,4.4047,1727.42
2.69721,4.93121,281.248
3.31778,3.02857,488.994
5.20892,4.91441,2987.73
4.33114,5.14449,1442.05
3.53865,4.43108,656.539
3.96457,3.89782,988.39
4.3668,3.40093,1436.11
4.87298,6.1819,2361.54
3.75905,3.20925,791.645
3.02296,4.18733,368.529
3.00844,5.09643,397.582
3.78126,4.31937,833.958
6.46495,3.31702,7283.42
5.97816,3.64087,5234.37
3.87125,3.08268,885.605
2.58772,4.52417,232.754
2.22765,4.81114,166.979
5.03303,3.25341,2552.81
4.83472,4.31135,2188.33
2.9885,2.43573,324.94
3.85913,3.83215,890.684
4.62503,4.98126,1856.27
3.76953,4.8432,843.681
3.39457,3.33762,536.595
3.15946,3.17411,408.691
4.13998,4.81445,1199.53
3.16361,3.01897,410.251
2.93352,4.51107,343.581
5.43014,3.68723,3503.44
4.64306,4.49775,1864.64
4.64948,3.67456,1853.13
3.25257,5.25972,518.81
4.41177,3.85176,1502.68
3.89186,2.58072,899.324
4.63518,3.21216,1823.47
3.32477,4.84528,539.539
5.16726,3.98567,2859.31
4.95388,4.62597,2426.02
2.60638,3.42931,209.129
5.90599,5.4033,5036.38
3.49834,3.76073,611.101
2.18817,4.57537,151.95
5.48902,3.76586,3664.63
4.94004,4.65479,2398.78
4.15712,3.41146,1179.31
3.81336,3.32574,839.765
4.28229,3.62215,1330.68
4.75964,3.795,2039.46
3.87787,2.66686,886.56
2.97093,2.98502,325.285
3.60594,4.0969,693.076
3.19177,4.69343,462.398
4.46569,4.06831,1585.42
4.66229,4.85102,1910.15
3.3236,1.62033,481.777
3.71001,3.91081,767.081
5.68018,5.20894,4278.39
4.64827,1.77001,1831.33
2.52549,3.85664,196.93
4.54591,4.66091,1720.14
3.54631,3.598,639.535
5.35791,4.99827,3355.73
4.06073,3.51648,1077.65
3.31823,3.99044,506.202
4.02755,4.096,1055.02
2.8858,3.94379,309.536
3.83237,2.83993,848.297
3.42524,4.448,581.898
4.50516,2.51958,1616.64
4.16883,3.19072,1189.63
3.6713,4.28104,745.562
2.91506,3.64237,312.985
4.30624,4.16753,1374.3
2.62826,2.47552,205.135
2.8403,4.32676,303.885
3.2637,4.78882,502.24
4.70807,3.84571,1953
4.01862,2.32917,1020.31
3.33491,2.69518,495.427
3.64601,2.17684,694.739
5.7584,4.84723,4508.79
3.81682,3.63902,847.509
5.5632,4.64023,3899.42
6.13644,4.93612,5884.78
3.45277,4.51575,601.185
3.71623,4.49194,787.538
3.18108,3.27572,421.53
2.43213,4.3466,188.816
5.87962,4.65458,4910.45
4.75556,3.56908,2026.88
2.19063,5.28676,183.469
4.36366,5.10973,1483.57
4.47116,4.67314,1610.43
4.1571,4.90657,1222.26
4.73441,2.85609,1982.02
3.92155,4.47507,962.998
2.12236,3.70928,115.735
2.26102,3.7293,138.371
3.61771,4.66885,719.024
4.13644,2.28799,1143.16
5.03343,3.45281,2556.33
4.77915,4.21741,2083.77
3.72738,3.46535,770.339
4.29214,3.37529,1336.94
4.99798,2.96708,2475.78
2.38414,2.41977,145.508
2.84828,4.69506,319.979
4.06921,3.27513,1082.61
4.31546,5.43791,1440.58
4.56572,4.58561,1746.55
3.28324,4.86967,517.229
1.9035,4.27041,101.609
2.30012,3.50262,141.438
4.1127,4.07924,1143.3
4.06943,4.48242,1111.11
5.19192,4.58598,2935.54
3.40774,2.45586,536.248
4.53156,4.47017,1692.63
3.59953,6.3485,809.101
4.43528,3.7452,1533.76
4.4454,4.01305,1555.57
2.41442,5.78723,255.143
3.73322,5.6769,858.019
3.26755,4.2098,485.051
4.19628,4.20308,1243.22
4.69348,4.10563,1933.79
3.63602,4.05523,711.144
3.65174,4.08342,725.311
2.5235,5.52334,264.427
4.52377,2.81706,1646.44
5.56547,3.1252,3870.72
2.9516,2.48659,311.684
3.30035,2.44505,474.746
4.62841,3.15546,1810.26
3.76276,4.0675,813.222
3.62336,4.65495,723.735
3.54938,4.40418,661.395
4.19091,3.44118,1218.03
4.49062,3.10965,1604.06
5.41857,4.72369,3503.67
1.99108,4.13189,108.672
1.74765,3.82947,76.9423
4.42774,3.10624,1512.35
4.05676,2.9408,1065.25
4.51878,1.67229,1630.91
2.13765,4.41337,136.95
4.79511,3.63249,2101.15
2.7075,3.93588,250.063
3.14344,2.92812,397.761
4.31078,6.17206,1486.76
3.64009,3.56772,705.368
3.70099,4.22894,766.969
5.25152,3.27234,3041.82
5.67315,3.8266,4206.13
5.42559,4.32308,3507.47
4.18915,2.64392,1208.12
1.08996,4.90685,74.0595
4.93874,4.16103,2379.28
2.89989,6.3421,439.754
4.34005,4.20601,1418.17
3.17009,4.7635,454.931
4.01872,5.21741,1089.75
3.43218,4.70041,596
4.54363,3.21734,1681.3
2.0529,4.77529,137.717
6.07993,2.81431,5607.1
4.28084,3.31261,1323.06
6.10658,5.013,5770.23
4.77848,4.89968,2108.95
4.57775,5.08165,1788.43
2.32965,3.45871,145.217
5.36785,2.93017,3326.95
4.17445,4.2886,1219.24
4.80713,4.17069,2133.05
3.9991,4.93413,1056.12
5.08164,1.95589,2643.93
3.40174,3.96108,554.385
3.50254,5.59741,687.139
5.63992,3.21991,4093.12
3.67234,2.71409,714.527
3.43634,4.20954,580.203
5.17566,3.97367,2877.65
3.96226,4.96645,1020.58
3.52244,3.91402,627.815
4.16424,2.73413,1178.08
3.20851,3.88887,446.585
2.18055,3.27976,117.746
4.2541,3.58813,1297.03
4.19502,5.20997,1282.08
4.30575,3.89706,1363.37
4.91573,4.04147,2333.06
4.47596,5.12332,1638.15
3.95872,3.10094,965.72
4.67867,3.05667,1890.31
3.89763,4.14529,930.753
4.39562,3.42005,1474.99
4.06649,3.53306,1084.63
3.03599,5.35475,422.464
3.68393,5.54783,813.342
5.56473,2.37932,3861.24
3.13322,5.12368,454.294
3.67354,3.62671,731.413
4.08271,4.14233,1113
3.71214,4.07571,771.068
3.21284,3.30305,435.843
3.22648,2.94303,440.119
4.07186,3.96004,1097.52
4.191,3.21406,1215.89
5.35884,3.92462,3320.62
4.47184,5.8899,1676.54
4.00149,3.18107,1011.19
3.5807,2.31685,646.853
3.34037,3.36886,507.372
2.72741,4.00139,260.554
4.26675,3.62783,1312.1
3.72471,3.83051,776.048
3.80807,3.90879,844.305
3.10594,2.70698,378.631
3.44834,4.45455,596.236
2.75016,5.04648,303.341
3.83138,5.42543,926.437
5.40963,5.22404,3501.71
2.75394,5.41802,321.38
2.6949,3.63661,240.928
3.49076,2.73668,589.393
4.0511,3.72101,1070.62
4.50942,4.89134,1675.49
4.95575,5.45001,2468.03
3.17853,3.40293,421.329
3.77114,3.72318,809.922
3.45119,2.88107,565.47
5.46251,2.83439,3575.5
3.06144,5.87876,465.963
4.54737,3.50156,1691.92
4.38036,2.44714,1442.12
4.32594,4.9503,1427.32
4.3737,5.0568,1494.56
2.83543,4.19459,297.75
3.5732,4.02508,668.022
3.12519,1.42743,381.155
4.06068,4.32386,1097.12
3.23976,3.86904,462.777
5.70228,4.43419,4314.44
4.08936,4.53797,1133.99
3.59478,5.09399,720.91
3.40544,3.89732,553.65
2.67875,3.30783,229.392
1.73922,2.77564,58.6636
3.1246,3.45058,398.528
3.2852,3.59921,480.618
4.35914,6.30546,1557.57
4.68084,2.37671,1887.02
1.66351,4.03067,72.0664
5.54699,3.84049,3828.82
4.68779,3.64781,1914.9
4.80754,4.30958,2138.91
2.66658,3.64164,231.875
3.58922,5.97092,771.446
3.93392,2.84355,941.089
5.99931,4.72925,5344.45
4.80403,3.94381,2122.15
5.44723,2.08044,3530.26
2.39447,3.85815,168.487
4.51712,3.99623,1655.49
4.27355,2.55359,1308.51
4.82182,3.44495,2145.31
2.63363,3.99669,228.963
5.14234,3.36459,2790.93
5.48226,3.66805,3644.73
5.97857,4.38559,5254.29
3.92799,3.04956,938.466
2.82815,3.0578,272.786
6.00928,4.53864,5373.24
3.4029,2.44709,533.616
3.72349,6.68972,937.611
4.40392,3.08307,1480.66
3.15159,2.59691,397.867
6.59448,3.94378,7937.06
5.98554,5.68427,5342.79
4.61508,3.21552,1789.43
7.02838,4.69061,10443.8
4.54699,2.95614,1683.6
4.58453,4.12706,1761.94
3.69802,3.23247,744.404
4.35658,2.61759,1412.3
5.10689,3.86143,2720.9
4.37489,4.37535,1470.09
4.86202,4.91047,2260.49
5.02819,3.78189,2552.97
1.94419,2.72605,77.9114
3.03089,3.3172,354.759
4.03058,5.2527,1104.15
4.66988,3.93136,1889.23
3.81669,5.6029,922.319
3.91413,3.72241,933.503
3.7427,4.28904,801.114
2.07809,3.83267,112.794
4.45375,4.82542,1592.71
5.33475,4.11884,3266.47
6.79792,5.02505,9072.67
2.41917,3.9665,174.542
1.60149,3.38474,56.8168
3.5012,5.49769,680.124
1.65501,3.94708,69.8012
4.44589,3.36736,1543.38
4.64546,5.05326,1892.33
2.86406,4.04599,302.447
5.48947,4.02757,3672.05
4.37346,3.29324,1441.53
3.3963,4.39102,564.472
3.31915,4.7199,530.169
3.26867,3.70972,473.874
3.67815,4.31737,752.296
2.32863,4.35212,168.763
4.96986,4.05327,2437.59
3.33002,4.19717,518.848
3.90853,2.84383,915.222
3.8494,3.947,883.399
4.4839,5.45433,1667.82
2.47533,2.91862,168.942
3.49079,3.47603,600.123
4.89514,2.18363,2265.93
4.55129,3.64326,1699.42
4.8457,2.76272,2177.69
3.17118,2.85513,410.711
4.9197,1.76846,2312.55
3.41175,3.80075,557.032
4.64701,3.91467,1855.79
3.7093,4.96941,801.886
4.84698,5.77586,2281.28
1.9777,5.17482,146.638
4.69136,2.49014,1904.57
2.53745,3.72246,199.026
5.3821,3.8075,3378.33
1.66384,3.88299,70.0672
2.83348,2.42184,268.984
3.70116,2.92143,742.856
3.07709,2.95962,369.175
5.38042,5.21193,3422.77
3.07281,3.13585,369.004
4.31712,5.76948,1462.32
3.01104,4.42337,370.428
2.83973,4.65241,314.857
2.85943,4.369,310.737
2.55162,3.47657,197.496
4.24352,3.66245,1283.62
3.40953,2.24214,534.673
5.20526,3.53017,2935.5
4.14886,4.18278,1188.67
3.95,2.48282,952.477
4.98059,2.97883,2439.06
2.14685,3.20364,110.51
4.04887,3.19572,1058.85
4.83728,3.40532,2170.61
3.76269,3.12066,794.314
3.17698,3.8028,428.6
2.65596,4.13925,239.715
3.66969,4.14867,740.222
4.19308,2.61072,1209.86
4.19412,3.96899,1233.99
4.1413,3.09776,1158.01
2.41907,4.43251,190.056
4.72629,3.51676,1974.89
5.0809,2.08197,2643.14
5.08231,3.81433,2666.73
3.51516,4.41505,638.492
3.2932,4.54011,509.962
4.64634,4.32725,1865.34
2.96693,4.29782,350.422
3.85655,4.25643,898.839
4.65487,3.30623,1853.97
5.3974,5.48087,3482.44
4.61896,4.92884,1842.65
3.68379,5.13205,787.967
2.65051,3.08095,216.507
3.2017,5.67547,517.073
3.45561,4.22852,594.048
2.952,3.97379,334.084
1.55281,5.66812,136.462
5.01925,3.78726,2533.8
5.32522,5.13581,3277.65
5.7995,3.96593,4615.87
3.88123,2.99557,893.962
5.78782,4.31654,4586.64
4.81136,4.82809,2163.16
1.66199,5.47544,130.486
2.83236,5.21515,338.005
4.19308,3.30204,1218.39
3.65061,3.37387,709.233
1.70582,3.80552,70.5619
2.67388,5.16825,286.444
3.02259,4.40772,376.241
5.26649,3.61399,3082.56
4.28729,3.05949,1329.49
4.573,3.30441,1726.28
3.8678,4.00761,900.109
2.61005,4.16789,227.707
4.03835,4.36009,1074.3
4.59887,3.48071,1769.14
5.44172,4.63864,3559.47
4.73991,5.24393,2058.09
6.53588,4.50927,7658.48
3.36223,3.94844,528.77
4.99182,5.05161,2519.93
4.37517,4.2765,1467.45
4.2539,4.03998,1304.66
3.30133,4.10892,499.428
4.0623,6.67607,1246.44
4.8817,3.81779,2261.62
4.7078,3.85841,1951.96
6.18849,4.41507,6076.67
4.54487,4.22724,1704.24
2.76733,4.01116,269.764
4.70701,4.63977,1975.62
1.96405,3.67343,94.0178
4.66017,3.98471,1876.95
3.68854,3.90936,748.948
5.94565,3.12967,5107.06
6.00671,2.87509,5329.53
3.14589,3.63575,410.786
3.15237,5.81836,505.558
4.60372,5.87995,1877.09
4.91472,5.35303,2383.7
5.18036,4.41161,2901.08
5.6193,4.23603,4052.62
2.79019,4.19643,283.253
3.54613,4.22792,654.539
5.08155,5.10828,2708.62
3.4654,4.44541,608.252
3.71125,4.28434,777.295
3.36195,4.05131,532.367
3.22799,3.39785,445.92
4.9207,4.70005,2362.66
3.29461,3.30372,479.998
1.89793,3.15404,78.432
4.05085,3.47785,1066.95
4.655,2.64069,1847.57
3.57488,5.81604,750.501
3.49152,4.90618,642.071
4.21012,3.54343,1242.13
4.01065,3.33244,1022.15
4.34311,3.00304,1398.41
3.72867,3.90432,779.993
4.78771,5.56159,2161.27
2.5644,4.57481,228.823
3.21933,3.80123,450.13
4.14401,2.57295,1154.02
3.69565,3.43667,744.923
3.40049,4.09557,557.594
3.16118,2.40612,401.813
3.28032,4.24943,492.74
4.17589,2.99627,1195.31
5.41721,3.28145,3459.69
2.8803,3.15316,290.719
5.19926,4.42987,2944.57
3.79388,4.50251,850.007
4.27348,3.6742,1320.57
5.24584,3.95989,3042.26
4.19816,5.2679,1287.43
2.21427,4.44331,150.159
4.02083,4.46032,1060.92
4.53384,6.68079,1839.52
4.62598,3.46119,1809.92
3.76634,3.35465,800.018
2.94397,5.70106,407.893
4.04609,3.64366,1063.95
3.38405,4.03221,545.782
2.61432,4.67569,246.325
5.61392,5.52366,4093.63
2.47247,3.91637,187.166
1.8845,6.08121,194.106
5.05004,3.27726,2588.35
2.54963,4.92702,238.576
4.96232,4.33673,2431.2
5.20861,5.41917,3011.86
3.41981,4.57863,584.221
3.08426,4.43193,403.134
2.63429,4.54561,246.213
3.47001,3.22761,582.048
5.20843,4.77605,2980.38
3.58578,4.20253,680.542
2.98295,2.02521,321.893
3.54336,3.58638,636.998
5.31591,3.83308,3211.48
5.42116,2.53902,3464.23
5.00556,4.6214,2527.28
3.13656,4.53718,428.457
3.09564,3.85289,390.669
2.97327,4.22767,349.624
4.20708,4.88655,1280.48
3.53961,3.07095,627.893
3.6181,3.06511,682.167
3.35761,6.11898,633.907
3.27883,4.95759,518.458
4.21492,5.48884,1320.41
4.53418,4.44507,1693.28
3.4859,3.30561,593.974
4.34554,3.5247,1409.15
3.0887,4.24419,397.679
5.03124,2.95988,2543.75
5.0858,4.06357,2679.77
4.14579,5.64638,1250.75
6.11448,3.07936,5746.19
5.63086,4.18077,4086.3
4.20675,4.70776,1270.19
5.62707,3.30881,4056.73
3.48528,4.1618,611.444
3.92744,2.69885,932.091
4.3357,6.05502,1505.16
4.93041,3.12865,2343.44
4.70261,3.67229,1939.28
3.28488,4.69367,510.316
3.21997,1.50927,427.728
5.17868,3.7326,2879.35
4.72329,4.50786,1998.89
3.57727,2.21771,643.412
4.79068,4.48591,2114.34
4.72802,2.15917,1964.82
3.15142,3.23445,406.194
3.97128,4.3856,1009.36
5.47372,4.03118,3629.95
6.16168,5.50443,6016.95
4.59356,4.61865,1790.06
3.05986,4.19245,383.228
4.24552,3.49638,1283.88
3.12316,5.39643,462.81
3.3702,4.27324,544.199
5.58517,3.61903,3937.79
4.03847,3.29171,1049.42
2.67326,4.36041,250.551
3.77037,3.64181,809.095
2.68385,3.51982,236.536
4.36228,3.67204,1434.65
2.70948,2.94388,233.174
4.81664,3.71974,2139.99
1.05251,3.85407,37.908
4.74515,3.36204,2006.37
4.97004,3.78039,2433.21
2.49253,4.58287,211.443
4.35556,5.30444,1483.64
3.14789,6.08533,522.87
3.98419,3.40416,996.526
4.30665,1.63486,1341.92
3.72871,2.79725,762.032
