3
3.67354,2.3386,12.3553
2.13524,5.95218,24.497
4.3146,2.01022,22.391
3.54841,2.11083,11.0177
4.19505,4.22214,24.4385
3.44312,5.96656,24.8456
2.61522,3.86302,11.9808
3.38512,5.10771,20.9256
3.89077,4.05338,18.891
1.38205,3.10545,8.54106
1.14549,2.5803,6.5952
5.00335,4.13412,39.5293
3.80052,4.82436,21.5264
6.33788,5.60688,96.8155
4.89149,3.68916,33.4629
2.67663,3.68006,11.5907
4.36726,3.68952,25.6115
3.70126,3.31653,14.5756
4.09556,5.45632,29.3204
5.20875,4.429,46.9971
4.40788,3.90885,26.5867
4.48173,4.12377,28.2022
4.79207,5.71628,43.9847
3.1528,3.45379,12.5133
4.43422,4.25526,27.2147
5.06873,4.91284,44.7729
3.36387,4.4273,17.5705
4.58614,4.49039,31.8658
3.591,3.25074,16.1753
3.11593,2.30324,8.5786
3.88009,4.57403,22.833
3.07683,3.52453,11.7361
4.03088,5.15047,27.7199
3.96518,5.57216,28.1963
3.8807,5.18285,26.3135
2.51993,3.27722,8.93255
3.00532,4.0857,13.4127
4.331,5.28259,32.7474
4.97726,4.97475,41.1023
2.24037,4.86834,15.2535
4.96181,4.52651,42.1498
4.78012,4.30389,35.0082
5.19434,3.66842,42.2363
3.55266,3.51558,16.1054
3.63635,5.43867,25.5256
4.53316,3.32432,25.4066
3.98785,4.72064,24.5452
5.44639,3.71654,49.3652
3.02159,4.63361,14.6845
4.74317,4.73599,36.0927
4.89389,2.75503,31.7174
4.73425,3.09935,32.1912
4.7575,4.02819,32.0725
3.79829,2.34076,15.6743
3.43574,2.86097,11.5094
3.54718,3.81473,17.6429
4.06454,4.05842,22.2915
2.27912,4.61007,14.5722
5.5307,4.08447,53.7896
5.5006,5.63802,61.15
3.86538,1.73182,15.172
3.79702,3.68302,17.0537
3.08844,5.17725,19.38
1.54595,3.87821,9.94838
3.80529,3.4267,16.453
4.37011,3.83954,24.7627
4.25148,4.37653,25.5603
3.79227,3.27192,15.0466
3.00834,5.33659,19.7634
2.17929,4.26541,12.738
4.79951,4.9123,37.3412
5.0249,2.46725,34.5111
5.14366,3.29852,41.4894
4.33847,4.32593,26.3673
3.25993,2.97141,10.9344
3.90246,4.82292,24.5983
2.26006,4.65633,15.0641
5.45694,2.38521,47.026
4.42395,4.20464,28.5414
5.18515,2.59862,38.6205
4.35291,3.34914,22.5375
3.23735,5.23294,19.6608
2.7447,4.91061,16.7883
3.30795,4.62144,17.3275
4.81418,3.91787,33.493
5.85085,2.33952,62.2087
2.50317,2.72368,8.45486
4.71529,4.65985,33.3465
5.76937,5.07611,66.6406
5.52159,4.64977,54.4176
3.40042,4.65626,19.2202
3.16914,3.28057,11.7388
4.72345,5.83344,43.4786
3.15567,4.71695,17.0628
4.17658,5.34708,30.2412
2.36675,3.49114,9.91292
4.06997,4.00146,21.8702
3.90362,3.63878,18.8786
4.58995,3.46047,27.9042
4.42463,5.48778,33.9623
4.09727,4.26251,22.8674
5.44642,4.87885,54.4897
3.50246,2.62729,12.4434
4.29323,3.61422,23.8951
4.34179,3.60255,24.2833
5.41932,3.32335,49.2192
5.60298,2.51039,51.5906
4.02855,4.00386,20.4552
3.68061,4.39825,18.1859
4.7376,5.11272,38.3518
3.48872,5.52695,23.9616
4.63105,4.90713,34.5628
4.99516,4.28461,37.9458
3.16223,3.51335,13.0128
4.07524,4.89152,26.5558
3.06706,5.42514,22.4192
3.16269,4.45235,15.5689
3.69789,5.71651,27.4288
4.05658,5.76507,30.4885
3.22682,4.05591,14.6598
2.57737,2.97281,9.16675
3.12627,4.31708,15.1655
4.06063,4.49586,22.7459
5.14639,5.26372,48.5211
3.0079,2.44081,9.09561
4.34166,4.91295,29.702
2.6626,4.05646,14.5126
4.87147,3.75062,35.2847
6.29604,4.01012,88.1549
4.43922,5.03821,32.0547
2.08167,2.68323,6.84923
3.05466,4.64019,17.3349
2.99299,2.33794,8.57746
2.92751,3.81949,14.3652
2.02715,3.90543,9.56583
4.656,2.78778,27.0954
3.02796,3.72494,14.1129
5.49291,3.28127,50.8048
3.78561,3.96935,18.337
2.99863,3.10965,10.2443
3.5284,4.91569,20.4126
3.72097,3.96647,19.5351
2.554,4.15785,13.7809
3.82132,4.20704,20.4138
2.48515,3.5529,10.4151
4.51838,5.69912,37.727
4.40178,4.89037,28.2996
5.41153,2.78462,45.0166
5.10425,5.69882,48.8408
4.37794,3.26595,23.6101
3.23724,5.12277,18.1328
4.51635,5.22653,33.854
4.33654,4.26899,26.1716
3.69767,5.97123,26.6718
5.93891,3.48908,68.5164
5.1827,4.6157,47.4716
5.17495,2.30444,37.8622
4.15199,2.54767,21.0633
4.24748,3.22484,22.5528
3.2351,2.6398,11.1596
4.12986,5.85453,32.2446
6.7862,4.32118,118.199
4.23666,3.85901,23.8944
4.21902,3.89122,23.9827
5.67012,3.25557,56.9406
5.92095,3.26499,66.1956
4.51607,3.77699,27.2041
4.23308,3.42082,22.6281
3.43205,4.02595,15.1466
3.50739,4.36145,18.4699
4.7859,4.92236,37.6336
4.25403,2.70716,21.5218
4.54733,5.81898,38.0961
2.98852,4.66845,15.0605
4.25859,5.14646,29.6516
3.33344,4.51931,17.5476
2.93969,5.64034,20.8328
6.46064,3.64255,93.6254
3.02833,4.63898,16.9438
1.60284,2.59743,8.99053
2.26455,5.79575,21.0183
4.44335,5.45842,33.3999
3.72534,4.10912,17.2901
3.21753,4.27706,16.0308
3.8424,3.61364,18.756
4.23506,2.82566,20.027
3.85403,4.97425,23.8359
5.40526,3.9734,49.642
3.20542,3.08007,11.9045
3.86168,4.63,20.6251
3.07601,5.17241,20.1882
3.49615,3.63545,17.3241
2.601,3.69177,12.243
6.25231,3.43646,83.4167
2.84497,4.80301,16.7953
3.76028,4.0158,20.532
5.45919,4.09306,52.2968
5.21833,3.94477,44.9778
3.4567,5.60167,25.1725
2.10895,4.36972,12.193
2.88986,2.01137,8.41105
4.82947,4.34741,34.8573
5.80414,3.21889,59.4318
3.36709,2.65653,11.0826
4.11638,4.77621,27.2349
4.51283,4.09838,28.4048
3.40234,1.23014,9.67172
3.52486,5.18497,23.35
5.03083,4.88805,43.8715
4.88959,2.88741,34.1301
4.27482,3.88963,24.2518
5.86953,4.29466,68.6443
5.51774,2.69478,49.5908
5.74138,4.01963,60.5647
4.63705,3.42778,29.4176
5.12083,3.58203,41.2837
3.06414,6.20572,24.3857
3.30268,3.12471,13.6049
3.15201,4.92513,17.4252
4.46873,2.8423,25.2196
3.71091,5.20422,23.983
3.53406,4.97826,21.2836
4.23612,3.1313,21.0016
3.06891,5.25564,18.9654
3.1744,5.09885,19.091
4.75107,3.78419,32.9371
4.49001,1.93357,23.7835
4.10785,4.1279,22.6111
3.75711,3.83085,19.6065
4.14791,5.72806,33.0589
3.83798,5.23198,26.1147
5.64937,4.88224,61.9494
4.82384,4.87269,40.6404
2.38442,1.90074,5.58952
4.43014,5.7424,35.5464
3.58753,4.12931,15.7026
3.58596,2.08409,11.3705
3.67886,5.94906,29.2067
4.49467,2.78071,25.3004
5.82491,5.16948,70.6399
4.24726,3.61698,23.6661
3.76832,4.34023,22.597
3.56025,4.11935,18.2539
3.82828,2.54914,15.5082
4.69512,4.3759,32.709
4.26317,4.08056,24.252
4.15777,5.57371,29.6883
4.13076,4.08602,23.6534
4.74104,4.37324,33.8027
2.9636,4.2668,13.4519
4.11252,4.96881,26.8092
4.46494,4.33397,28.5455
3.13399,2.66266,9.8219
3.408,3.42804,12.0481
3.24852,3.59717,14.86
3.97291,4.10054,22.3475
2.19075,4.10731,12.7854
4.0995,1.54425,17.0845
3.90522,4.18653,20.4211
3.85521,4.84828,21.8392
5.75108,3.58682,61.9878
2.96075,2.9652,10.7886
3.90639,3.66629,19.4602
3.49199,3.28458,13.7415
2.35069,5.10422,16.0024
5.71175,3.46094,56.9423
4.12048,5.87174,33.5134
4.92778,5.39672,43.573
4.46242,4.35855,29.0813
4.94962,4.22042,36.8743
2.05448,5.6561,19.7086
0.547578,4.42181,11.5735
3.22021,3.37246,14.4901
3.53491,4.48704,19.0865
3.33154,6.84647,30.7569
2.24902,5.24629,17.78
5.05115,3.95915,39.6832
2.70822,3.71186,13.3048
3.22959,2.76806,10.8824
3.73059,4.31902,20.3411
5.43802,5.14065,58.2601
4.69924,3.46908,32.6524
3.85541,3.9646,19.6187
3.19509,4.14788,14.996
4.726,5.12988,38.69
3.4666,3.8668,16.384
4.34414,2.77355,23.6772
4.3363,3.52841,25.4659
4.31422,1.31424,17.7996
3.53878,4.03973,17.4291
1.62889,4.39248,11.4114
5.3034,1.4022,38.9216
3.42191,4.60317,19.2892
4.2396,5.16538,29.1207
4.80939,4.87337,38.0911
3.32047,6.41865,28.756
4.15535,4.41602,25.8682
4.0487,3.20012,18.5243
4.7888,3.65618,33.0414
4.32885,4.0549,25.3949
4.72294,5.10792,37.069
4.91605,3.07873,31.3331
5.36948,3.3976,46.2444
3.92138,3.03946,17.9075
3.64872,3.94934,19.0082
4.07291,4.47587,24.9743
4.49956,4.01836,27.2592
2.32496,3.14985,7.26418
4.4687,4.15735,26.7842
4.34267,4.21088,27.5999
4.16992,4.2214,23.818
4.00983,1.87012,16.3927
3.8292,5.19533,24.4474
3.80924,3.20411,16.8751
4.33226,3.35909,23.7678
4.7866,3.0425,30.0926
5.5896,2.37287,51.8328
3.08225,4.5692,19.1297
4.30506,4.33046,25.5864
3.16335,4.77504,18.1726
3.14203,2.34141,11.4491
2.21504,5.82999,21.8932
3.69473,4.97427,22.1081
6.04263,5.48675,81.3784
2.60193,5.19231,16.2456
3.37606,4.73471,19.8493
4.42104,5.64199,36.3524
5.17493,4.2963,43.7173
4.974,5.15517,42.0308
4.39155,3.99834,26.7135
4.26434,4.61133,29.0369
5.24456,6.44413,56.9951
3.09377,5.79006,24.7464
4.35947,3.37611,22.0681
3.67703,3.00193,15.0656
3.7312,5.52472,25.0246
3.87962,5.60445,28.521
2.41359,4.38231,12.3097
2.91181,4.15983,12.6062
3.99286,4.90087,25.6201
5.14428,5.07785,47.0318
4.66594,5.05889,34.6677
1.9523,5.02759,15.2385
4.47902,4.3414,27.7418
4.99455,4.31172,40.8347
4.47337,2.74035,23.8382
5.23211,2.41268,39.6555
4.66246,5.74887,37.7551
4.23567,3.99892,24.7898
3.98819,1.47733,14.4291
5.27052,5.15621,50.7018
1.89909,4.91299,15.9908
3.08198,6.12803,26.1864
3.71049,2.17903,12.9333
5.89675,4.19093,68.1666
4.10264,4.28695,25.1169
3.22069,5.1311,19.7254
4.60408,2.82434,26.6097
2.34261,3.98122,12.2388
4.1422,4.0956,24.0529
4.43589,2.15642,21.9973
4.08235,4.02729,21.7691
5.73129,5.1834,67.751
4.75853,1.9756,28.5624
3.17893,5.72329,24.3383
3.42124,3.54644,12.3885
6.3953,4.53884,95.4585
4.42939,3.36902,25.4602
3.89936,3.45431,18.7034
5.18954,4.5962,47.1685
4.51175,3.8148,28.1142
5.90316,3.84963,70.0561
3.59467,5.27246,22.3039
3.34652,3.33153,13.6705
3.72342,4.18621,17.7632
2.966,6.27447,26.4306
3.05164,2.76618,10.1653
4.17973,4.51432,25.4306
3.76339,3.75826,16.8315
3.62078,4.22652,18.2466
4.41308,5.4932,33.716
5.3825,3.79287,47.2437
5.46599,4.3047,54.6936
3.22857,4.39339,17.8947
4.58663,3.85664,29.8545
3.6995,4.4126,19.8161
6.02598,4.27967,75.9624
5.39698,3.13838,46.7258
3.56116,3.21489,14.5157
4.5716,2.99554,25.8094
4.16542,2.96455,19.7234
3.50373,6.37519,29.3076
2.79719,3.8579,12.9796
3.41224,3.77244,14.3604
5.13716,4.97414,45.2912
6.11663,2.33657,74.747
2.51582,5.40276,19.3828
4.02888,4.46749,22.7389
2.05704,2.65723,6.06467
4.10989,2.3311,19.286
3.13311,3.06318,12.9519
4.34458,3.63777,22.7172
4.58659,3.22328,27.6629
3.83931,3.48561,17.4982
4.73882,4.58795,36.4989
3.98311,3.42056,19.7252
4.01528,5.23846,26.7713
5.51456,4.79449,57.3271
3.93172,3.28197,18.2481
4.20989,3.79185,22.4979
3.95929,4.33809,21.4779
3.49374,3.90407,17.5813
1.90923,4.03906,11.9009
3.31144,4.37238,16.8092
4.5195,3.5613,27.176
3.70704,3.42744,15.2059
3.36298,4.71699,17.1061
4.51283,2.50892,22.7008
4.71865,3.19264,30.4503
3.7476,3.29915,16.4646
3.7977,4.36356,20.4377
2.72754,2.8557,10.6107
5.10757,3.40106,37.9127
3.81621,2.93163,14.3591
4.1343,3.75637,22.6878
3.43754,2.48077,10.8743
3.75493,3.29835,14.5788
5.32902,6.46615,61.8279
3.46426,4.02905,17.9977
4.02704,5.78297,30.3292
3.95926,5.33351,27.0536
2.71265,3.60126,9.66505
4.5478,3.39462,26.3519
6.36914,4.49525,93.8457
2.9038,3.72837,13.1952
4.16172,4.12406,22.473
3.39087,4.12941,16.642
4.99494,4.69443,41.9285
4.99998,2.97258,32.6226
2.51251,3.40457,10.3883
4.9837,2.74916,35.1398
3.03325,4.16305,16.8657
3.71363,3.62143,16.1841
4.75212,3.37628,30.8614
4.55928,3.26198,26.0328
4.45697,4.49815,29.345
4.19499,3.51368,22.058
3.84983,4.22846,20.4556
3.26515,5.13101,20.772
3.00148,2.99822,11.7202
4.73685,5.32105,39.3112
4.14948,4.36433,24.1599
5.71941,4.24497,60.8618
3.76602,4.03141,19.9541
3.31047,4.73587,19.0499
2.83827,4.57172,15.7487
4.9031,3.95236,36.3082
4.8343,5.33315,40.7581
3.70128,3.68496,16.9314
4.7083,4.59743,37.8339
4.28641,2.91411,22.9443
3.97561,4.65613,24.1284
3.60576,4.42465,18.2712
6.03791,4.9026,75.8609
2.87616,3.84769,12.0944
1.63694,4.5055,12.3068
5.38425,3.90965,49.8
3.27616,4.45094,16.9189
4.62876,3.26034,30.0515
2.6111,2.89702,8.94608
3.54621,3.55329,13.71
4.31287,3.34869,23.3152
4.77036,3.13855,29.8339
2.53161,3.31229,11.479
5.42996,4.94917,54.6677
3.54937,4.81364,20.568
3.34199,3.49906,13.9282
4.6992,4.87614,35.7941
4.22452,3.82824,24.463
5.55031,3.27731,50.51
4.83879,4.7855,38.6521
4.77903,4.33415,34.3152
4.8347,4.26242,36.463
5.58696,6.74292,69.1118
4.83267,4.4671,37.4393
3.21883,4.16931,14.7535
3.53217,3.39713,13.1901
3.65812,3.40048,15.5605
2.31959,4.93494,14.4601
2.6377,4.26011,12.2577
4.67761,3.5334,30.0187
2.94855,3.68897,11.6443
3.72758,3.50467,16.2069
3.43468,4.4166,17.3332
1.91389,3.97538,11.345
4.11179,6.00118,32.6568
4.6271,4.24703,30.169
3.94916,5.20818,25.7764
4.33565,3.97712,26.2417
2.21357,2.93673,8.67349
4.97308,2.19002,34.5387
5.81639,4.81104,68.0807
5.06564,4.37637,41.8593
3.83902,2.53023,15.3037
4.96168,3.30759,34.5669
3.74345,2.63133,14.3904
5.87874,3.18472,65.7335
4.36232,4.11769,26.1478
4.41694,2.04754,22.7491
5.34242,4.7605,50.5054
4.41661,3.2838,25.1737
3.999,4.48015,24.6954
1.72114,5.05312,15.6279
4.83616,6.07541,45.2605
4.87067,4.14218,36.3578
3.88789,4.07634,21.9326
4.08763,4.0751,20.7723
5.72833,5.04686,65.7194
3.41248,4.73027,18.9675
5.26532,2.76342,41.8724
4.75759,2.27889,26.7667
4.12076,4.26341,24.0045
4.32287,5.11171,30.9216
3.70247,4.39706,19.5282
4.16,3.0069,18.683
3.61295,4.22235,18.3781
3.63038,4.2499,18.5063
6.07543,4.01032,76.3915
4.07786,4.19897,22.3381
4.03959,4.2845,22.5488
4.14126,3.66138,21.6723
6.26075,2.08703,79.866
1.57274,2.51031,5.4304
5.22306,4.02903,45.8021
3.44167,2.36353,11.432
5.35513,3.32742,47.4457
3.44295,3.69881,14.8384
2.80714,3.28125,9.22912
4.2507,3.57816,22.7293
1.73793,3.0708,8.39839
3.5626,4.44138,18.3029
3.22528,3.84035,15.9
5.25346,4.77493,48.2999
2.5067,3.99228,11.7342
4.08282,3.36001,19.9662
3.53899,4.86088,20.2077
4.06802,6.42938,36.1506
3.54371,5.07846,23.1073
4.41334,5.00135,29.2464
3.12043,3.31539,11.3901
3.18017,5.47975,20.6504
5.15076,4.30548,43.4603
3.81996,2.39657,13.69
3.92197,3.18895,15.6015
5.34992,4.17679,47.5481
4.60842,4.4174,32.812
4.21638,3.36507,23.8391
5.47373,3.75404,51.4618
6.29906,3.24252,85.8425
3.27769,2.69555,10.2363
3.94726,5.10507,26.2387
5.39782,3.74764,47.6713
3.60087,5.33763,22.9874
2.24851,3.02892,8.74185
5.94074,3.15911,67.5563
3.9927,2.77967,17.6388
4.0009,3.11728,16.3104
5.07309,2.79694,37.312
5.50687,4.65954,56.0476
2.27956,4.00841,12.1205
2.7182,3.15901,11.6597
4.47949,4.18142,27.2187
6.55111,1.43003,95.636
5.45584,5.20341,58.1432
4.92958,3.54525,34.3442
2.86619,3.12538,9.61474
3.56532,5.19264,21.5349
3.64509,4.82901,19.1198
3.36281,4.97629,20.8058
4.13557,4.23515,24.2911
5.21224,4.57702,45.9096
4.08301,4.53839,24.1781
5.1618,4.01694,42.2464
3.05103,4.00226,13.7011
4.17617,4.80006,27.314
1.74174,4.45698,14.1857
2.8298,4.01744,13.8378
5.60308,2.88737,53.1077
4.45076,3.30784,26.1643
4.42796,3.54322,26.3959
3.56008,3.30633,14.645
3.93418,3.44675,17.4192
4.42973,5.39399,33.9893
5.15266,3.89806,43.333
4.8446,5.26728,40.8551
5.41471,3.76238,48.6881
3.82904,4.34624,20.3704
4.57995,3.48643,27.8765
6.1001,5.04295,80.7687
2.53096,4.40903,13.7986
3.04241,2.85248,9.86548
3.92444,3.88312,20.257
4.19564,4.95199,27.3939
3.09521,1.92339,8.10876
4.10579,2.36481,18.4814
3.20328,3.39718,11.9317
3.03933,2.2523,6.73481
3.37768,3.89941,15.6238
3.26417,2.86073,11.167
3.50167,3.97618,16.3418
4.51428,5.39774,36.1681
4.29129,3.07693,20.2719
4.54779,4.5481,31.8631
2.88307,4.16688,13.8516
4.74163,3.2237,31.3828
4.64298,5.05972,35.3954
5.6045,4.0435,54.1168
4.22713,3.87493,24.4968
4.37425,2.08822,20.8127
2.97725,3.78964,12.8603
4.27518,2.74603,18.242
3.91698,4.35616,21.8632
4.38064,5.38222,34.185
3.2375,3.86808,14.6938
1.80637,3.42937,8.11425
3.66166,3.3125,15.7096
2.58343,1.45719,5.24719
5.17891,3.87388,41.9341
3.7011,3.47004,16.3304
3.43231,4.72473,19.2539
3.20633,3.19318,11.0164
2.60917,3.6964,10.5168
2.98217,5.2164,21.1612
2.20984,4.60779,13.9196
5.84747,2.55917,62.6383
4.17208,3.51718,21.2193
3.09515,3.61838,12.3357
2.24129,3.59436,9.42599
2.62595,3.57899,11.5738
3.26704,2.71426,11.1086
3.74996,5.14633,24.6438
5.23794,1.61696,38.116
2.61308,2.50336,7.58341
5.67324,2.93158,55.474
3.82264,3.78166,18.5774
3.89046,3.88514,20.4245
4.87329,3.51949,32.8493
4.16312,2.33438,17.555
3.9243,4.14195,20.6898
3.88526,3.53685,17.1004
3.21512,1.74452,9.40693
4.8859,4.54778,38.7179
3.36383,4.13411,13.8628
5.2566,4.90205,49.3808
4.06803,4.94351,26.2728
5.26615,4.17713,45.5729
4.20758,4.20445,24.7749
4.18119,3.75497,22.0982
6.62571,2.94465,103.335
4.69698,4.86533,33.997
4.68691,3.93101,30.5948
4.11046,3.96557,23.7987
3.66483,4.84217,21.1888
4.00481,3.96469,21.5068
4.22044,4.96199,27.913
5.30241,4.52965,50.0183
3.62494,2.61506,11.6762
4.52105,4.52473,31.3205
3.45886,4.73025,17.8445
4.66438,6.28778,42.1231
4.91676,4.0504,36.8591
4.68055,3.90219,31.9694
2.43838,5.19235,16.4302
2.95531,4.4449,13.8323
1.77455,3.85786,11.3766
3.9006,2.31921,13.9407
2.13168,2.80923,7.77204
3.56503,4.13098,17.6157
3.96539,2.29353,14.1816
5.58149,4.65764,59.4932
3.67372,4.49317,20.6047
3.44954,5.20997,21.7313
4.47395,3.84872,27.1974
4.11398,5.16834,28.2287
4.63851,4.00956,28.8726
5.05115,4.01789,40.4444
4.79484,3.00295,29.5285
3.03116,3.7976,15.2981
4.10418,4.80325,26.0412
3.42017,4.62789,18.2121
4.12085,4.31116,24.3366
6.39482,2.67446,89.9394
2.86278,3.92925,12.9656
4.53439,2.29837,22.8256
1.45857,1.81542,6.16913
2.86587,4.51556,15.6746
4.74014,4.55966,35.0141
3.77195,3.93999,18.993
5.01622,3.35155,34.9598
4.23984,3.1147,21.3658
3.75667,3.75966,18.3619
4.39265,4.76418,30.3248
3.48984,4.82202,19.0926
2.11128,4.39613,13.3356
3.72249,4.05289,18.5801
3.51686,4.2462,18.7766
6.72857,1.49627,107.81
6.07787,3.68013,77.5788
3.84176,3.43614,16.4866
4.48124,3.95395,27.9529
4.29585,3.54422,21.7093
4.57168,2.74866,26.0531
5.05586,2.52797,37.4779
4.94116,3.99164,36.8406
3.79539,5.01292,23.3223
3.12027,1.5316,9.54481
3.41569,3.49123,13.2212
3.6936,4.80096,22.3178
4.24098,4.29466,25.9086
4.40689,2.14484,21.3403
3.49497,2.87549,13.0083
4.16921,4.96008,27.2859
3.94776,3.28875,18.0055
5.6859,3.21426,57.0946
4.213,3.60347,23.2791
3.03179,4.29906,16.3226
2.45262,3.93198,12.5801
3.7349,5.76022,27.5542
4.95727,2.17339,32.3935
3.8587,3.75231,18.7421
4.45224,3.66317,25.0159
2.0981,5.21428,18.7063
1.90861,2.12541,5.63803
3.59765,3.90785,17.505
3.75514,3.56964,17.9225
2.69815,3.44043,9.46743
2.93184,3.94355,11.5178
3.89758,5.93471,31.1243
3.4717,1.57658,10.0249
4.33162,3.56975,24.1384
4.74984,1.34321,26.3972
3.93652,5.9881,32.4829
4.14233,4.65861,26.8087
4.02419,5.06595,25.9239
3.43006,3.17416,13.0298
5.52268,5.03312,59.7137
2.16395,3.41541,9.18902
4.54983,5.03002,33.816
2.19665,3.8888,10.1316
4.39622,4.48125,28.0743
3.94584,4.18958,21.689
4.99484,2.87361,36.9262
2.19398,4.42474,12.5443
5.60356,4.66758,57.3486
4.17063,4.71523,27.1941
4.78338,3.31147,29.8305
3.7963,4.77384,23.0113
3.49888,3.56143,15.0707
5.55159,5.24223,60.4432
3.22631,4.55706,17.4713
4.37235,3.72499,24.1726
4.70593,2.40987,28.2582
4.89211,4.66389,38.8343
2.38113,4.44321,11.4422
5.11513,4.38194,43.5578
3.91703,3.55781,18.756
5.18513,4.45807,44.9575
3.39388,2.26944,9.9861
2.56212,5.77994,21.3698
4.12944,4.07479,25.1155
4.03695,4.15178,21.4077
3.61559,2.37852,13.9478
3.37267,2.73967,10.3132
4.74002,4.53348,34.3957
5.98777,3.26998,69.8137
3.65375,4.77346,22.5821
5.42209,3.36601,49.5611
4.0329,4.41594,22.3256
4.26655,4.26995,26.2872
4.88867,4.42636,37.719
4.09443,4.39002,23.6646
3.98503,3.8071,19.573
3.05801,2.33834,11.5621
4.33589,3.36311,21.8497
3.97612,3.4654,19.5188
2.09229,5.11493,15.9533
2.79355,3.3539,11.5744
3.81725,4.09959,19.1137
4.30734,4.52465,27.001
3.55536,6.17837,28.3832
5.17226,3.3619,40.9216
3.79971,4.43454,20.8701
4.62674,3.66444,30.1228
4.63697,4.10495,32.0569
4.61969,6.3947,44.5656
3.5897,4.9853,21.0931
4.01649,2.99879,18.2955
5.46573,4.19487,53.1592
4.23272,3.66887,23.456
2.84203,5.2356,17.1801
3.54383,3.24992,15.3755
3.61347,2.71822,13.3637
3.97727,3.27755,18.0642
2.56384,3.85423,12.3567
2.98984,4.05745,13.2524
6.04539,2.73958,71.4042
2.63861,2.82882,8.89482
1.43409,4.42211,13.9153
3.994,3.52176,18.7757
5.24951,4.30708,45.4736
5.84469,2.27233,62.7115
1.84273,3.49893,8.83629
3.44941,5.30259,20.3921
3.84276,3.38781,16.0981
4.33957,3.45946,23.6258
5.47079,4.44594,53.888
3.89667,2.87729,16.3193
6.14904,4.4376,81.8763
4.97316,2.83527,34.912
4.04359,4.4531,23.7167
2.32654,4.61534,13.6903
5.03019,6.0066,48.4726
4.45961,4.25168,28.6725
4.4292,2.85354,21.7912
2.78559,5.01138,18.658
3.28969,3.75153,12.9223
3.75508,3.40463,17.8807
5.54802,5.49394,61.3499
1.96219,5.289,15.9957
4.62546,4.33649,29.9841
3.08693,3.5956,12.7892
6.32094,4.74916,92.2228
2.591,3.66326,9.40632
3.97731,4.2074,21.8261
3.80943,3.97382,18.167
5.6095,3.59296,55.7686
4.33681,4.73383,28.2525
4.37598,4.46123,27.1337
4.63878,3.01589,28.1422
3.85846,3.00649,15.0826
1.55329,2.4196,6.82523
3.25202,4.53717,18.3118
3.78627,4.88138,23.7564
4.09406,4.41419,25.4772
3.90903,4.13548,20.7235
3.47107,4.35884,16.0824
4.22447,4.17852,25.8211
6.77337,4.25121,120.034
6.13543,4.78927,82.9168
4.84716,3.24661,32.4591
4.84809,4.00777,33.363
3.24765,3.65645,14.6445
3.22664,3.71389,13.1329
3.30517,2.83068,12.0682
4.95873,6.81795,52.3146
3.701,4.24369,19.5235
3.05123,5.44304,20.9745
3.14879,4.10469,13.2421
3.51108,3.01386,14.609
4.76309,3.81128,30.9966
6.22242,5.82875,92.4164
3.57453,3.72274,16.9579
4.79046,5.40117,40.0307
3.02499,4.25056,14.8017
3.08267,3.68545,11.2158
3.93378,4.53131,21.7014
3.80849,2.92631,14.9271
3.58079,1.88268,14.0778
4.72275,4.12272,33.2332
1.57517,5.22457,15.6741
2.68217,4.86113,18.2096
4.69668,5.4132,38.4652
4.92918,3.33847,34.7726
2.07007,3.93637,10.5828
3.69396,4.32876,18.8624
3.63952,3.60369,15.9786
2.30294,2.95871,9.21297
3.42214,3.7581,13.2095
2.32838,2.24883,7.66724
4.57447,3.5043,28.0231
4.59792,5.22616,35.8734
3.57549,4.11408,17.6979
3.98564,5.31295,26.9776
3.60096,5.05929,23.2398
3.25324,5.05439,20.4373
4.23046,3.90117,23.9716
3.50275,1.69794,10.4181
5.76314,4.27427,63.4674
2.10892,5.12385,18.8975
2.40089,4.41648,13.9996
4.54704,5.43445,36.9456
3.25472,4.1557,14.8844
2.45114,3.64231,11.5327
5.42818,4.08466,50.7544
4.68895,2.81651,26.7234
5.30799,2.49722,43.9755
3.47197,2.8146,12.6861
4.2398,2.80497,20.1488
2.0395,4.81561,14.8105
5.44958,3.00987,48.1825
3.56517,4.46368,18.1598
4.5664,3.65288,27.7857
4.65837,4.07693,29.6914
3.41176,5.59503,22.9054
3.34254,3.32604,14.6005
5.49704,3.33995,50.9183
4.0155,3.82397,20.877
3.68656,7.18393,36.2424
4.39837,3.86964,25.6266
3.33622,3.86191,16.1818
2.23291,5.17018,15.8101
3.72654,3.00902,16.9582
5.80267,3.53845,62.937
3.70035,5.46987,24.0123
5.3899,3.91705,48.2909
3.13314,4.60624,18.4092
4.60455,6.02218,41.4259
4.04783,4.86665,25.6521
4.62843,3.03432,28.582
4.36047,5.38673,33.8522
4.05039,2.91712,18.4561
4.36315,2.59948,21.9774
3.25305,3.12414,9.8008
4.95525,5.23289,42.2434
1.44864,4.47114,10.5264
3.0494,2.42823,8.66066
3.95849,3.04732,14.9437
4.81716,5.3125,39.4022
4.91042,4.80485,40.8425
3.47749,5.66592,25.5434
3.16576,3.5332,13.6427
4.72338,4.36328,33.7381
2.70467,4.14647,13.1441
2.29742,4.48284,11.7707
4.289,3.80572,23.7286
1.60744,3.45778,8.34776
6.6412,6.07665,117.417
6.22342,3.88925,84.1603
5.26322,4.93204,48.9167
5.16229,1.98006,36.6645
3.1854,3.14498,14.838
3.13424,6.26677,26.376
4.27705,5.75307,33.07
3.16748,3.5094,12.4553
3.22345,4.32846,14.4883
4.98844,2.8649,35.0044
4.61801,4.0039,29.8969
3.88433,3.75655,18.749
5.7529,3.99339,61.0672
3.914,3.5941,19.5936
3.30425,2.7666,10.3589
4.07235,2.7292,17.5285
4.30978,5.10717,30.1083
4.87199,3.77183,34.8507
3.73444,4.01612,17.7188
3.89933,5.52503,28.4474
4.0227,3.13631,18.4036
4.11507,3.2616,19.5217
5.85459,4.18964,65.0156
1.86673,3.81598,10.5816
2.9213,3.86274,14.2912
4.32582,4.44797,27.3101
5.34944,3.82827,48.4952
3.85437,3.40031,17.1915
4.66463,4.21909,32.3503
4.12018,2.76276,18.3195
3.62287,4.27918,18.1016
3.17314,4.69208,17.412
4.49285,3.57189,28.1165
3.57949,3.56139,15.8954
3.83135,5.0351,23.1617
5.25973,2.04042,40.5949
5.21095,6.27736,57.0012
4.62779,2.33609,24.509
3.75138,2.02358,12.7121
4.47385,6.31172,41.0695
4.0351,3.93834,21.0757
3.7798,4.6038,21.6743
5.37247,3.41149,47.353
3.43738,4.14922,16.1599
3.10596,2.98296,10.0621
2.6989,3.59495,11.7578
4.4636,4.31062,30.0574
3.91928,4.45533,22.0115
4.27424,4.6873,28.8405
5.48681,4.9017,56.9396
5.66701,3.79489,58.4011
4.57858,3.47276,27.5043
5.0068,4.44337,39.7538
3.98516,4.39293,21.2016
4.01727,2.72599,18.6398
4.11518,3.94522,22.819
3.7188,4.3038,19.5894
5.38935,3.26203,46.8352
4.03902,3.71301,21.302
1.76655,4.13096,13.5116
3.38799,5.45535,23.9503
4.97253,3.84851,36.6905
3.65575,5.10957,22.4982
2.64566,2.08713,5.33098
