3
3.05158,3.45682,25.4553
4.11924,4.53719,47.6499
4.01172,2.72194,41.2376
3.84751,3.28271,37.5787
4.65345,4.7188,61.3869
4.18428,3.31967,45.2448
4.13601,2.45967,42.1871
3.02089,4.54814,31.9185
1.65613,4.09614,18.0942
4.22791,4.70048,50.9484
4.28044,3.51816,49.3677
5.27771,2.71071,74.477
3.95496,4.51517,45.6304
2.42129,3.98882,19.7905
4.68561,3.60296,59.816
5.08232,2.48083,70.5576
3.0862,3.03741,26.1008
4.69064,3.32532,57.3743
4.77786,4.76182,66.1335
3.48023,3.87968,34.1415
5.79582,4.7696,98.9391
5.30377,4.66848,81.0529
4.30079,4.1851,52.203
2.2049,3.83118,18.7789
2.89096,4.14964,26.254
5.83997,5.17328,104.399
3.02723,3.68636,25.2939
4.06587,5.93152,54.2822
5.31343,3.89812,78.7046
5.74844,5.42357,101.468
2.99154,4.40225,30.2762
3.25654,5.62853,38.2696
3.68741,5.37342,43.4983
4.19193,3.85248,46.2528
2.78727,3.35056,22.4065
4.20315,4.91975,51.1164
3.39078,4.40806,34.1324
4.85712,4.70067,69.4168
2.93757,3.11068,24.6018
5.20179,5.34635,81.1213
3.12922,4.62401,31.1385
3.7882,2.27104,33.6763
5.0493,2.96892,68.456
4.12869,4.34003,49.3476
4.69354,4.47148,60.9486
2.88196,3.08091,23.2465
1.40856,3.91219,14.5875
3.11464,3.41047,27.4909
3.75446,2.80491,35.6864
3.33875,5.89357,38.1716
3.9987,4.42502,45.4951
3.31428,4.53763,35.8675
2.56901,3.33492,21.2877
3.8304,3.5201,38.9984
4.33035,3.36896,49.3694
4.26254,4.15437,50.0513
4.23083,3.82192,49.0879
4.58954,3.55697,55.8943
3.89481,4.52976,44.1787
3.81753,4.38793,42.7178
4.2262,4.88177,49.6362
4.53218,3.55643,54.638
5.54502,4.42661,89.4761
4.87884,4.44986,67.9489
2.90651,2.30034,21.1603
2.85311,4.01583,25.245
4.22533,3.57216,48.1541
4.44986,3.45934,51.7089
2.76109,3.7559,25.7841
3.39751,4.25518,33.8412
4.03382,2.6397,42.1198
3.99172,3.80415,43.0354
4.85524,5.23099,69.4918
4.82777,3.61006,63.0115
4.74201,4.18061,63.121
4.5934,3.86401,57.2551
3.6389,5.28227,43.7548
3.76899,4.76538,41.6071
3.88615,3.5736,41.1813
4.87498,3.78561,65.7618
4.18586,2.6963,43.9874
4.61949,5.04764,61.6897
4.00767,4.08508,45.9374
3.58962,5.59949,42.5391
4.14303,4.47417,49.6277
4.33879,4.31752,51.2903
4.76805,3.7833,60.9148
1.56941,4.28797,18.4564
5.7487,5.27755,100.468
3.45608,5.36355,39.5244
3.80184,4.1906,40.4284
3.35402,3.2664,29.1544
4.83582,3.63603,64.1898
5.18812,5.09233,80.0273
4.19216,3.63467,47.4359
3.71285,3.66354,38.3063
3.19904,4.38515,32.2118
3.20028,1.87826,26.2291
5.66407,1.93202,85.9654
3.99782,3.75823,43.1465
3.11718,4.44916,31.2295
4.82011,5.26612,69.075
3.24872,4.97143,35.8085
4.91407,4.1011,66.9876
3.84478,3.85934,40.2743
4.03778,5.34799,49.3774
3.21909,4.41825,32.7685
4.02934,4.80205,49.0427
2.80602,3.11856,23.431
5.26982,4.52846,80.1722
4.71046,6.21525,68.2806
4.80383,3.29575,61.8211
5.68432,4.41087,92.9785
3.04515,2.80828,26.6448
4.32061,2.21336,45.0575
5.27274,5.69615,85.8519
3.76112,4.26525,39.3778
5.78608,4.2906,98.8247
6.45551,2.71636,124.326
2.24906,3.98669,20.1382
4.68634,2.43865,55.7316
5.01772,7.11257,81.0027
3.55498,1.48074,28.4853
3.11632,4.32449,30.944
4.04763,5.1681,47.8955
4.31928,4.50714,51.8527
2.75073,4.35783,26.0472
3.65899,4.459,40.7338
4.32903,3.92511,50.1606
3.01687,3.03387,24.8268
4.68153,4.53281,61.7327
3.95686,4.24541,44.3377
4.61329,4.5922,60.5722
4.0962,3.77959,45.3502
4.51619,5.60341,61.5249
4.38264,4.67048,54.6196
3.1696,3.87557,29.7846
2.93925,4.15254,27.7203
4.85866,4.77496,66.5681
4.50017,4.34299,55.2479
3.33524,4.03398,33.3729
3.30624,3.49465,30.9049
4.99629,4.47292,72.1483
1.9737,5.03068,21.1069
3.80906,2.90025,35.706
5.5843,4.11175,89.9847
5.86588,3.98749,99.5346
4.02485,3.50542,42.5603
4.6039,4.69378,62.547
3.39851,3.19823,30.1143
5.72008,2.34729,91.7591
4.70575,4.08882,61.2308
1.79311,3.41853,16.7169
3.91335,5.58054,48.1056
4.19888,2.43267,43.526
2.31788,4.56451,23.9223
1.35604,3.9714,15.7984
4.285,6.23633,57.7306
2.22583,4.64472,24.1918
2.773,3.57396,24.7483
4.43447,4.59679,54.2912
6.23594,4.67628,120.235
4.19348,3.20152,46.5375
5.11765,5.55989,76.4908
2.61302,2.73164,19.2218
3.20117,4.47668,32.3011
4.81296,4.56268,63.6676
3.07306,3.13366,26.5784
4.48247,3.86029,53.762
4.18582,4.39355,47.6122
4.26212,2.73687,47.0525
3.6339,3.75183,35.9114
3.89694,3.99086,42.1693
4.12007,3.66184,45.3672
3.82774,3.89726,40.4993
3.81729,3.70982,40.8816
3.54694,5.43996,38.7397
4.47168,3.09014,51.8166
3.76774,5.37527,45.1246
2.77669,5.16386,28.6715
4.56978,5.65873,63.879
2.85646,3.96524,26.4569
3.17101,1.61714,23.0653
2.60927,4.13595,24.2052
3.61943,2.84558,35.2319
4.97615,5.48355,74.4361
4.40668,4.32328,53.3047
5.25779,2.96012,75.5713
2.9078,3.99832,29.5774
3.88201,3.13674,39.6792
3.39928,2.63255,28.5468
3.41228,5.35573,36.9635
3.31718,3.27751,29.9731
2.16742,3.45876,18.9651
5.74539,2.46494,92.5529
4.97177,4.23901,68.8993
4.03092,4.85576,47.3886
3.21268,2.99104,25.7549
4.95662,5.1878,72.5145
4.71569,2.80436,56.2869
4.12915,3.3548,45.2721
4.67426,3.42601,59.1374
3.02902,4.74921,31.8303
4.28708,3.52343,48.7435
3.1639,3.24648,28.7222
4.76072,4.81207,63.8419
2.589,3.08153,21.4161
0.755794,3.63201,12.9414
5.00243,2.64511,64.6211
5.84466,4.92346,103.109
2.27766,5.58031,26.8465
4.68345,2.85255,57.2826
2.84685,4.06903,26.3875
3.23227,4.16644,32.6385
3.58919,5.72329,43.7967
2.82748,4.93702,28.276
4.9841,4.69941,72.3045
2.15804,3.01847,15.8537
5.46609,4.16404,86.9936
3.89548,3.53097,39.8387
4.86548,5.22322,68.0862
5.11386,4.78224,75.5585
3.28589,1.7609,26.4219
4.21129,4.08189,48.5854
5.6668,3.63474,92.1314
4.52499,4.77775,57.7009
4.5548,5.65554,63.1761
3.5673,5.42349,42.5037
2.97655,5.06409,31.2526
4.93552,2.34724,63.0921
5.09313,3.19511,69.8223
2.25943,3.80919,20.8298
4.66964,5.98903,65.7048
3.72569,4.43558,39.7355
4.75172,4.00368,63.1001
3.08965,4.45991,30.5435
5.14944,4.38152,74.9892
2.36829,4.58472,24.1701
4.14835,4.18592,47.8043
4.39503,4.62765,54.0641
2.50647,4.67637,23.8865
4.00329,4.58171,48.6815
3.15677,3.76696,28.817
2.49299,2.12916,18.1688
3.64092,2.75733,33.8341
3.48424,3.78662,35.6881
4.65094,3.13562,55.3911
2.04592,5.55302,24.7393
3.64342,4.65741,39.6108
4.21701,4.85241,50.1756
4.53043,3.60271,53.5053
4.84363,4.25836,64.5318
4.16654,4.21485,48.87
2.70206,3.50716,21.6387
3.03842,3.97836,28.7343
2.95392,3.97605,27.6727
4.16951,4.18119,46.3145
5.03793,4.50535,73.9292
3.38623,4.87866,36.8625
3.4295,4.53145,35.8554
3.69792,3.11473,34.2021
4.05954,4.7907,45.4665
2.63641,4.11879,23.7775
3.84204,2.93487,39.0814
2.96,4.12426,27.8944
2.95469,2.4383,21.941
3.30431,4.35742,34.0214
2.85104,2.90885,22.3153
5.48162,2.88785,83.0186
4.72287,5.06519,64.2491
3.39208,4.1878,32.7332
3.13841,3.1305,27.9259
4.78673,5.91649,71.2675
2.97699,3.68086,25.876
4.36275,4.10269,53.4947
3.46666,3.63954,33.2684
3.91815,3.68837,40.1464
4.56928,3.68311,58.3242
4.63483,4.28712,60.5483
3.83965,4.97643,43.5143
7.12611,5.11265,169.156
5.15772,2.72271,72.3057
4.03415,5.12702,48.7776
5.20636,4.49815,77.1282
2.2405,3.4194,18.6398
3.96646,3.53914,42.789
4.33708,3.71398,50.2583
2.89539,4.00905,24.7056
3.46659,2.94125,30.2605
5.50266,2.16761,81.1779
3.72888,4.25174,40.9192
5.26644,4.35332,80.7681
3.65113,3.95207,37.1273
3.50657,3.56094,34.0843
3.16697,3.95085,29.309
6.21142,5.39211,123.691
4.19275,4.48622,50.0019
3.16134,4.10305,29.6049
4.70035,4.06477,62.4919
2.22596,4.28889,22.3002
3.93811,3.85538,41.2018
4.54288,4.68741,58.7623
7.06548,2.7466,157.469
2.17316,3.41106,18.7179
4.77559,4.28651,65.1235
3.56638,3.59756,35.3131
3.97514,5.45094,49.3129
3.02895,4.44021,30.5493
1.43727,4.37437,17.7111
4.93337,5.43833,72.8722
3.08743,2.83469,26.0168
4.34151,3.47394,48.8294
2.23286,3.55308,19.7021
2.496,2.17101,16.7267
5.60935,1.88674,83.3198
3.58056,4.32252,37.4588
3.53378,3.76541,33.8666
3.66431,5.01384,42.3228
5.10331,4.28062,73.2782
6.27541,2.3452,113.842
2.04879,5.49034,25.2286
6.11732,4.43682,114.722
4.83212,3.88976,64.1854
2.51656,3.87544,23.0582
4.13432,4.84256,49.8205
4.076,3.30707,42.7469
5.40778,3.45537,82.128
3.4478,3.71186,31.8728
3.6799,3.90925,39.1875
5.13013,2.7845,69.2336
4.45294,4.38468,55.7815
6.12801,4.00211,112.904
5.06523,4.46639,73.5075
4.14064,2.91276,45.5653
4.99657,4.61219,70.4388
2.46827,4.23275,24.1145
4.85833,3.47944,63.71
4.26976,5.1688,53.7953
4.20412,5.60165,52.8281
5.64289,5.08535,95.9469
2.93299,6.94332,39.2999
4.99029,2.46823,65.1719
3.79314,3.31509,36.5031
4.55744,5.31058,61.4928
3.5894,4.16493,36.9588
3.19467,2.77062,26.7305
4.07829,3.38347,44.7425
4.10115,4.22144,47.3286
2.97747,4.05976,27.7768
3.89894,2.81725,36.7727
3.9049,4.69699,43.9512
2.361,4.88555,24.3066
3.53993,3.26241,33.051
4.63996,6.08343,66.3456
4.84301,4.1183,67.2414
3.87859,3.77212,38.6897
4.2997,4.70264,51.996
5.37384,3.96969,83.4877
1.27795,4.16807,16.6812
3.61213,2.17659,32.3653
0.941104,4.82648,19.7268
2.08365,2.28072,12.8721
2.78213,4.52736,28.5754
4.3213,3.50484,49.9804
3.89048,3.73947,39.7198
5.49035,4.97472,90.4073
6.19846,4.44792,116.891
3.46135,4.59618,35.2922
4.70742,3.84411,61.355
4.52266,4.75018,59.6556
4.06053,4.04678,44.7032
4.71761,2.70043,58.9667
2.44772,4.42511,24.0447
5.24499,4.40126,80.4848
4.27878,4.35214,50.0967
3.98803,4.65639,45.656
3.49511,4.52141,35.8474
4.1849,4.29396,49.2437
5.65714,2.0748,86.7198
4.47039,3.63759,53.5431
4.25412,3.13483,44.2833
3.97559,4.2793,46.3117
3.90723,2.44548,37.3012
4.45632,4.23271,55.0441
4.17429,3.66011,47.7588
3.12467,4.07231,29.6864
3.36152,3.31356,30.8627
3.11303,3.20928,28.1706
5.63466,3.06546,88.5065
5.04067,2.88076,67.0947
4.89555,4.59806,69.1111
2.24083,4.81686,23.8257
3.97919,3.59641,42.2698
5.45153,5.77844,91.6468
5.19589,4.29307,75.0903
4.67863,6.07409,67.7439
5.12485,4.24949,74.8448
4.50889,4.19341,56.8755
4.45661,3.32951,51.931
3.77626,4.97562,43.0906
4.63832,4.2859,60.2665
3.99307,3.46482,44.1843
3.80133,4.85774,43.4247
5.31747,4.84047,83.119
4.74807,5.0878,66.3646
3.58577,3.54087,36.2969
3.6729,5.0049,41.187
4.74339,4.42013,62.6714
2.02396,3.7959,18.9355
2.38602,2.7745,18.7017
4.71993,4.98383,65.9757
3.1046,4.36532,30.9015
5.43112,3.81225,84.8823
3.43806,4.96085,37.1801
4.66932,2.06079,54.3193
5.48872,4.06695,86.3152
4.27328,4.07764,49.9394
4.19681,4.93108,53.3226
3.35619,2.94377,30.0761
4.06512,4.80073,49.1187
3.5728,3.82565,36.4558
4.91984,3.46524,63.6275
5.43501,4.31531,86.5247
4.57904,3.54682,55.8144
3.76421,3.76459,37.5278
4.12263,2.64923,43.6488
4.43257,3.99555,53.4164
4.43156,6.27043,63.3094
2.4564,4.32096,24.6937
3.9493,4.80163,45.8426
5.4171,2.47171,77.9075
3.88874,4.756,43.804
3.60413,4.14494,36.964
4.94694,3.83274,69.1029
4.74158,4.01513,62.7161
3.73231,6.0239,45.574
4.95813,4.06217,68.8177
4.25953,4.90691,52.1785
4.90753,4.145,65.3644
6.45907,4.19968,127.189
3.59444,3.73833,35.6399
3.24753,4.56163,33.461
3.56504,4.44261,39.2823
4.60772,5.59689,63.7965
5.28791,4.34985,80.9346
3.49239,3.66611,33.2853
4.81884,3.74321,62.3755
4.38013,3.18651,49.4927
4.15617,2.8678,45.4775
1.3574,5.94848,24.5908
5.37224,2.84297,78.1721
3.63617,4.50404,38.9853
5.15258,3.85202,72.7527
4.206,2.7716,44.1995
2.09503,3.57002,16.4961
5.02495,4.14868,72.8831
5.76955,4.37824,97.4735
2.42487,3.3703,20.3299
5.39071,5.18924,87.7919
3.94765,4.98743,47.0597
3.46891,3.64943,32.3947
3.10804,4.93983,31.4821
3.94091,5.44244,46.9224
4.23375,3.9248,49.7079
5.0429,3.15672,68.1593
4.40867,4.29584,54.1961
5.21194,3.21912,74.8151
2.62194,4.033,23.7874
5.15693,3.15789,71.1586
3.87324,5.90355,50.2502
3.08283,2.75327,24.8452
3.6446,5.83107,44.2323
4.63028,4.10363,58.0208
3.07447,4.13873,28.258
5.99685,4.59692,106.882
4.28847,3.2899,48.7001
2.55729,2.3062,17.328
5.84463,3.79169,100.025
4.17905,4.1338,47.8193
2.4493,3.49681,20.0685
3.74778,3.95031,38.1988
3.00289,4.3679,28.836
3.98578,4.01002,42.4545
3.24819,2.53409,28.5912
5.13844,3.70186,72.6975
4.00278,4.27065,47.2783
4.35454,5.10328,54.6936
3.16551,3.7228,28.8929
3.40543,2.74199,28.75
4.04536,3.20681,43.7185
2.40195,3.39242,21.5313
4.45937,1.90417,46.4978
3.99277,5.13543,47.0373
5.68707,3.30255,90.8375
4.98949,6.39415,79.3766
4.19628,3.89498,49.1264
4.97452,4.93533,72.1957
4.47059,1.83346,47.7375
4.3622,5.03917,55.6652
3.54545,3.87661,34.6609
4.29569,5.18502,53.978
4.16086,4.18164,49.214
5.3511,3.47855,80.0117
4.24889,4.68978,53.0667
2.81373,4.19701,26.4328
4.21085,3.78187,47.5535
3.19255,3.60832,28.6252
4.69848,4.99292,65.5433
7.68741,4.04739,203.771
1.48669,5.46061,21.3186
3.54913,3.65536,36.3559
3.77124,6.045,47.3978
4.08458,3.31473,43.1165
4.2014,3.7868,49.3534
2.78446,4.33393,27.7421
3.47269,4.04933,36.9436
2.85214,6.1529,33.8597
5.27106,2.78115,73.8792
4.49593,3.08295,52.2325
3.72425,3.81498,36.1728
3.29406,5.73542,37.05
2.18727,2.73055,16.9443
2.32227,4.18226,21.5587
2.97534,5.34127,32.9745
4.34809,3.82653,53.1392
3.09881,3.72517,27.5566
4.59975,4.26246,61.1361
3.79806,3.29045,37.779
3.75747,3.18991,37.3813
4.15404,3.55238,44.9265
5.09756,2.91848,70.5955
4.54819,3.19386,53.4929
3.90994,5.05469,45.8668
3.20096,5.15684,36.1049
4.72669,4.19838,61.9751
3.37931,3.27205,30.4137
4.83195,2.54693,62.0055
3.61744,3.00721,33.4763
4.04743,4.29349,47.841
4.85507,3.00871,63.4783
4.31136,1.6485,44.9986
2.258,4.98591,22.8829
3.28219,3.9711,31.8575
2.47482,5.05446,26.4461
4.3499,3.89804,53.7905
4.69584,4.96973,65.7432
4.39651,3.95429,51.15
4.89084,3.79249,66.4363
3.30129,4.36511,32.6224
4.04653,3.17962,42.6765
4.55361,3.97418,57.6987
3.59375,4.3006,37.9865
5.41393,3.60355,81.3326
4.97344,4.21454,69.4743
4.28776,4.6285,52.0689
2.1583,2.16137,14.407
3.56922,4.2861,36.984
5.49832,3.38112,85.5411
4.88945,5.29158,71.0318
4.5289,3.83123,58.0206
5.44062,6.44319,92.5682
3.42972,3.85282,34.1301
5.37502,5.01927,85.1516
4.90046,3.3808,63.4556
3.36864,4.04447,32.6784
4.09066,5.48209,51.0847
4.95608,3.93144,67.9378
3.08003,3.69385,28.4719
3.74106,5.90455,45.7312
2.9676,4.80352,28.8363
5.145,5.19135,78.9039
5.01423,4.3379,72.7496
3.17732,4.22203,29.8857
2.33419,2.87271,18.5162
4.21109,3.90879,47.6647
4.48062,3.8068,54.4256
3.76732,2.29373,35.1968
3.60293,5.1331,41.6143
4.36897,4.2533,52.863
3.28472,2.55109,26.5258
5.44623,3.71216,84.8256
4.71513,4.769,63.972
4.16354,2.79053,43.8707
1.97912,3.89605,18.4961
4.62542,2.74443,52.9087
5.44178,2.97451,82.2987
4.06418,2.99295,43.0957
1.81831,3.97709,19.1052
3.92616,2.93241,39.3372
6.14173,4.06512,114.014
4.8284,4.37149,66.0675
4.83498,5.00825,68.9963
5.66571,5.6056,100.076
2.4583,3.60301,21.9879
4.18629,5.65665,53.9851
3.73797,3.83776,40.8396
4.72129,3.2391,60.3251
3.9886,2.74546,41.7022
3.57402,3.59375,37.8928
4.68884,3.37403,59.4874
5.12499,2.6671,70.0001
4.44224,3.20895,50.7866
6.06867,4.61733,112.108
2.90548,4.18085,26.8324
4.28095,6.1268,58.1016
4.44158,3.92876,52.3802
3.03419,3.72627,28.2993
5.5379,4.66091,91.1853
4.10175,4.28948,47.5081
2.896,3.62319,24.2976
4.7355,4.67687,65.2898
5.89996,4.74902,105.373
5.65337,4.87454,96.6922
4.1161,3.75509,46.3636
3.42884,4.99302,37.4907
4.88876,2.50966,61.4152
4.62446,4.3005,59.863
5.29509,4.2182,80.5671
4.41465,2.91441,50.0295
3.12814,3.54008,28.0051
4.98594,4.58059,71.7415
1.88714,3.34157,17.3963
4.72446,4.04322,61.607
3.70904,3.34261,36.3667
3.65866,4.87176,40.6433
3.78125,3.37362,38.1582
5.60737,3.99455,92.0391
3.88939,4.26202,43.7401
5.15413,4.26073,76.2626
4.3032,3.80982,51.8984
6.01256,4.08405,106.962
4.8873,2.61382,63.9837
2.57688,2.39929,17.5086
3.76927,4.38688,39.7747
3.15242,6.11741,37.9315
2.91821,4.17071,27.6443
3.01468,4.99782,31.8248
4.83188,4.69914,67.5191
2.80947,3.92557,25.4559
2.40527,5.39733,26.8833
5.12795,5.50588,78.5103
3.33313,3.21311,30.8308
2.02273,3.26052,16.1522
4.36436,3.13169,49.9474
4.10613,4.59166,49.6498
5.63051,4.67726,95.2866
3.93023,2.91287,39.2268
3.91065,3.933,41.7088
5.05146,4.18273,70.5026
3.80983,2.94474,38.5514
4.10928,4.90296,50.7629
3.95653,3.42234,41.0061
4.21602,3.92907,48.0509
3.36529,5.41057,36.7224
3.12849,1.90701,22.3897
3.25717,2.20523,26.6358
3.64406,4.9896,42.6838
3.32901,2.76479,28.4515
2.77315,3.70563,24.8679
3.40753,3.58191,30.923
3.64081,4.76896,39.7836
4.27531,3.90774,48.8896
5.93005,5.12703,106.895
3.43457,3.87937,33.1775
2.9454,2.82908,23.9817
3.98149,4.45484,44.512
3.91277,5.46332,47.656
4.18438,3.27127,46.1349
2.01418,4.56021,21.9084
3.63016,5.4281,43.543
4.2624,2.43025,45.66
3.77688,5.04183,43.1051
5.35994,4.55424,82.5525
5.34212,3.32749,79.57
5.34191,4.27631,83.2502
4.43741,3.49233,50.9962
2.38325,3.89978,22.2245
4.70984,4.82552,63.3656
3.4533,2.7424,30.2662
4.2014,4.67454,48.9879
3.16395,5.2763,34.0227
5.55182,3.65989,88.1851
4.39666,5.12088,56.8068
5.52411,3.69732,85.7614
3.70085,2.38669,33.2881
3.15138,3.3072,28.3737
3.68196,5.62275,44.0637
4.2712,4.96912,54.1478
5.01875,4.23641,72.2581
4.00939,3.37395,44.3343
4.69559,4.20804,61.6763
5.03356,3.89368,69.4815
2.40718,4.53268,23.8889
5.19054,4.03916,77.5327
2.5951,4.80948,26.7191
3.57631,4.23278,36.1543
4.86263,5.24884,69.4729
3.5996,4.28184,38.5528
1.60766,4.18013,18.0121
4.88503,4.43576,66.7051
3.3342,2.26216,27.201
2.98163,5.60464,35.2506
5.60065,3.3891,88.0843
4.2866,2.09341,44.4329
2.79338,3.76363,23.6414
4.98211,5.27722,73.3994
3.50825,5.70979,42.5487
5.44846,6.96231,93.9438
3.11196,2.19878,22.9739
2.28198,2.92525,17.7007
2.64472,4.21867,24.632
3.66339,2.93919,33.8793
4.87113,3.8681,64.4902
3.37106,4.61982,34.9397
4.50372,2.65004,53.4125
1.73955,4.61466,20.5017
3.6211,5.49463,42.0646
3.87265,3.3059,38.8599
3.70144,2.90292,33.5023
4.48054,4.89436,58.1564
4.24774,3.09867,47.2625
4.00873,4.34162,44.5374
4.15566,4.87679,49.7044
4.31738,3.39518,50.928
3.90879,5.53056,47.2178
3.40135,5.40436,39.0574
4.39348,3.33916,50.5375
3.74837,4.31333,41.855
3.71241,4.33015,41.2253
2.98279,3.73093,27.4979
4.48497,3.70175,53.8232
4.22782,3.56975,48.4861
2.83688,4.83403,28.167
5.74074,3.39346,92.7041
3.38247,4.75321,34.975
5.42493,4.37065,85.1063
3.09124,3.14908,26.6174
4.73149,4.31225,60.8774
3.90476,3.34747,40.9219
3.32418,3.98422,31.6148
3.52944,4.44865,36.8954
6.26258,4.8567,120.904
3.83759,5.60093,45.4908
3.31805,4.89054,37.982
4.50268,3.94625,56.4887
5.76751,3.18352,94.8051
4.49129,3.77315,55.3525
4.12088,6.19903,53.2757
3.84918,4.68529,45.1539
4.54106,2.83783,54.281
4.9078,3.09746,63.7074
4.14286,3.45007,43.9127
2.44587,4.0737,22.2075
5.72533,4.89899,98.995
4.78875,4.23751,63.2563
3.07013,3.58863,27.4898
3.34041,5.49091,38.0111
3.9047,2.22341,37.0729
3.09971,4.68485,31.8469
2.66907,3.72751,25.0962
2.37982,4.55843,24.4038
3.48936,3.67587,33.2133
3.34091,3.72576,32.6672
2.79696,5.03665,30.1887
3.50222,4.05131,33.7729
4.55621,4.47782,56.8061
4.11889,3.4037,44.5022
4.06705,4.07904,44.9702
3.19408,5.12832,33.4354
2.57102,3.18543,20.347
3.7037,2.01887,33.3375
3.91214,4.20342,44.3001
4.49864,1.98926,49.9841
3.40326,4.81506,36.0567
2.60107,4.12316,24.5607
4.98375,3.62966,69.2325
4.3005,2.6063,45.6139
2.12565,3.31226,16.9417
4.06703,3.86148,45.3804
4.35091,4.49122,52.5208
3.63023,2.67526,33.5412
4.4912,3.72249,54.7528
4.34155,4.5341,53.3722
4.8739,2.95776,62.1977
5.02136,4.08005,70.7832
4.56942,4.58784,59.5485
3.68639,4.03801,37.4636
5.39152,4.55841,83.1989
3.76123,3.77876,38.757
4.14585,3.69745,46.9114
3.08577,6.25808,37.2816
3.89974,5.06833,46.0827
3.60939,4.69448,38.9639
1.38635,3.2871,15.1893
4.68606,5.38061,66.4351
5.17667,4.00576,73.449
3.77916,2.57412,33.9277
3.89307,4.61301,44.68
2.49249,2.91722,19.2099
4.38911,4.54778,52.5849
4.80478,5.63503,68.9606
3.00045,4.24373,27.3944
3.69407,4.61464,39.7985
4.11761,4.65631,48.5928
5.59544,4.51335,91.6688
4.01278,4.95905,47.379
4.59011,3.55597,54.4175
4.73128,3.71424,60.159
4.24657,3.02356,46.9011
2.8766,3.89339,24.3783
3.90082,4.22003,45.1673
5.33106,5.18735,84.9573
2.59298,2.88069,19.2748
2.58455,4.99485,26.3181
4.62319,4.06509,57.513
4.52968,3.63436,55.0236
4.73347,3.24668,59.7728
4.28539,4.1724,49.1466
4.80646,4.39153,64.1904
3.70347,4.55355,40.0288
4.49762,3.63919,55.0094
5.15096,3.8185,74.6571
4.07955,3.82814,44.6316
5.09794,4.69988,75.4848
3.16703,1.91955,24.1478
3.55733,4.7046,37.3955
4.35575,5.07228,56.8291
3.02476,3.62769,25.7336
3.75832,3.70064,38.131
3.36179,4.56432,34.507
4.1733,4.33257,49.5948
4.65686,4.94037,62.8285
3.34513,3.07213,31.2638
4.22081,4.75538,50.7736
2.68704,4.15131,24.7659
5.58894,3.93068,89.2725
3.90565,3.30244,39.2855
3.77986,4.89883,43.0473
3.30001,4.42523,34.0079
3.95414,4.13927,43.4213
4.64667,3.21707,57.4527
5.23861,5.59978,84.0854
3.13393,2.21125,24.4209
3.7462,4.59225,41.098
3.4705,2.66095,30.2595
5.34152,5.75521,87.4608
4.15438,4.40233,49.1046
4.86242,4.67753,68.487
3.56004,4.58927,38.847
3.3398,4.05438,32.8853
4.33596,4.59296,51.8184
3.8009,3.822,41.9101
3.7681,3.58708,37.0683
4.24557,5.37,54.3331
3.37219,3.42726,30.6584
4.48432,5.56178,61.8615
3.80771,5.2522,44.7258
4.65951,5.67964,64.0791
2.78396,4.24346,26.9959
2.42587,3.29202,19.6599
3.52315,3.54738,33.6365
4.27011,3.58725,49.8955
4.34325,5.82586,58.2483
4.1656,3.06655,42.1282
1.21883,4.5804,18.7183
1.50515,4.61843,18.2662
2.82832,2.80327,23.2016
3.81186,2.34417,33.9872
4.20857,4.98339,51.6137
2.81672,5.51269,29.434
2.79539,3.27289,24.6013
3.28936,3.6505,31.8074
6.48273,3.51746,126.632
4.4469,3.44136,50.7401
4.32792,1.88487,45.2151
3.39102,2.34479,27.0997
3.33637,3.6852,33.4256
3.73575,3.47081,37.7653
4.25136,3.96143,50.2713
3.50381,2.1865,28.7915
4.61719,5.2215,64.8759
3.50735,4.1835,36.7764
6.10574,4.42457,114.406
4.38364,4.11323,54.7102
3.94633,3.35676,41.2121
3.784,4.3295,41.2902
5.36455,5.04058,85.7854
3.51907,4.88929,38.8347
4.35332,4.25037,52.9981
5.58661,3.9048,88.7617
3.41352,4.4869,34.6962
2.86482,3.34266,24.093
3.66272,4.89786,40.5403
4.43449,4.63364,55.2462
4.0075,4.27391,45.7406
3.69929,2.0419,32.3194
4.96264,4.26222,68.826
3.18019,4.85321,34.748
1.88159,4.45338,19.9271
4.00467,5.12895,48.6395
3.6903,2.98457,34.5092
3.61146,3.0748,32.4335
6.01113,2.63474,100.048
2.36233,3.93936,22.872
3.33054,5.22091,37.0304
5.30006,5.37337,84.26
4.14167,6.1913,56.4005
6.19252,1.70957,107.449
3.99154,4.54412,46.0006
3.2817,3.78637,30.5872
3.02072,4.45162,31.215
3.05145,4.9754,32.5307
3.11548,1.97562,22.7663
4.67365,5.71227,66.3648
7.31387,4.42227,176.874
4.30057,3.87692,51.7471
2.97654,3.64637,25.5915
5.34111,3.52549,78.6505
3.53059,3.80573,35.9428
3.26617,4.18322,31.477
4.32878,4.41834,51.9752
4.68021,4.68413,63.6219
6.90203,3.87279,150.726
3.71203,2.82257,32.2758
4.35486,4.32541,54.3091
2.5501,4.31523,25.278
6.38601,4.00091,125.257
2.10266,3.38943,18.6024
3.62117,4.75419,41.0657
4.94567,6.75968,79.223
4.02243,4.31841,43.358
3.0198,4.65004,31.4367
4.37432,3.06949,47.4416
3.60317,4.21761,38.753
3.87767,4.94093,45.1728
3.94252,3.29568,40.9044
4.54502,2.12132,51.6297
5.74779,5.04129,98.0725
4.41074,3.57368,51.446
3.55411,4.35492,37.2642
3.37239,4.47106,34.736
4.25114,4.50854,50.8762
4.23717,3.4821,48.0045
3.97821,1.67807,37.1474
4.79945,3.74651,63.696
4.00401,4.02733,45.6153
4.65801,3.12317,55.7484
3.94289,6.79267,54.2926
4.21158,4.70502,52.8596
3.60121,2.54659,31.7413
3.27326,5.49233,35.9927
4.23646,4.14818,48.1807
3.65819,5.27059,42.9075
4.83722,3.25577,62.4112
4.94516,3.76613,67.5649
2.73993,4.2103,24.6189
4.41976,4.03272,53.5157
4.58889,5.36974,61.0284
3.63843,2.13862,32.6064
3.99885,3.76928,43.3923
5.7621,2.41887,93.5121
4.13891,4.07826,46.8306
3.93249,2.42845,38.1401
4.33058,3.90966,50.8405
4.47716,3.42007,52.9107
2.32696,1.81121,14.2522
4.67405,4.14438,59.2783
5.29515,6.1125,87.0926
3.61879,5.70276,43.5284
5.85637,5.55337,105.943
4.89144,4.45207,69.5403
3.26662,3.61879,30.4174
3.0942,4.93093,32.6745
3.43178,3.86698,34.3489
5.46615,2.97767,80.5371
3.34885,3.45055,32.2131
2.6114,4.10672,25.982
2.86721,3.91237,25.1324
3.43755,3.41102,31.4212
6.02644,3.15505,103.237
5.2775,3.66821,78.1994
2.83045,3.32865,23.2819
3.67029,2.6925,33.3323
3.23615,3.74262,30.0642
3.14913,3.11093,26.541
4.05917,3.8586,44.8112
2.81771,3.19632,24.6956
4.63464,4.60933,61.2139
4.78902,5.23759,68.4331
5.99539,4.31812,106.746
3.64757,3.16023,36.162
3.4256,4.12593,34.213
5.91484,5.33219,108.64
3.39302,5.36624,38.7948
4.76452,3.91529,61.6441
5.78247,3.6158,95.8986
3.46703,4.06345,34.3621
5.65579,3.10164,89.8301
3.85108,3.40268,39.3233
3.8372,6.80651,52.1784
