3
4.46172,3.82306,45.752
4.08114,3.39434,36.7523
4.43579,3.12053,46.0879
3.00118,4.16363,20.1728
4.01423,2.86424,33.9347
4.23161,4.53567,40.1288
4.27557,3.49689,40.3402
3.17752,4.23185,23.0136
4.78401,3.73677,55.3354
5.43803,6.041,87.4753
4.4764,4.22579,48.4984
5.12943,3.44943,68.6366
2.31759,5.88519,17.6228
3.95675,2.9211,31.0896
4.73278,2.87105,53.1089
2.80829,3.45685,16.5194
5.15426,3.2702,69.6154
6.06238,4.57842,117.547
3.64148,4.32682,27.9556
3.20837,5.07952,23.8109
4.45297,3.77491,46.3737
4.24875,5.09711,41.9041
5.14061,3.61379,69.5128
3.97865,4.27393,36.5119
3.67422,2.94866,25.3218
3.61706,2.76664,25.5985
4.30513,4.3159,42.4146
4.77912,3.54232,54.7212
4.08516,2.94124,35.5426
3.94332,3.80523,33.2915
4.95614,4.96711,65.2254
4.76702,6.06811,59.3253
4.53481,4.51758,50.7109
4.52745,5.56169,51.471
3.37434,3.07576,21.4926
3.93118,3.83114,34.7623
3.30386,4.92101,24.3112
4.35047,5.04597,46.2747
5.10166,4.01628,68.7615
4.71854,4.26488,55.2812
4.05583,3.80697,34.1863
4.34331,3.88527,43.2851
3.66872,4.26252,30.6938
5.59108,3.3191,88.634
2.78028,2.99739,12.817
4.95827,5.01941,65.585
4.6073,2.57883,50.4566
1.77938,2.90066,8.72868
2.38682,4.98896,16.4313
3.02654,2.63046,17.6334
4.09748,3.53708,35.9871
3.45416,5.86973,30.3643
2.81669,4.82227,19.3277
5.14635,3.6185,69.9433
3.68926,3.61892,27.2507
4.11636,1.65523,33.7997
4.33517,4.77835,45.263
4.04382,4.7003,38.4733
4.39021,5.87779,48.3598
3.86075,5.31238,35.0301
3.1977,4.367,21.0605
4.59576,5.35111,53.1649
5.10677,4.65472,68.7819
3.37771,5.4007,27.75
3.09294,5.34686,23.0838
4.07259,3.65509,36.8208
4.44037,5.28493,47.5349
3.28776,2.99159,21.0337
4.77506,3.7331,56.9504
5.34015,3.30678,77.003
4.30235,1.92168,38.2816
3.57188,3.94159,27.6309
6.01562,3.57421,111.873
2.5829,4.45921,17.3355
4.01226,2.40786,33.397
4.06274,2.91168,35.6399
4.09274,1.98301,34.0035
4.52594,6.43716,53.3987
2.44287,2.4163,12.0318
5.08154,3.60408,66.763
2.77326,3.95756,15.6892
5.22523,2.76649,72.7734
4.49786,4.77893,50.1394
4.56476,5.90937,53.8981
5.08436,3.76302,67.758
3.97488,4.16747,33.8586
3.87078,3.48525,31.398
4.1176,4.06251,38.2974
1.49324,3.05901,9.57573
3.92404,3.53949,30.6655
4.41506,3.55918,44.5702
5.81988,3.33741,101.32
3.21893,3.44121,20.8688
4.90135,2.34618,57.8262
2.67948,6.00333,21.1902
4.12491,5.51472,41.8643
3.22872,2.83509,19.87
3.19773,3.90484,22.3033
5.39883,6.46899,87.9263
4.05307,4.14898,35.8735
2.86062,2.89284,14.4635
3.8621,4.2383,33.3153
5.61752,4.18509,90.1619
3.56142,2.81683,23.7203
3.3388,4.15677,22.4725
2.41241,4.30427,13.9027
5.25793,4.6933,76.3456
4.19628,4.26417,38.7086
3.6632,3.04321,27.017
4.25965,4.03856,41.3407
4.53144,3.15417,47.6219
3.82913,4.8332,34.5142
3.10569,3.83373,20.5066
3.05524,3.989,18.6448
4.41929,2.36584,43.0948
2.99506,4.35088,19.5869
3.43393,4.49068,23.7109
1.79354,4.34074,9.29855
3.86327,4.71425,33.4192
3.44041,3.78631,22.7124
4.07559,2.00585,36.006
3.64339,4.86447,26.9822
2.90558,3.23552,18.6966
2.84275,5.23772,21.1587
3.63167,3.72574,26.9403
4.55031,2.60768,47.3629
3.67122,4.10065,29.4636
2.64356,4.8633,15.788
3.43797,3.95074,25.7525
3.16272,3.28911,19.8745
3.20461,5.35937,23.1504
5.25661,3.86494,74.8306
2.64454,3.6147,14.0012
5.84652,4.44832,106.939
5.63058,4.43161,91.83
4.83408,5.42623,61.1352
3.16737,4.31394,21.7545
4.41874,2.85506,43.9289
3.66276,4.27042,28.942
3.15094,5.06357,24.7874
5.02555,4.99591,66.5862
3.28992,4.27186,22.2792
4.69352,4.92356,55.9828
4.08059,3.38471,36.2005
5.41991,1.88663,80.8124
4.45489,3.71977,47.5188
4.20485,4.34966,39.8649
3.0688,4.31916,21.2527
3.26177,4.2062,22.0435
3.81574,5.49568,35.1757
3.29932,3.94254,21.9205
4.04106,4.48376,36.732
4.13224,3.814,37.9985
4.99005,2.63943,62.5962
5.66653,4.70702,95.1931
3.87874,4.60092,35.5589
3.55006,3.60638,25.6473
4.31706,5.1637,45.9083
2.84757,4.49826,17.3008
3.76151,2.21943,27.7349
4.92829,3.83084,61.5429
2.42054,7.43519,21.8342
2.27704,5.04218,13.8429
3.59513,2.59436,24.5036
5.90388,4.12464,107.713
2.88845,4.23605,18.7476
4.22411,3.91682,40.9583
5.16351,3.48248,69.6841
3.627,4.94158,30.2302
3.05954,2.98911,18.9895
3.44019,4.23073,24.3029
2.75068,4.24003,16.7397
3.90074,3.74638,31.9426
5.35492,3.71757,80.8658
3.28693,3.9211,23.0434
3.50299,4.98052,27.4329
5.10079,4.53093,68.2327
4.25661,4.53307,42.821
2.76835,3.45403,15.5678
4.63086,4.19492,51.9996
4.23545,3.61494,40.7676
4.84478,2.29677,57.1712
3.5412,3.76609,25.611
2.9681,3.51084,15.0031
5.58158,6.11398,93.9058
4.55601,2.81043,47.3091
4.74508,3.10419,54.2618
4.11266,3.69936,36.2546
5.08476,4.66105,68.5381
4.73388,4.35696,53.5563
3.4361,3.30764,23.3006
4.65794,2.84787,51.3005
3.09605,3.04182,19.1026
3.35997,4.47116,24.7331
3.34069,3.49598,21.8917
2.7377,3.93529,16.1749
2.23745,4.50708,13.9983
5.08159,1.98034,62.5967
2.56986,3.95358,14.6924
3.99666,2.5969,31.5443
4.14712,2.90198,37.0341
4.65417,4.45223,53.5655
2.61473,2.93284,14.6206
4.31793,4.12243,44.5507
4.5568,3.31099,49.8958
4.68423,3.67389,53.7182
4.53432,5.83198,53.5328
3.11622,4.71942,20.6797
3.25961,3.03956,21.3784
3.20799,4.41868,21.9399
3.97712,3.96108,35.5689
2.64298,4.43432,15.741
3.97654,4.5155,35.9412
2.49212,3.37811,13.4003
3.35425,2.22651,22.8592
5.53739,3.73218,86.9443
4.6248,3.31209,50.3432
3.90419,3.72142,32.893
5.11385,5.38401,70.1224
3.54478,3.36018,26.1573
2.87198,5.28433,19.7441
4.82149,3.60333,57.5397
5.44569,5.49027,87.4911
4.50594,4.60969,47.7735
2.77164,4.03781,16.676
3.63964,2.39114,25.1581
5.69988,3.19466,92.9333
3.61394,4.84457,30.2897
3.99706,4.24629,33.7032
3.70327,5.2557,31.4767
3.92071,3.25798,31.2985
4.54905,3.68178,50.6865
2.14797,2.12705,9.42731
6.0958,4.91282,120.639
3.60451,4.74907,26.8134
5.51815,3.9415,83.5869
5.98084,2.47538,108.005
4.41398,3.6584,46.7713
4.84635,3.46984,57.9403
4.23569,2.74089,40.4996
3.30877,3.41747,21.5441
4.83155,2.35656,56.0207
3.03701,2.77837,18.1278
3.44207,3.4926,23.8263
4.06878,5.0782,40.6519
4.83087,3.81187,58.0866
6.13539,3.80977,118.69
3.26781,3.7378,22.3103
4.2527,1.93579,38.7293
4.85963,3.91396,57.8719
4.31186,4.70857,43.3027
5.29225,5.28324,81.0631
3.79133,2.71261,28.1266
2.57129,2.15767,12.1279
3.40821,4.26033,24.7321
4.61492,3.83509,50.4717
4.091,4.06128,37.1657
4.73597,3.78702,54.3243
6.157,5.35215,124.223
4.8232,2.64367,55.1357
5.22589,3.83375,72.6579
3.89517,4.13121,33.452
3.03193,4.73051,19.9376
3.86163,1.86439,30.1159
4.42517,3.38075,46.8178
3.89216,4.09309,32.1353
1.86543,3.61849,10.2048
3.30531,3.9818,21.1992
2.50292,4.58543,13.985
3.59808,4.87271,29.629
3.32281,2.16658,21.1831
2.12446,5.515,14.4602
2.93278,3.33848,16.0264
4.64481,4.01171,52.9702
2.55352,1.11511,10.9212
3.85685,4.72613,32.1299
2.54974,3.87342,14.632
3.93445,3.22881,32.5785
5.48952,4.06127,86.4784
6.38492,3.45219,137.537
3.25649,3.60047,19.7147
5.8181,5.00144,104.513
2.90875,5.41589,22.8737
1.88925,3.97412,11.9696
3.76934,4.06726,32.7274
4.00555,3.43026,33.8455
3.81614,2.7357,29.458
4.72195,3.88476,53.936
3.46008,2.93891,24.461
1.5339,3.27512,6.76164
3.98289,3.63417,33.9897
5.07442,4.12983,71.2907
4.776,3.21479,56.3981
2.84538,4.54533,17.2426
4.39576,4.47774,43.675
4.13547,5.06077,40.3112
4.20279,4.57191,41.0113
3.68548,3.02028,26.859
3.00074,2.46272,16.2778
3.42621,4.83303,25.5782
6.2368,4.35463,127.486
6.83624,3.09912,168.578
4.57784,4.24527,50.3764
2.90052,2.98463,16.7625
3.89885,4.30485,32.5023
3.55605,4.69339,27.9145
4.19566,3.79777,39.4696
2.19763,4.29302,9.83688
3.33847,5.6449,27.2467
4.0602,4.70142,38.3351
3.82458,5.55612,33.6753
4.13607,4.10987,37.0683
1.82928,4.91575,13.3728
3.57802,4.79956,27.8748
3.1381,4.53723,21.7393
4.63414,3.49388,51.2771
3.42668,5.17278,26.6756
4.06399,3.63068,35.0468
2.27411,6.08087,15.6253
1.82396,3.41791,9.65045
5.92062,2.87937,107.232
2.48712,2.89067,10.9972
3.6684,2.8982,27.4629
3.18095,4.9803,23.8267
5.42607,4.27267,82.1457
4.80962,5.02403,58.6357
4.42756,4.27806,46.2279
4.04092,1.99918,34.4337
3.50651,4.45371,27.8554
3.33936,4.4326,24.0581
2.22227,3.8456,12.1416
3.93627,4.23696,34.4178
5.00533,3.31053,64.365
5.27101,2.50336,73.4747
4.56546,4.94087,53.5011
4.14335,3.36484,37.1637
4.93525,4.09619,61.5956
2.88679,4.19194,17.1237
2.27348,4.60625,11.428
3.70467,4.73969,29.5413
3.31234,2.80989,20.0794
3.98684,4.02254,34.9429
5.4063,4.19317,80.4319
2.09142,4.2903,11.8152
1.92358,4.38599,11.0496
5.10304,2.49022,66.8533
2.06707,5.66455,15.4873
2.01137,3.29648,10.5026
1.83144,4.70739,12.0954
3.12693,3.72831,20.1417
3.66051,5.01772,29.4737
3.19561,3.33484,19.6362
4.91569,5.81123,64.715
5.05512,1.57523,63.1543
5.19066,4.07265,71.9819
4.32056,2.10914,41.1957
4.8305,3.37573,57.0982
4.88006,4.30982,61.4959
5.1937,4.74736,73.3223
4.79268,4.31015,57.4399
3.38094,3.57,21.9685
5.54846,4.59736,88.7074
3.444,1.84939,19.9678
4.22983,5.16409,43.7821
2.72388,4.65575,17.4356
4.5639,1.80102,47.6738
3.13858,2.27147,16.5626
3.78497,5.29584,32.287
3.55513,3.49692,25.5096
2.06179,4.47375,11.8174
4.86792,3.77488,59.9598
3.17586,3.66326,20.1492
4.47249,5.39279,49.7992
3.30428,3.18718,20.3838
3.30105,6.32337,27.1972
3.80058,4.37946,33.0848
4.09187,3.89767,37.027
1.62977,4.72768,10.4111
3.14385,2.28838,18.5501
3.79282,3.7114,29.5733
3.06007,3.69312,18.8243
5.40669,4.34534,83.8711
5.04461,2.80435,64.6622
5.77979,3.61726,100.652
3.73328,4.66482,30.0621
3.30359,5.15062,26.2736
5.10901,5.1005,70.9318
5.92734,4.10749,109.387
4.75545,3.10375,55.0056
5.27829,6.36011,81.468
3.95438,2.7517,31.3687
3.68069,5.44748,31.3187
2.91764,3.8296,16.8465
3.40422,3.8341,23.3693
2.8403,4.98356,19.8359
4.52367,3.52122,47.3164
3.00429,4.68462,19.1459
4.88831,4.28379,61.718
4.63636,3.76023,51.2778
5.09315,3.03362,66.9884
4.63206,4.49632,52.4539
2.80133,5.44168,21.4101
2.99838,3.48633,17.1249
3.39767,4.42034,24.4966
2.86462,3.09028,15.3188
3.97379,3.98911,35.156
2.11052,5.59466,13.2712
4.16635,3.71638,37.9286
5.02395,5.02503,68.5337
5.12478,4.33616,69.5652
2.98248,2.90211,15.3172
3.26982,3.02231,21.2834
3.0848,3.90282,18.7187
3.38524,2.811,22.5076
2.90026,2.6322,15.6806
4.07022,2.62833,34.8961
4.24402,3.06773,39.0963
2.7035,4.23069,16.0812
3.81597,3.52774,30.1636
4.29321,2.83822,38.6805
2.95649,4.1502,18.3161
3.92867,2.58656,30.6062
4.69261,4.90861,55.6756
3.93622,5.07053,34.633
5.10421,6.33594,72.6637
4.44828,3.15577,44.5843
3.31299,4.14111,23.3886
4.65861,3.5834,53.9819
3.40809,3.76918,25.0487
3.2947,4.69034,24.3773
3.67942,4.11553,28.5034
2.72007,3.51773,13.8282
5.24676,5.30087,76.9544
5.18699,5.52765,73.9312
3.9098,3.31436,31.5486
3.24869,3.91148,21.3023
4.40851,3.98721,45.1371
5.51747,2.09417,83.3908
2.56177,3.48999,13.3155
4.25392,1.39639,38.025
5.46954,3.86854,84.3395
6.91236,5.08982,180.521
3.40911,3.20699,22.0961
4.46566,4.57242,47.2765
5.30737,4.23635,77.1712
3.75361,4.84695,30.4533
3.86322,5.09808,35.0615
3.60522,3.65149,24.9387
2.52771,4.32563,14.599
4.57495,4.46473,50.7508
3.22481,3.62944,21.1929
3.55732,3.30322,24.6332
4.15426,4.72668,40.1019
4.47451,3.98695,48.0529
3.57341,5.79836,30.4027
4.64964,3.29377,50.5281
3.19217,4.71535,20.0191
4.65298,5.20606,54.469
3.72219,4.88383,31.3565
3.60922,3.89596,27.0001
3.37183,3.7993,21.8399
5.80127,5.07219,101.66
3.73427,2.68201,27.5662
3.79607,4.10037,30.5675
3.61697,3.44507,26.9177
4.46467,3.41746,45.9904
3.26776,4.15354,21.9263
5.22544,6.07836,78.0759
4.71577,2.26002,52.7153
3.80158,3.53693,29.9759
5.22195,3.38549,71.745
4.97618,4.69614,65.5729
2.84362,4.53874,20.0641
4.68093,3.85081,52.5629
3.20153,3.87593,21.921
5.0365,2.37376,64.0006
5.03793,3.35384,65.1441
3.43335,4.26,22.7016
5.82983,3.25305,101.793
4.25419,2.93009,39.6259
3.41754,4.87455,23.7251
3.58952,4.11064,25.7935
5.50355,3.45474,84.7621
2.92479,4.39827,16.7196
5.20099,1.03833,68.8302
5.40708,3.23233,77.587
3.01239,3.76019,18.0633
3.40031,4.67837,25.9082
5.71478,4.4078,99.2446
4.47982,3.69066,48.3715
2.61103,4.77513,16.0742
3.32173,1.95852,19.3283
2.61844,3.36988,13.7139
2.79365,4.09855,17.4509
4.46506,5.12438,51.0636
5.31372,3.08577,75.2352
5.62885,3.77568,93.1074
3.14173,3.57334,20.7859
3.37108,3.14058,21.1346
5.45417,3.07675,82.6252
5.702,4.05793,95.1618
3.67798,5.7819,34.123
3.01938,4.40625,20.361
4.77458,5.23242,59.2444
1.62433,5.13982,12.6709
3.17649,5.79728,24.8859
5.9312,5.72241,112.002
4.02867,3.38789,36.0367
3.64636,3.51757,28.0539
4.53369,0.923066,43.7111
3.42123,4.02305,24.6307
3.66374,3.30785,27.4124
4.89286,4.18155,59.5677
4.93702,2.84798,58.2611
4.50087,3.451,46.0035
4.10578,4.44461,38.9047
3.11429,3.99063,19.9765
2.65866,3.91808,16.6557
3.49729,3.86563,25.7097
2.4432,4.57511,14.2941
3.12471,3.88151,20.2565
4.01225,4.88942,36.1168
4.50083,3.1453,45.8749
4.93709,4.58759,62.7482
3.36619,3.11515,20.9906
3.56282,4.25331,28.9411
4.53175,3.68694,48.7178
4.68906,5.76336,56.9384
3.65742,4.09477,26.3704
4.55595,3.92232,49.6775
3.79257,4.18787,31.5957
4.3352,4.50853,44.4562
3.36695,2.68322,20.0179
5.76716,4.44994,98.7272
5.46703,4.33428,85.3966
4.70829,3.26967,51.1452
4.11242,4.97184,40.2105
5.42158,4.13146,81.3037
4.66866,4.05458,52.9554
3.72755,4.53822,29.1313
3.93366,4.53525,33.7022
2.59116,1.83923,11.412
4.826,2.86396,55.1449
5.2659,3.20815,73.5071
5.35432,2.96702,77.8714
4.34947,3.57911,41.5436
4.45474,2.42168,45.6848
4.359,1.32439,41.3705
3.80586,3.321,27.9036
3.23573,5.52916,25.3352
5.47936,3.90141,84.3746
2.96163,5.67195,20.1291
3.46649,5.26694,27.4505
3.87924,4.11151,33.808
3.65051,3.24684,26.3784
3.88315,3.23279,30.256
5.21555,2.84715,69.8901
3.75687,4.16773,30.7226
4.5765,2.62542,46.3535
4.23045,3.291,38.5777
3.82555,3.7544,32.1932
4.09069,2.51239,33.9032
5.07226,3.67073,67.4586
3.55177,4.15325,26.4012
4.54738,4.38859,49.9315
3.03577,5.84151,22.9512
4.65272,4.41011,54.2834
3.26902,4.67384,24.1083
3.15573,3.35446,19.9885
3.88363,2.81535,30.2672
2.62516,3.52536,13.4763
3.65238,4.56269,29.8246
2.32625,2.85746,11.2726
3.61102,4.89465,28.8306
3.19349,4.5595,21.6366
3.25897,3.36875,20.1842
2.96043,4.10922,18.4961
4.56358,4.55046,48.8986
3.35477,5.80577,26.6289
3.58508,5.11792,28.6234
3.83018,4.36874,32.0939
2.80151,3.80745,15.6597
4.28306,3.79216,40.7278
3.36002,3.94545,22.2231
4.87181,3.98755,59.6433
5.21673,5.92425,77.565
3.67366,5.1676,29.4715
5.7483,2.98908,98.9365
3.16007,2.49259,19.17
5.64038,4.2859,93.3484
3.95278,3.33737,34.2615
3.86919,5.21053,34.9529
4.18013,3.64739,39.1858
2.65336,3.528,13.9137
3.82468,4.3863,32.1104
4.75456,3.3285,54.817
3.42428,4.15391,25.5283
3.31304,4.61846,22.2087
3.95557,3.77079,33.7779
3.87995,4.13035,32.3493
4.14966,3.43085,37.4684
3.44525,5.40378,29.2316
3.74878,4.51711,33.7044
3.53182,5.96069,31.6319
2.80393,3.98115,16.7103
4.59913,4.0593,51.1291
2.45366,3.81318,12.5565
1.55059,5.01831,12.9829
3.39839,5.01122,26.3864
3.75054,2.91806,27.3724
4.00753,3.56654,34.3506
4.24343,2.53341,38.3184
5.20546,2.77161,70.7707
5.22085,5.19223,73.9356
3.85908,4.77809,32.7508
4.82153,4.09654,57.4946
6.2158,5.15412,129.346
3.32461,5.45083,25.9706
4.39385,4.87407,45.5552
3.88248,4.72547,33.8078
3.1472,4.9227,23.1912
5.14086,4.55311,71.6473
4.48524,4.29257,47.4331
3.60601,3.61295,26.5396
3.45,4.8341,25.4964
2.29289,4.05896,14.2817
5.51165,5.15324,88.3007
3.83753,4.68193,32.1414
3.59296,5.20174,30.3633
5.16859,5.3766,74.6987
4.43369,4.08764,46.7821
3.85738,3.66543,30.4854
5.0152,4.14536,65.8908
3.64526,4.02231,27.8106
3.48847,2.79652,23.7871
3.31984,3.72918,22.1696
4.74335,2.86736,54.0892
4.35882,4.76104,45.9465
5.6225,4.09278,92.5961
4.58357,2.84851,48.282
4.39837,6.03236,50.2641
2.34436,4.93428,12.6165
2.22424,4.45084,13.6194
3.36541,5.04342,25.2042
4.9766,2.02865,61.0009
3.51156,5.16663,28.3951
3.68097,3.17316,26.9259
2.59782,4.52462,15.2194
3.95072,2.17459,31.7736
5.01266,3.09799,63.6178
3.70784,4.54922,31.4844
3.28633,3.0615,21.1176
3.48174,5.80525,28.1733
4.58498,3.7695,48.7722
5.13976,4.64177,71.3318
3.91033,4.97269,34.5606
2.46606,4.40113,13.769
3.33003,3.00939,21.064
5.18215,3.68263,70.0607
5.35294,5.15684,82.8925
3.9147,4.34116,35.2429
3.38212,5.24227,25.6593
5.70402,4.70474,99.7182
3.32538,5.49801,25.2439
1.22449,5.80101,11.7125
3.10725,4.00153,20.2797
3.86226,2.51518,29.0658
4.35744,4.76426,45.1536
2.86795,6.16865,22.9628
3.55031,4.34974,26.8007
5.03144,5.25979,68.3813
4.04874,3.86623,33.288
4.00761,5.16332,36.2612
3.95051,2.63859,31.542
6.38002,5.9504,140.051
4.13427,3.28049,36.9952
4.5619,4.75,51.2675
3.91055,6.59405,38.12
3.57237,4.29079,28.543
4.15923,3.78034,39.8815
3.61748,3.75174,29.113
4.33417,5.20387,46.6739
2.33813,5.31433,15.2875
4.30576,2.84594,38.4496
3.92837,3.06894,33.5703
5.39437,6.12404,84.8739
2.16135,2.62546,7.91757
4.69723,4.82801,55.9411
2.95709,4.88768,18.7993
3.68932,2.52875,26.7207
5.13593,4.51385,70.296
4.56766,2.38429,48.1981
3.69541,5.05052,30.16
7.5071,3.10387,232.584
4.39162,4.38108,45.6166
3.30233,3.49436,20.7473
5.01272,3.50246,64.3303
5.3023,6.52414,81.5153
3.81752,4.35382,31.3215
5.24924,3.63434,74.1091
2.6854,2.73666,14.375
3.32452,5.00593,24.8253
4.25323,3.70924,40.7299
5.4547,4.47768,84.5295
4.47339,2.97335,46.5354
4.68828,4.85374,53.7435
3.1234,3.51101,18.9044
3.73693,4.54711,29.9162
4.47426,4.33119,46.7039
3.94076,4.10652,32.9468
3.93806,2.53821,29.7084
3.86842,3.00155,31.397
5.86185,3.50168,104.857
2.73187,4.99411,17.4994
5.40865,3.19698,78.2673
3.88973,4.96404,34.7189
4.27687,4.25866,40.3446
5.39164,4.01361,80.863
6.10684,2.41276,117.524
5.14815,3.37616,70.2243
4.39575,2.71188,41.1237
2.86492,3.43848,16.9173
4.58036,4.76388,53.2942
2.89763,3.42022,17.8624
3.20052,3.85078,20.6799
2.72892,2.0897,13.1046
5.3893,4.22428,80.402
4.9581,4.02647,64.8986
3.44491,3.66175,23.7291
4.085,5.55218,40.6393
2.71958,5.48887,19.2165
3.40613,5.19249,25.6769
4.56421,3.79554,49.5425
3.35958,3.70327,22.7254
4.4071,6.09273,48.4704
3.06047,3.92009,19.2622
3.39975,3.03743,22.6571
4.19875,2.96475,36.2398
4.16891,2.89233,37.9545
3.42988,4.40025,24.8171
4.94957,4.06727,61.4057
3.86731,2.74518,30.8987
4.45347,4.54175,46.7434
5.24411,3.84111,76.05
3.07747,6.04365,24.856
2.95506,3.2124,16.0621
3.4524,3.99583,23.1861
4.18821,3.62587,36.8897
2.97908,3.80406,17.4352
4.69322,3.65149,52.748
2.58438,2.39526,13.3217
3.82752,4.29674,31.5745
3.99766,5.2659,37.6263
4.50184,4.6588,50.0366
5.24989,4.11707,75.0052
4.57239,3.06692,50.0496
4.5879,2.33495,46.4635
3.94279,3.75624,33.8673
6.06927,3.98097,117.641
4.97438,5.42618,66.2544
5.74744,4.61074,98.0497
5.00159,4.46981,64.2173
4.37766,4.1068,44.0193
4.98766,3.66114,64.5116
3.87678,3.51094,32.7921
2.73846,2.34456,12.9889
3.47826,4.27842,25.8295
3.59039,1.57823,23.4806
3.68849,3.84172,28.743
4.28433,2.67144,40.956
5.03642,3.79546,66.5206
5.47421,2.14965,81.7579
5.13051,1.2201,66.5571
4.54914,2.81403,47.6662
3.77763,3.76245,29.3402
3.95014,2.8942,32.4028
4.34429,4.50884,44.32
3.40345,4.83935,24.2909
4.38598,4.64761,47.3638
3.95784,4.80171,34.5695
3.74739,4.836,31.4352
3.63178,3.42389,26.8407
4.10154,4.87701,40.7486
2.88707,5.15437,19.3495
3.12665,3.98582,20.4899
2.7205,4.11235,16.4713
4.13188,2.38449,36.0173
3.25437,1.91088,20.1954
3.66302,2.95006,26.4276
6.52613,4.63155,147.561
3.61498,5.07106,28.2747
4.51678,7.23863,55.8179
5.38055,3.89893,77.2658
3.59241,5.34665,31.1646
4.82291,3.77642,56.469
4.73099,4.56148,54.8028
4.22626,3.84519,39.7647
4.58923,6.06686,55.6325
5.25554,2.80723,73.9273
4.15706,4.33908,38.9721
4.43859,3.18529,45.3194
1.63905,3.96426,9.24678
3.40399,3.21979,25.4755
5.25032,3.44378,73.8367
5.04896,6.07646,71.4219
4.58898,3.23413,48.767
4.69662,2.41667,52.1877
3.04692,4.27728,18.4307
4.1045,4.69043,38.7559
4.20714,5.38752,41.5632
5.11935,2.96786,68.3299
3.02298,4.39908,19.078
3.32206,3.21829,22.3617
3.41177,4.18494,23.9692
3.27428,3.68203,20.769
4.02808,4.22786,35.6286
4.00378,3.1798,33.183
2.11893,2.78169,10.5763
3.8163,4.14831,32.704
3.91583,3.70339,32.2244
2.36887,3.00291,11.8928
4.29966,2.6165,38.098
5.26172,3.82899,74.5244
3.9002,3.10673,31.2626
4.34872,4.7826,44.9774
5.30083,2.91581,75.1909
4.5177,4.95168,50.0797
4.57416,5.25659,54.8277
3.43489,2.57398,21.4665
5.27278,3.92784,73.9424
3.24427,5.22195,23.2427
4.00495,4.15777,34.7871
3.05412,4.46967,19.8002
4.59153,4.10489,49.8771
5.47633,4.80034,84.8145
3.97556,3.73054,34.7348
4.00452,4.38284,35.5716
4.03261,3.86188,35.8288
3.97723,4.29909,35.0322
5.18556,5.09872,74.4415
1.78181,5.05539,11.5736
4.38678,4.34069,44.5777
3.64895,3.77985,25.1028
1.08744,3.5497,9.01965
3.48927,4.32832,25.4259
3.16844,2.70084,19.6985
3.74678,3.32143,29.866
3.46799,3.35239,24.7225
2.47515,1.79076,10.6418
3.21508,4.08779,21.4865
4.02243,4.24569,35.8457
3.09436,3.76294,19.1383
4.48394,3.99242,48.7281
5.95312,4.24877,109.567
4.34828,2.81786,40.4064
3.60524,3.58543,26.2687
2.96241,3.45312,17.0901
3.41756,4.42939,24.3285
4.45779,3.39686,44.8503
3.71662,3.16459,27.8529
3.54612,5.36644,31.8914
3.6413,3.95682,27.0352
3.00133,3.60532,18.0746
3.4591,4.23078,26.6572
4.28406,3.19171,42.7613
2.34146,2.79009,10.7168
5.27259,4.69911,79.3807
4.14182,1.69281,35.0912
3.93779,3.2141,31.3311
3.78357,3.80507,30.3856
1.10296,3.39507,6.3526
3.85138,2.33218,29.565
3.50598,2.69832,23.1309
3.14069,3.5407,19.1715
2.82691,3.80761,16.1783
2.543,3.32511,14.2335
5.65916,4.8747,95.09
2.46462,4.54228,13.2554
3.96288,4.93105,37.6506
3.48831,3.79376,24.7552
4.12927,4.08195,37.2782
4.11595,3.42056,37.9332
3.52778,3.53988,26.8138
3.86502,3.32665,31.6836
3.39817,5.09144,27.0835
3.59422,2.86991,21.704
2.50177,4.14567,15.181
4.82861,4.46124,58.0538
2.73385,4.11031,15.1648
5.48408,4.61167,86.3111
3.84573,2.68373,28.5199
4.25138,2.27919,37.6704
4.07552,2.52062,33.2417
4.12001,4.74201,38.1522
6.63658,5.15516,160.046
6.27951,1.77038,127.733
4.07268,2.85059,34.1986
4.33718,4.18831,43.431
4.11842,4.97527,38.7643
3.9568,3.1493,33.4522
3.95662,1.95574,29.1016
5.0697,4.53567,67.3025
3.20033,3.26849,21.0457
5.25197,5.53501,77.3479
3.8363,4.50069,32.4181
5.72639,5.45929,101.365
2.61818,3.49898,14.3192
7.11709,3.91167,195.667
4.75415,2.81153,54.09
2.56189,3.58,13.7442
5.133,4.10454,69.8349
3.25104,4.63936,22.1473
2.18843,6.61075,17.5797
4.69601,4.64838,51.7956
5.15732,3.71806,71.1698
4.62688,4.35238,52.5375
4.86444,3.70437,59.6818
2.27496,3.41753,12.36
3.9473,3.54871,32.1175
4.35522,5.25068,47.7187
2.16768,3.32758,10.5414
1.84066,5.09219,12.4205
7.02976,3.01437,186.255
2.88022,3.71512,17.0533
3.27828,2.64533,19.4419
2.39375,4.70232,16.3506
3.28469,4.07062,24.2489
2.64134,4.55658,16.7797
4.72242,2.98206,52.3835
4.33485,4.16744,43.1074
3.19664,3.29339,18.8307
3.96971,4.52226,37.1957
5.26144,3.56681,73.6107
3.90843,4.63898,33.5031
3.71992,3.80493,28.8245
1.6885,3.87133,10.5525
5.61232,4.57413,92.4544
3.85653,4.29836,32.9552
5.23856,3.33507,72.3247
5.60961,5.92987,94.9533
2.99549,3.4941,19.6916
4.36383,4.09293,45.3575
3.4637,5.60727,28.4218
3.55856,4.98587,28.2779
5.01809,3.03145,62.5723
4.72837,4.93215,57.5066
2.52964,3.7037,12.7956
2.60494,3.62784,14.6006
2.16128,4.22134,11.6012
4.24641,4.46493,41.2751
3.24681,4.99948,23.4861
5.86975,5.04144,108.785
5.78035,4.78674,101.06
4.35001,3.75794,43.7411
4.4236,2.36688,42.5914
5.32216,3.8675,77.5867
2.24996,4.68398,15.2275
4.72999,4.99939,57.959
4.55051,2.74919,47.824
3.16555,6.55876,25.508
2.62173,3.5477,12.8036
4.67815,3.72039,52.891
4.20184,2.44481,38.1464
2.79398,4.4052,17.7081
2.3812,3.12396,12.2067
4.24873,3.82157,41.0817
4.24491,5.22028,43.6227
3.5921,3.52913,24.9664
3.66396,3.6232,28.5205
3.75431,5.57177,33.7971
4.21996,4.43234,41.7663
4.30574,3.63295,42.3718
5.27361,3.95283,74.9911
3.17695,3.1504,20.6487
2.37371,4.46448,14.7304
2.96448,4.10637,20.1761
5.13071,1.32677,65.4492
4.53244,3.98935,48.632
4.46304,3.31378,46.3971
2.93933,4.86379,22.1065
5.11741,4.30668,69.0519
3.20804,3.46562,20.1536
4.75012,3.44905,54.0524
5.52737,5.28707,89.3983
4.06088,4.9299,38.2688
2.48624,4.88145,17.665
3.19366,5.3721,22.5689
4.49266,3.00984,45.2196
3.16512,4.99755,24.0299
5.36342,3.78053,80.4301
4.40926,3.28728,44.3079
3.27651,3.64883,22.2248
3.37522,5.42292,27.1041
3.17656,3.43302,17.5778
5.55366,4.25659,88.9501
3.43633,6.18004,29.5751
4.69655,4.95595,55.151
4.50031,4.60301,50.2211
4.6536,3.76633,51.3433
2.36857,3.7558,13.6078
