3
1.90311,4.11105,171.571
5.11898,4.16868,2957.75
2.151,3.84151,172.822
4.78945,2.83499,2161.22
3.55684,2.33488,626.205
3.66506,5.15077,979.621
4.04875,3.73274,1130.23
4.69524,3.47619,2019.81
2.79396,3.17872,275.516
3.91208,3.31064,958.86
6.05238,3.88868,5946.94
4.54444,3.05896,1742.89
3.87011,3.70709,946.387
5.85823,2.89188,5108.23
4.67373,3.50417,1983.42
4.56758,3.45352,1802
3.90589,3.05902,940.354
3.47776,4.43753,716.731
4.06607,3.20017,1110.21
3.33773,4.19962,598.981
5.506,4.03157,3989.41
3.27824,2.38456,455.355
4.71583,4.11104,2112.86
4.76992,2.07141,2105.94
1.70425,3.6052,106.004
1.92184,5.18356,351.338
2.59563,4.15904,297.393
4.19299,3.85518,1303.01
4.53714,4.35486,1841.43
4.10189,4.14851,1227.86
2.74747,5.24007,524.311
3.56465,4.73443,823.036
3.9631,3.6534,1032.96
3.04322,3.09118,363.532
4.18724,5.82994,1681.29
6.20191,3.21685,6555.99
3.87578,5.67308,1297.33
5.43316,3.5581,3730.56
6.19194,4.14461,6585.25
3.59118,1.17644,639.109
4.26404,3.80698,1389.73
2.42264,4.07802,248.326
3.15202,4.89366,608.996
4.02823,4.71483,1227.15
3.07575,2.60959,359.188
4.65882,3.88246,1988.5
2.44721,4.07708,251.197
3.6315,3.62066,738.687
3.48384,3.51879,626.625
5.38111,2.62246,3535.69
4.58888,4.85962,2005.11
4.10505,3.87776,1204.09
4.11158,5.05759,1384.18
6.51676,3.43438,8145.16
2.86865,4.10079,372.741
4.77661,4.55506,2282.72
4.03175,5.28838,1348.94
4.69654,4.18274,2087.46
2.42392,3.77189,215.888
3.14268,4.66186,563.493
4.92491,6.19294,3008.72
1.878,3.56721,120.182
5.01786,4.95283,2847.71
4.22185,3.18616,1294.01
4.8277,5.1308,2490.8
4.13127,3.26684,1188.25
2.46906,6.3023,794.789
2.7455,2.09523,225.59
5.06716,3.91213,2810.29
4.05141,2.45761,1068.5
4.49257,4.49881,1790.91
4.73183,3.96156,2127.37
4.89171,3.09595,2372.87
2.77877,3.81157,312.633
5.69278,3.17769,4527.3
2.94434,2.46508,302.777
3.81165,3.46382,876.97
4.52684,3.651,1751.32
4.88221,4.71356,2516.58
5.27664,2.98768,3264.95
4.95722,4.375,2619.01
3.58113,2.60489,650.668
4.40586,5.15246,1783.94
3.89098,3.357,941.49
1.81056,4.72585,249.108
4.32941,3.48264,1451.14
3.54309,2.56572,621.724
3.9891,4.01767,1092.44
5.38663,4.73649,3736.19
3.3476,2.9605,511.5
6.91045,4.89567,10695.4
2.75107,3.93508,315.347
4.12979,4.13743,1258.17
3.15407,3.64572,449.369
4.90251,4.12856,2475.66
3.35732,4.49918,649.251
3.02353,4.61524,501.28
5.49991,2.67509,3886
3.89359,4.26796,1027
2.86481,4.17199,379.846
3.74323,3.36552,808.094
4.38762,3.70992,1549.68
3.04907,5.54729,715.91
2.44754,4.34416,282.472
5.5022,5.43922,4228.41
5.20937,2.30102,3071.12
1.98439,4.02935,171.631
3.78621,2.87094,822.793
4.22023,5.48588,1617.9
3.84774,3.29689,896.684
3.61707,3.76726,741.201
4.45021,4.74256,1766.94
5.35989,3.89952,3551.71
2.91756,3.31902,325.78
3.41812,4.15324,642.602
3.41388,4.40969,673.196
2.97531,3.36512,350.966
2.75929,3.13109,259.591
5.61649,5.93955,4741.39
2.70815,2.181,217.577
3.76675,5.19454,1074.18
3.78869,5.81848,1265.71
4.03155,4.33136,1173.09
3.72274,4.8835,970.878
4.9083,4.74251,2574.92
3.52948,5.31775,920.468
3.40982,3.56091,581.738
4.16498,2.94128,1212.14
4.28408,6.12416,1909.41
3.17499,3.45552,443.818
3.27525,4.42616,594.165
3.62586,3.91963,761.15
4.2119,3.84813,1329.2
2.70261,4.03532,309.24
5.76641,4.50199,4909.86
4.38653,2.38532,1485.16
1.91181,3.74493,137.188
4.23241,3.78047,1348.45
5.92506,3.90746,5429.13
3.30548,4.61538,640.23
1.7531,3.48791,103.746
3.74201,3.28114,801.693
4.26473,4.11046,1420.51
3.71688,3.51695,799.266
5.82818,2.07724,4974.33
3.08376,2.71178,365.643
4.03151,2.82355,1058.19
4.86721,3.7188,2363.26
3.89778,4.28699,1032.67
5.91421,4.25937,5429
4.43201,3.28285,1582.49
3.25018,3.63374,495.374
5.17115,5.93744,3474.12
5.49488,2.37469,3862.92
4.6467,4.51694,2043.7
3.77827,5.40926,1136.45
5.19355,4.19585,3144.17
3.76397,2.9992,806.534
4.62085,3.94432,1928.84
4.98599,4.59822,2714.03
2.18454,3.80557,177.3
2.76809,4.48961,389.285
3.65452,2.86164,713.774
2.54551,5.20681,460.905
3.35907,4.45492,645.155
3.6414,4.73664,881.602
4.52947,3.73592,1762.79
4.09653,4.27488,1238.49
3.25362,3.15709,468.145
4.22481,3.68391,1330.34
5.5822,5.27115,4436.97
4.71623,6.17437,2597.82
3.89931,5.0534,1162.34
3.73362,5.52392,1130.24
3.83674,3.81122,925.274
4.64422,4.12317,1987.08
3.08184,3.04819,378.97
4.45539,4.62059,1752.86
3.92299,3.68649,994.439
2.40271,3.89136,221.395
6.17731,5.3313,6728.68
4.51422,3.62366,1730.16
4.12455,5.36728,1473.2
3.72175,5.00263,993.539
2.36259,4.79897,337.627
4.88149,4.69029,2511.54
2.77497,4.45768,386.753
6.50888,5.15517,8330.27
6.51584,2.04334,8088.52
1.64325,3.00433,67.9188
2.93823,3.98204,385.524
5.24563,3.90998,3245.39
3.47403,3.83628,644.569
4.0658,4.11469,1184.62
4.98467,2.73479,2554.47
3.07034,4.90283,573.606
3.65115,2.78239,708.424
5.8188,6.14929,5521.24
3.74416,2.51924,774.784
3.76944,4.11127,895.268
2.72272,3.48978,271.135
4.27152,3.73176,1392.91
5.12365,0.804159,2848.31
2.46135,3.75371,222.54
3.92227,3.45451,978.112
1.53947,3.99503,133.578
4.39402,2.92711,1511.35
3.10258,5.57294,747.278
3.87956,3.00969,911.964
3.99581,4.87007,1220.48
4.3886,2.84167,1498.8
4.92551,3.12463,2445.91
5.67853,5.62879,4847.28
3.65687,3.95316,787.827
3.96579,4.83535,1181.32
5.48616,4.75756,4029.98
3.52739,4.58429,770.971
2.59939,4.68248,370.615
3.51469,2.42983,599.928
3.66774,1.92795,701.809
4.11163,4.0559,1231.8
3.32507,3.37825,518.058
4.30748,4.89812,1593.88
3.52392,3.83541,678.192
2.80662,3.78918,318.226
3.52712,3.53833,658.036
5.06447,5.01664,2967.62
4.61971,3.05365,1864.99
3.35525,3.61855,552.929
4.55473,4.97398,1971.48
2.55749,5.22578,468.627
4.40201,3.43899,1548.01
4.51945,3.63395,1739.18
3.80664,4.56913,988.109
4.44887,3.82576,1648.15
2.52867,2.7857,185.137
4.51508,2.49013,1675.75
4.06526,3.40993,1124.86
4.56642,3.8312,1827.54
2.64788,3.72844,266.297
2.84861,3.66548,323.771
5.34746,4.569,3597.37
4.45919,3.74781,1653.48
4.88393,4.97434,2566.37
4.51113,2.76478,1680.42
4.13021,4.84593,1365.96
4.57631,3.16786,1801.08
3.52871,3.55331,657.029
2.66392,4.64239,382.444
4.14635,3.00661,1196.37
5.1943,4.80588,3236.19
2.28844,3.63414,178.368
3.90996,2.27259,917.953
5.26965,3.23238,3258.22
2.75163,3.95652,317.788
3.87516,1.83141,881.562
4.45747,4.16166,1692.78
3.55239,3.86948,699.447
3.17054,4.1183,501.861
3.51331,4.2111,712.151
4.39241,3.97636,1578.96
2.47473,2.14365,155.961
3.21988,4.224,539.599
3.87725,3.61139,944.845
4.56806,3.76596,1827.88
3.21439,4.45374,566.88
3.01977,4.7032,515.546
3.85171,5.57595,1246.83
4.03669,4.59587,1217.98
6.22211,4.41665,6759.19
2.99791,4.94241,550.096
3.59648,3.23906,687.687
5.3952,5.31336,3882.1
5.17494,4.11518,3087.27
5.52668,2.86481,3974.06
3.40195,4.21644,638.853
2.38638,4.30721,266.958
1.57692,4.81258,250.418
3.8087,4.03689,920.901
3.86354,2.92807,893.938
3.17424,5.92673,892.212
2.74901,4.32541,361.219
4.56124,2.30153,1746.11
3.89269,4.19294,1016.35
6.14803,5.12438,6549.39
4.61184,6.03231,2360.68
5.66068,4.32187,4518.18
3.30519,5.13494,736.7
3.94666,3.50056,1005.83
3.8768,3.61472,945.675
3.09088,4.53693,519.54
7.24671,3.56935,12966.4
2.51047,3.77041,234.689
4.82114,6.51596,2943.8
2.42936,2.72342,160.044
4.04153,3.52999,1104.72
2.59365,3.63507,245.817
4.42435,4.25105,1653.62
5.9833,5.7961,6033.28
4.79177,3.79119,2222
3.84498,3.49688,906.998
1.9794,3.34474,114.936
2.99238,2.7562,328.834
3.14815,5.02413,631.884
5.46512,4.52454,3929.01
3.04724,4.08152,440.47
4.52075,3.7084,1745.48
4.77656,3.80441,2194.7
3.40399,3.08289,549.975
4.37785,4.58472,1636.33
4.87918,5.08699,2581.51
2.39986,4.67712,325.216
3.78008,3.71087,861.816
3.84345,5.24726,1153.38
4.02119,5.46146,1384.67
4.21989,4.37675,1397.13
3.5028,3.529,639.636
4.6238,2.98927,1868.83
3.40949,3.7339,593.88
2.72737,4.38192,364.212
2.11928,4.02124,188.788
4.10642,4.67082,1305.04
6.25237,2.48606,6761.05
4.97717,3.9753,2616.12
2.9088,2.67973,295.382
4.1697,3.76353,1269.17
2.44238,3.94828,237.505
4.40645,4.33437,1640.97
2.6117,3.58881,246.554
3.01826,4.39438,466.059
1.25992,2.64202,36.8796
3.35074,3.99975,582.563
4.74038,5.02105,2300.87
3.64941,6.19893,1290.21
2.9386,4.942,525.836
1.79743,3.70796,122.339
5.11391,4.93246,3064.34
5.99696,3.41597,5681.73
2.62493,3.6779,256.54
5.30483,5.11615,3584.51
4.03759,3.92188,1134.1
2.57815,4.50742,337.736
4.73962,2.82794,2066.43
5.71731,4.89715,4803.98
6.56522,3.69824,8429.24
2.19295,3.41222,146.849
3.484,1.1992,565.502
3.0477,4.59064,506.785
3.76572,4.57709,953.999
3.98192,4.31637,1119.38
2.17877,4.10884,204.448
3.5747,3.99683,728.239
3.7159,4.15965,856.873
3.44866,2.29954,552.277
5.66511,3.79963,4476.65
2.63581,2.93331,217.925
3.55296,2.41854,626.663
4.08866,4.69829,1289.02
3.2178,2.99216,443.582
5.66953,5.78602,4866.43
1.0147,4.22556,140.211
4.22102,4.53989,1420.44
4.12165,2.74122,1154.14
4.33959,3.78143,1486.94
3.28741,3.24889,490.81
5.61409,3.99803,4326.57
4.47254,2.07604,1603.5
3.31414,3.22959,503.086
3.43889,3.46526,593.509
3.34736,5.18521,774.196
4.28979,4.06033,1448.01
4.27966,2.88661,1351.63
3.28764,3.39372,500.265
4.30838,3.65446,1434.9
5.36103,2.24622,3471.83
5.84625,4.85239,5260.08
5.94255,4.71525,5605.19
3.07653,4.00919,444.878
4.88983,3.72429,2409.33
3.63702,2.47097,690.269
4.5031,2.28527,1654.21
3.33126,1.68214,472.118
6.09452,5.75715,6482.13
4.86692,4.6624,2478.08
4.07586,3.10618,1119.11
3.83424,4.11657,953.099
4.37822,2.83666,1483.56
4.18569,2.70373,1227.67
2.99175,3.19745,348.016
3.06339,1.64476,338.455
3.40342,3.01343,546.923
3.4583,4.84156,768.561
3.30115,2.90614,482.848
4.5198,2.92686,1698.48
2.97982,3.91397,397.402
4.17865,3.26044,1244
3.39326,5.52987,888.743
4.06408,4.21879,1193.71
5.57297,4.0197,4194.71
4.00483,3.23444,1048.09
2.98805,3.68288,379.535
4.1407,3.27268,1198.54
3.20169,3.75152,480.964
3.32346,4.2799,601.817
3.48345,5.03261,824.464
2.89765,4.60054,450.117
4.03414,5.24788,1342.84
3.52749,3.51505,658.035
4.30613,3.19182,1403.28
4.7319,3.42281,2082.48
4.33135,3.71797,1470.4
2.43286,4.80737,353.073
4.55412,3.15708,1763.08
3.31987,4.06096,572.8
4.31533,2.99063,1404.42
4.71298,3.62752,2063.15
4.03508,5.50696,1409.2
5.01156,4.22718,2719.04
3.76691,3.33066,828.206
3.80694,2.27659,821.4
4.06895,3.70741,1149.36
4.13352,1.82752,1150.42
2.25296,4.36728,249.732
2.72177,2.5255,229.093
4.31767,4.66621,1566.26
5.53487,5.63398,4383.38
3.98957,4.65151,1176.13
3.8215,5.11849,1102.62
4.46108,4.58278,1755.31
2.94595,4.4743,449.277
4.19847,4.28663,1359.71
3.33162,3.39593,524.591
4.24285,4.31226,1414.51
3.25158,1.05363,426.753
4.06561,3.73042,1146.02
2.79516,2.97067,265.772
2.4314,4.07825,248.075
3.93949,5.05051,1201.2
4.59727,3.35512,1846.58
3.27565,4.62627,621.089
4.12164,3.59146,1200.28
4.36691,3.11831,1480.28
3.22917,5.35947,750.8
5.79621,3.40612,4904.95
5.01869,4.00982,2710.15
3.3986,2.95609,541.717
3.82659,5.04443,1091.95
3.99528,3.87865,1083.02
4.88123,3.87078,2405.14
4.36004,3.03527,1468.06
3.29381,3.79892,532.684
2.97144,3.86729,386.477
3.18591,5.44984,750.035
2.73424,5.03989,475.163
1.5822,5.67275,453.907
5.39043,4.76704,3751.49
5.07407,2.99837,2763.99
4.11297,4.80466,1337.12
4.6226,4.4401,1993.08
5.80365,3.51415,4940.3
4.44858,3.25693,1606.72
5.42225,3.42672,3687.76
2.43776,5.92909,646.994
3.88186,4.28034,1015.76
2.09804,4.52237,247.372
4.71559,5.16844,2286.64
4.73196,4.71172,2227.03
4.63397,2.39754,1868.46
5.00664,4.89105,2811.61
3.37034,4.3463,636.638
2.39697,5.12743,409.18
4.6496,5.33839,2212.07
3.41631,4.42584,675.981
3.42145,3.91025,618.17
3.52212,3.87434,680.494
3.82906,5.37899,1172.45
4.31534,4.2366,1501.42
3.11723,4.60766,541.012
2.66184,3.5877,260.544
2.81258,3.97096,339.541
3.50076,4.10274,689.262
3.13041,5.08823,638.815
6.52366,4.80606,8342.22
4.43906,3.1069,1583.18
4.41514,3.22564,1554.88
2.33461,4.69871,315.22
3.67406,3.58273,767.424
3.69995,3.5609,788.047
4.4169,4.52253,1682.22
3.5381,4.31879,742.169
4.31678,3.97509,1474.86
2.61126,5.61337,584.194
4.41422,5.19432,1805.88
2.63567,4.07116,294.635
2.87483,4.34546,403.168
3.71203,5.16038,1020.79
2.21408,3.13311,136.796
3.85835,3.87784,949.785
4.01326,3.42556,1068.05
4.01045,3.39123,1062.42
4.49764,6.25509,2264.6
4.53574,1.94008,1699.92
4.26308,4.1614,1425.14
2.91596,3.76439,356.332
4.20898,2.95931,1266.56
3.08932,2.33413,359.831
4.41302,5.73846,1952.06
1.88113,3.47182,113.125
4.12355,4.6175,1318.11
2.88553,3.00345,297.546
3.25312,4.38989,576.616
6.66111,3.03846,8936.31
3.48939,3.63865,637.109
4.47827,3.42472,1659.69
3.50602,4.57909,757.755
3.63115,4.10117,781.711
4.13146,3.09017,1179.18
4.03232,5.3792,1373.3
1.45856,4.27413,159.384
3.97356,3.52095,1032.79
5.69835,3.50117,4565.76
6.43975,4.70981,7874.96
4.22439,2.90116,1285.22
4.38632,3.46517,1527.98
4.60069,5.89732,2294.22
3.82227,4.88512,1055.54
3.75706,2.79732,794.337
4.77934,3.49269,2175.78
4.51185,4.26253,1787.86
3.47449,3.93557,654.294
4.62933,5.0268,2104.52
1.86129,5.42793,405.613
3.99637,3.85059,1081.89
5.00225,1.75816,2572.14
3.57465,3.1404,665.349
3.78779,4.2431,926.948
4.17065,3.57787,1254.44
2.65975,5.16051,480.457
2.02628,4.82491,288.938
3.44374,5.19769,834.191
3.61452,4.17008,779.329
3.04947,4.18819,452.929
3.61884,4.15916,779.917
3.14999,3.09842,413.48
3.98595,3.19248,1026.33
5.23676,4.94019,3369.71
4.89311,4.22491,2466.95
3.34253,3.73695,554.647
4.48185,3.10754,1648.98
4.92433,4.5744,2577.74
4.57377,4.31897,1893.16
3.14435,3.42022,427.499
2.31349,4.0528,220.361
5.42428,3.42163,3694.46
3.44699,5.70201,971.317
5.27498,3.18259,3271.9
2.54225,3.22349,204.468
3.59287,3.75215,720.784
5.34438,4.69312,3611.09
4.6287,2.44971,1860.39
3.37212,1.80061,497.779
5.12455,5.82685,3320.77
4.18248,4.59769,1381.38
3.73152,4.44235,904.709
2.49189,3.63517,220.181
5.11209,3.42596,2876.57
3.57176,4.97103,870.279
4.17055,5.05238,1452.35
3.67457,4.46409,863.288
3.78171,3.06678,826.445
3.81295,5.62789,1228.22
3.28037,4.44356,598.181
4.44938,4.85522,1786.69
6.2985,4.45379,7126.61
3.14628,2.01641,381.54
4.99207,3.29249,2595.68
4.50645,2.41154,1660.92
3.88637,4.08262,997.922
5.21514,3.44274,3129.72
3.85156,3.83884,940.714
3.38344,4.62481,687.469
4.46996,5.67957,2016.32
2.9877,3.70093,379.439
2.38176,5.27253,441.548
3.83324,2.27239,845.607
4.41143,5.33922,1836.62
3.69512,1.89587,723.193
4.22926,1.17292,1260.75
2.34621,4.80436,333.81
4.27624,3.81668,1407.01
3.42865,3.16028,568.665
4.50385,4.85258,1867.34
5.2014,1.69278,3041.71
3.65987,4.02406,796.059
1.26191,4.19355,141.376
4.08713,2.88373,1122.48
3.69305,4.05327,826.284
4.76992,4.15751,2217.38
4.50965,4.29226,1788.76
3.36949,2.71245,514.155
5.47673,5.15493,4078.71
7.27881,3.2609,13203.3
4.16534,3.30795,1230.64
5.62071,2.05964,4251.22
3.40641,6.31058,1170.38
4.41955,4.68836,1711.75
5.08109,4.44953,2907.09
2.62601,4.86833,410.438
5.14346,3.44748,2953.16
3.32851,2.75213,491.236
5.12046,3.70741,2916
4.72827,3.26104,2065.74
4.31293,4.37361,1517.06
5.92115,4.56574,5498.38
2.54681,3.88292,254.459
2.68946,4.06389,310.658
4.12773,3.85279,1227.38
4.44411,3.30287,1602.27
2.89189,3.84143,354.373
3.40113,3.53935,574.534
3.84006,4.9149,1078.72
3.24122,4.99164,670.218
3.99368,4.30221,1129.43
5.53545,4.92793,4211.15
5.00036,3.45222,2621.38
4.9154,3.6839,2459.61
3.20566,4.34091,544.857
3.81427,4.14669,938.051
5.12598,3.84869,2943.18
3.03615,4.00534,427.067
3.03482,3.22687,366.633
5.32521,3.77041,3443.1
4.11924,3.16261,1169.76
2.76045,3.47635,281.669
3.96364,3.71292,1037.88
3.45523,3.51826,608.202
4.68538,2.10447,1952.33
4.80341,5.13794,2443.06
4.21394,3.79514,1324.9
3.66946,4.72067,898.611
5.70655,4.18957,4657.05
3.93657,4.58469,1112.17
3.70859,4.47694,891.604
3.51397,4.6558,774.604
4.7454,5.04832,2314.78
5.50145,4.62457,4051.7
4.30897,3.38565,1414.13
2.88218,5.5556,650.745
3.1943,4.40436,548.115
4.29133,2.44326,1356.54
4.20609,3.90943,1326.82
3.64032,3.97596,776.729
2.29632,5.36266,446.446
1.48389,3.74937,105.486
4.21827,4.45184,1404.85
4.51966,3.69807,1744
3.88935,4.57365,1063.28
2.82612,3.78416,326.501
2.38419,3.1425,165.765
4.49822,4.14136,1754.17
4.91699,3.14568,2425.8
2.57021,4.66258,361.037
5.2539,3.75717,3253.04
4.4262,2.27167,1538.63
4.87524,4.83015,2522.57
5.4125,3.34375,3656.7
3.20285,4.38835,550.058
3.93607,3.19527,975.118
5.60568,3.56503,4262.07
3.99897,5.43987,1354.07
3.21422,4.82481,625.882
3.05029,5.47952,697.756
3.69324,3.50048,778.269
2.67877,2.93838,229.084
4.24298,4.25954,1410.65
4.75751,4.25578,2205.37
4.2993,3.45289,1409.97
3.06673,3.95399,434.517
2.51884,2.82173,181.82
3.84919,5.74984,1296.99
3.11543,4.69519,557.419
2.69934,4.51174,371.134
4.04384,3.56998,1110.55
3.94331,2.78434,967.798
4.01087,3.05715,1044.23
3.12511,2.70238,385.668
4.05176,3.13388,1093.62
4.46334,3.48121,1641.51
3.15199,4.75574,583.274
3.22082,4.9243,647.389
3.51447,1.81794,588.895
3.93254,5.11247,1207.24
4.06234,2.86529,1094.54
2.16933,4.28992,227.233
3.18449,4.16454,513.014
5.76954,4.65154,4943.55
3.98164,4.00742,1084.41
4.54473,2.998,1740.84
2.52494,4.27945,294.809
4.79718,3.45464,2207.71
3.79159,3.83872,888.06
2.97154,5.34173,628.049
4.60382,3.98462,1905.76
4.00652,5.2279,1307.97
4.72589,3.52643,2077.97
2.87338,4.61324,441.608
4.48473,1.62353,1617.17
4.69726,2.07516,1973.57
1.3601,4.33537,162.318
4.44677,3.61145,1626.2
3.57597,3.6854,701.581
3.23783,5.87908,907.178
3.32822,3.94768,566.026
3.14788,5.5044,746.828
3.9374,3.90983,1028.78
3.77734,6.19203,1392.42
5.13514,3.10248,2913.62
5.51487,4.0629,4020.79
3.09197,4.076,460.093
2.92163,5.18866,572.998
3.34592,4.42664,632.45
2.8802,3.87297,353.385
4.49028,4.06833,1731.06
4.12442,4.42214,1289.61
4.02011,4.29809,1155.95
5.10861,4.36412,2960.54
3.78974,5.74655,1244.27
4.92372,3.48943,2461.17
4.01602,3.58241,1083.55
3.27915,3.39452,494.169
3.54412,3.21074,647.828
4.30974,5.69769,1794.71
1.39572,5.28053,337.791
3.14174,3.81741,457.778
4.95455,4.05323,2576.27
3.73524,4.4701,911.575
3.75587,4.33059,910.776
4.41555,3.48026,1571.3
4.81967,4.3245,2333.29
2.86824,4.76382,467.338
4.44064,3.69376,1622.24
4.06006,3.7205,1140.14
3.08678,4.06538,455.719
5.01486,3.12457,2635.97
2.72733,1.75974,216.672
4.29621,2.44692,1360.51
3.50579,3.97962,680.02
3.85402,4.81377,1069.68
5.33159,5.1464,3662.98
4.13852,6.07672,1710.95
5.64895,4.55355,4512.95
4.2731,1.69987,1319.2
4.89163,3.7722,2415.98
3.78269,2.80112,814.749
4.18696,3.93548,1306.07
3.90006,5.30057,1220.42
3.15812,3.99099,480.489
4.48676,4.63909,1803
3.62733,5.8056,1130.49
4.81216,4.25363,2307.73
3.66392,2.70301,715.546
5.25385,4.40916,3322.86
1.57821,6.17055,630.698
3.68793,5.64694,1127.14
3.58009,3.18904,671.743
3.97716,3.13801,1015.22
4.63077,4.24634,1979.38
2.7686,4.37415,372.972
4.05192,3.61076,1122.99
4.62836,4.10993,1960.33
4.23871,4.81616,1489.83
5.68534,4.33126,4603.41
4.39155,4.81432,1693.71
1.96235,4.63208,248.065
3.71459,3.506,794.684
4.68816,2.44953,1964.78
3.54783,5.07308,877.765
3.87469,5.57576,1269.32
3.70208,3.39434,778.492
4.56842,2.8963,1773.52
4.37452,3.60546,1520.85
4.41933,1.5782,1519.85
3.98756,4.23135,1112.6
3.85565,3.70319,931.813
5.05729,4.84051,2913.71
4.63745,2.74652,1884.22
3.55854,3.98079,715.094
2.23196,3.89284,190.586
3.09739,4.68553,544.724
4.82164,4.39776,2346.75
2.24083,3.03598,136.233
5.23002,4.77006,3319.44
3.37178,2.66877,514.442
5.7986,3.98604,4961.12
3.10014,5.08669,624.079
3.73094,2.64805,765.327
5.19577,3.02412,3059.36
5.31736,3.82353,3426.06
2.30927,3.55548,179.361
5.39291,3.40356,3604.87
2.67373,6.02682,739.909
6.42198,3.31533,7633.32
3.37277,4.77997,706.192
4.43653,4.50848,1708.57
2.71359,5.07151,476.129
4.28567,5.20092,1630.27
5.17283,3.76954,3047.49
2.09084,3.31061,127.168
3.76912,4.08419,892.435
2.44813,3.68576,212.887
3.56765,1.23941,621.576
6.08691,3.15261,6041.45
4.64218,4.83838,2089.61
5.64643,5.08775,4601.67
4.35712,4.84213,1650.94
4.4678,4.22804,1719.31
4.19581,3.77647,1300.6
4.21794,2.78123,1270.18
3.18798,6.5175,1140.69
3.65526,4.68653,881.427
3.98486,4.20087,1107.82
5.4464,3.52703,3767
2.11126,4.08266,193.746
3.05143,5.00133,583.86
3.8946,4.38459,1042.93
3.68589,4.82962,931.131
4.6362,5.53916,2241.17
3.53193,3.49382,657.382
3.8224,3.8428,913.234
2.828,4.68033,439.686
3.89405,4.62587,1079.43
4.58659,4.12553,1891.89
3.76814,4.72424,979.981
2.35395,4.42895,277.701
1.89668,2.66964,76.4983
5.68702,2.75908,4491.09
3.92769,2.29316,935.009
3.83776,4.11103,955.527
3.56531,4.47131,780.981
4.88419,4.08029,2432.74
5.29178,4.17258,3395.86
3.1361,3.65087,439.118
4.58132,2.83897,1792.68
2.78082,4.57111,404.153
3.37811,1.95545,502.958
4.23889,5.72502,1711.92
3.79563,4.48214,966.507
3.66826,3.6131,764.885
2.77184,3.47092,285.445
4.96632,2.68312,2511.13
2.86467,3.5502,321.502
2.78354,3.33886,281.421
3.37908,4.06711,608.182
2.47254,3.90517,238.729
4.00255,3.73496,1077.51
1.9214,2.94733,89.0065
3.46891,4.33862,698.337
2.74422,5.29853,538.385
2.80961,2.18888,247.965
5.29844,3.58259,3358.76
2.92476,4.79179,490.732
3.4507,5.53277,925.631
4.33078,3.54259,1457.02
3.56213,4.82356,837.574
3.07965,5.05032,605.882
3.05577,3.78214,413.678
2.75984,5.21484,523.134
4.65321,4.07206,2001.1
4.29447,5.2267,1648.35
2.32966,3.10678,155.585
4.58227,3.14971,1808.06
2.39056,4.42623,284.912
6.58837,2.78242,8508.19
4.47134,3.50766,1656.42
3.62538,3.10729,702.573
3.99711,4.02792,1102
4.88729,3.47173,2385.79
5.48282,5.20405,4110.09
4.378,3.95038,1555.91
4.61544,5.59357,2222.18
3.87754,3.73959,955.7
3.86823,5.34833,1200.39
5.0465,4.38913,2817.68
3.81869,2.62985,841.834
2.71002,6.30483,860.344
4.11156,2.56705,1137.66
2.8675,3.25314,303.415
4.6958,0.561129,1961.9
5.28531,3.14518,3294.68
3.38642,4.31586,642.32
3.8124,2.94507,849.248
5.69179,5.59269,4880.54
3.32563,3.62203,536.746
3.07202,3.63211,410.017
3.56369,4.00211,723.339
2.36755,4.52802,292.693
3.19977,4.13802,518.972
5.04701,2.46906,2684.57
2.87183,4.13872,380.287
1.69075,4.44974,195.839
4.63148,3.27002,1898.19
4.18197,4.70248,1399.03
3.64637,3.9082,774.687
3.62037,3.7033,735.716
2.77958,4.85787,454.389
2.29695,4.23627,239.538
3.75622,6.89038,1711.55
3.96658,3.1452,1004.93
3.445,3.07295,575.248
4.28144,5.03981,1589.89
3.48189,4.44883,720.572
3.46178,3.41699,603.2
4.60564,4.14727,1926.76
4.16966,4.27638,1324.18
3.51873,4.64423,775.595
3.56135,4.85256,841.144
3.35011,2.90667,509.851
4.32454,2.85347,1410.87
4.51095,4.62678,1838.96
4.4247,2.65877,1543.65
3.63659,4.64461,860.353
3.68958,2.75903,740.613
3.3458,3.42985,533.132
3.41169,4.4861,681.623
4.71133,4.56658,2164.93
2.57957,3.88781,263.199
4.41453,4.15434,1631.54
3.05161,3.40093,385.326
5.27918,3.89403,3332.02
3.86809,5.13852,1151.01
3.90442,3.85162,992.181
4.20617,3.03439,1266.76
6.37458,3.64901,7413.98
4.5754,3.10465,1792.59
3.49241,5.56936,964.019
3.95741,4.76002,1161.75
3.58987,3.3579,689.749
4.06432,5.68786,1494.17
4.85908,2.13846,2278.1
2.51565,4.08701,269.321
4.47053,4.04982,1700.03
3.76232,3.69078,848.742
3.8105,4.07478,927.422
5.13013,2.938,2893.65
5.07789,2.49472,2755.93
3.6927,3.67671,790.905
4.82877,4.88706,2440.06
2.92433,5.3769,620.331
4.47314,4.34418,1739.48
4.94048,4.59236,2615.33
5.13823,3.03937,2918.36
3.17835,3.13703,430.409
3.91787,5.20026,1214.06
3.08248,3.66476,416.684
2.83009,4.42197,398.29
6.33636,3.19111,7193.23
3.33827,4.25004,605.526
4.45564,2.27343,1580.92
3.63272,5.79971,1132.16
4.55268,2.82762,1746.48
4.27352,4.84076,1539.3
4.22318,4.83888,1473.86
3.59175,3.89137,732.089
3.07938,5.39225,684.198
3.79348,4.51352,968.566
5.48075,3.70716,3883.34
2.71282,6.76142,1078.13
2.82011,3.53959,304.817
3.19571,3.47155,456.225
4.78679,3.16064,2168.7
2.53537,2.76211,185.237
3.55764,4.99383,867.077
4.40007,3.44325,1545.99
3.64335,4.20778,804.126
4.24238,3.70914,1354.34
4.03678,4.66087,1226.29
4.5167,3.0111,1696.58
5.07185,3.98278,2828.09
3.44128,2.6205,554.653
2.83626,2.38558,259.712
4.59586,2.73659,1814.49
2.51204,2.11075,163.775
3.55089,3.02998,644.21
4.00395,3.5545,1067.5
3.52029,4.15885,708.259
2.55102,3.22679,207.745
4.31429,4.0945,1482.19
3.60306,5.6294,1058.73
3.6968,3.61128,790.687
3.67217,4.19246,823.58
3.97994,4.25537,1108.36
3.97231,3.3408,1018.96
5.74406,4.4069,4814.8
5.40374,2.18429,3589.88
4.5253,3.85977,1767.23
4.39725,3.69817,1561.06
4.3808,5.2803,1778.13
4.98005,3.61675,2591.43
4.6053,4.35934,1952.8
4.3584,1.99216,1438.32
