3
5.23422,5.48211,2047.23
4.52243,4.17746,802.931
4.56913,1.72779,58.4184
2.99924,4.27591,867.05
3.42348,4.73764,1228.58
3.80519,5.63106,2247.81
4.28559,3.42475,416.948
4.74367,4.84476,1331.35
4.32419,2.11828,98.787
5.02988,5.0114,1495.01
4.64405,4.30438,888.839
3.26865,3.81517,591.857
4.446,5.82521,2535.46
4.59202,3.70705,540.894
4.54093,2.55226,170.736
3.61409,3.45234,426.834
3.27575,4.99625,1477.58
3.18569,4.01057,698.961
3.84823,3.86696,620.697
5.56437,5.35945,1888.87
3.66818,3.75675,563.387
3.2965,2.99486,272.359
3.09655,1.40411,38.0264
1.89947,4.59611,1108.22
2.85696,3.36301,393.029
4.1778,2.25659,119.122
4.11646,2.77781,217.201
2.63052,6.35126,3452.1
4.83904,3.78802,579.41
4.47237,3.44496,424.885
3.44753,2.3557,133.942
5.0955,5.10397,1592.34
2.32,3.08464,296.603
2.17402,6.95313,4790.57
5.38337,5.25776,1766.73
2.13424,4.89858,1380.32
4.15715,4.78651,1273.61
1.63779,4.83976,1320.02
5.66474,2.6527,190.709
2.84177,4.78498,1270.89
6.06643,4.14194,779.473
3.99824,5.13458,1624.49
3.49281,2.70432,201.121
4.52834,4.912,1391.91
4.66201,4.92565,1407.64
6.02172,5.27459,1785.48
4.63929,4.96742,1449.56
4.08007,2.40306,143.621
3.35519,3.15945,322.092
4.67449,1.63089,52.0489
5.96175,4.45074,994.476
4.31211,3.90682,639.674
4.27936,3.37211,396.784
3.47197,4.79893,1283.77
5.22388,4.91162,1394.83
2.43934,5.2002,1696.89
4.64357,2.68676,197.125
4.87369,1.97406,84.4012
2.96274,2.84468,233.539
4.06805,3.83985,605.555
3.98514,3.37155,397.736
4.72071,3.25125,354.1
1.58394,4.14398,778.283
3.54117,4.27915,869.018
4.30726,3.07638,297.37
6.25769,4.28417,875.503
3.09181,2.75737,213.184
3.7032,5.80065,2497.22
5.74257,5.37749,1912.09
3.18759,5.35881,1887.97
4.24622,4.17804,803.766
2.64833,4.39081,947.912
4.66905,4.88005,1362.46
4.60974,2.52466,164.006
3.68202,4.06616,733.244
3.87427,2.56437,172.478
4.74602,4.36775,930.671
5.32177,5.07444,1561.35
1.77104,4.61237,1119.99
4.36718,4.19368,812.267
4.76147,4.18976,810.808
2.14993,5.51576,2088.15
4.06587,2.49275,157.524
4.7298,1.24247,31.6273
5.11164,4.78716,1274.79
1.80834,2.5409,163.855
3.6725,2.63247,185.632
5.20293,4.11324,760.889
3.20456,3.31561,374.091
3.12421,3.87296,621.71
3.99205,2.13645,103.335
3.30299,5.19458,1691.25
5.55802,3.0853,302.34
4.24733,4.94918,1429.93
5.03506,6.25707,3273.07
4.47357,3.44853,427.179
5.71674,2.56096,173.073
4.59039,5.66852,2300.66
1.48082,4.08427,742.346
4.3315,3.82649,598.914
4.55499,3.97081,677.791
3.98982,2.2131,111.442
3.88978,4.79158,1278.77
3.60118,5.75662,2429.74
5.05501,3.98266,685.27
4.81094,4.33864,908.86
2.70571,3.95277,665.314
6.27372,3.4555,431.958
2.98881,3.94039,657.774
4.15796,4.5799,1095.09
5.86508,4.80809,1295.57
4.17949,3.43149,420.537
6.15304,3.89205,635.912
4.13675,3.3982,406.758
4.99841,1.46482,41.865
3.14342,2.78538,218.056
5.77618,4.73426,1227.64
5.38466,6.19956,3168.14
5.58817,4.67731,1175.74
4.80839,3.65258,516.951
5.8488,4.3573,926.893
4.18967,4.51859,1046.29
2.3726,3.85085,610.446
2.68542,3.53509,462.54
3.42768,4.43328,978.625
3.24303,4.89078,1371.8
5.03461,1.72637,59.7302
3.03777,2.24018,115.974
3.85949,0.669988,13.3224
4.49925,1.82128,67.7823
5.13791,4.4262,976.274
3.53355,4.99611,1475.12
1.22175,4.50004,1030.8
2.94567,4.56515,1082.64
5.27685,3.20663,339.778
4.7982,4.60063,1110.53
3.97897,4.55102,1068.75
4.45611,2.5198,163.515
4.25372,4.98599,1467.66
4.24194,4.75069,1241.36
4.29981,5.05754,1543.36
5.17501,4.32767,904.485
3.52754,3.95285,666.673
3.01534,4.70521,1199.4
3.1721,3.34538,387.239
4.17135,4.87827,1360.09
3.66697,3.19727,333.136
3.89303,2.80976,226.023
4.3169,3.38384,400.167
4.05095,3.24492,352.48
5.2731,6.55483,3870.48
6.47341,3.68408,530.966
4.69595,5.17813,1672.26
4.62408,3.4733,438.071
3.04071,3.84095,607.133
4.62341,3.5344,461.759
5.05313,3.83706,604.944
5.21557,4.12411,766.948
3.30195,4.6092,1118.05
2.70766,3.57123,477.843
6.26577,4.46191,1004.12
4.33126,3.48244,442.676
4.26939,3.47197,436.311
3.23349,4.05084,721.349
3.37239,4.86651,1348.04
3.18808,3.4097,410.438
1.37014,6.02318,2853.07
3.93727,2.48511,156.312
2.47725,2.17153,107.383
4.89454,2.74443,212.668
3.65796,4.07257,735.422
3.79874,4.68846,1185.71
2.83434,3.78686,577.641
5.27925,3.0168,281.196
4.54264,4.95365,1434.49
3.21517,2.5353,164.225
3.23678,4.4741,1010.27
3.81926,3.5798,480.904
3.74966,3.12646,311.986
3.89924,5.52425,2100.38
2.04738,4.20624,820.472
5.15648,4.79009,1278.54
3.36433,3.81529,593.79
5.32205,6.39571,3543.58
5.17622,5.21624,1718.07
4.19981,5.23327,1739.79
5.185,4.47179,1008.44
4.48645,4.89772,1378.99
2.66513,3.17861,327.675
4.15802,6.18055,3131.93
5.11135,4.03749,716.905
3.78686,3.23547,346.23
3.56822,4.33392,907.165
5.75933,3.21259,340.832
3.913,1.79026,64.7205
3.99386,3.75831,563.823
4.7774,3.46501,434.395
4.91736,2.78478,221.037
3.59698,4.84726,1328.45
4.37921,5.16301,1657.84
3.74321,4.65947,1163.34
4.48553,4.0491,721.528
3.64943,7.61158,6674.3
1.21417,4.30016,881.035
4.35248,3.68095,528.095
4.78077,2.60636,179.535
4.04435,3.4528,429.789
3.41291,3.27359,360.661
4.71925,4.65608,1156.67
3.18872,2.71746,203.36
3.1879,4.96343,1442.14
3.54711,4.91794,1398.86
2.79444,2.53306,165.091
4.74905,4.84413,1328.82
5.57735,2.56332,174.545
4.35517,2.6145,180.672
4.33961,6.12988,3039.48
3.1898,4.20574,819.118
4.59907,3.5856,485.472
4.60905,3.96278,671.833
4.74469,5.28915,1804.69
3.07626,2.44888,151.251
2.88349,4.34823,916.534
3.71236,4.03808,714.708
3.49128,3.61694,496.192
3.27547,3.70459,537.649
4.69226,3.72633,549.4
3.87433,4.71334,1208.18
7.40622,3.44861,429.757
3.281,3.49719,446.132
3.67726,3.93778,658.767
5.23626,1.64639,54.7259
4.07705,4.34282,915.323
4.82344,4.10569,756.337
3.62875,4.37243,934.332
4.97614,2.37316,139.293
5.17696,4.0563,726.497
4.87895,2.84721,235.386
1.55805,2.98349,268.707
4.55634,3.6578,517.077
3.1974,3.23345,349.49
4.08384,4.99415,1476.22
3.4302,1.86641,69.3481
3.42545,3.44869,426.726
4.56433,3.63714,507.246
5.33591,3.71858,547.339
3.65938,4.88773,1368.49
4.45883,3.70193,538.079
4.80989,3.63873,510.161
4.08146,5.2998,1816.08
3.87382,4.80283,1289.26
4.62398,4.69881,1194.89
2.55464,3.90952,640.244
1.9118,3.96648,671.894
3.77264,5.97898,2781.59
3.63957,3.70824,537.116
3.56049,3.56709,476.758
4.74579,3.25014,354.148
1.94414,4.67697,1176.6
3.07306,1.77662,62.5603
3.3153,4.72712,1219.39
4.76791,5.78009,2466.83
4.41883,3.90162,637.742
5.70981,5.10506,1593.45
4.12609,4.87033,1353.12
3.48749,3.73308,551.835
5.77921,5.02721,1510.97
4.54498,4.64559,1151.08
4.8681,4.68243,1182.23
5.31075,2.41248,145.349
4.27156,4.06833,733.657
3.71147,3.20293,338.828
3.45849,3.52594,456.776
2.76173,3.37488,398.728
5.03764,5.18206,1679.62
4.49807,4.13937,778.051
3.1346,4.08951,745.893
3.63459,4.9682,1448.63
1.26616,4.57641,1089.12
5.08038,4.52322,1049.58
4.1008,3.75924,565.733
4.3585,4.51602,1044.72
3.53473,4.50789,1037.91
4.19621,5.43413,1982.48
2.96394,5.93291,2707.13
5.07914,3.44475,426.787
5.38873,4.64163,1146.08
1.66535,2.75165,210.864
5.81852,4.59009,1105.04
4.45286,4.74846,1240.98
4.25243,4.30001,884.288
5.52601,4.57439,1093.41
4.14398,5.32895,1850.06
5.92109,3.98162,684.723
4.3562,4.5373,1060.74
5.05155,4.40696,962.655
3.26965,2.93032,256.084
4.73675,3.94134,660.487
4.05327,4.83815,1323.4
4.45842,1.6128,51.0046
2.87439,5.17084,1662.76
3.62306,3.78629,577.339
5.29997,2.37752,141.337
4.25389,5.5637,2153.88
4.96199,5.11189,1599.84
3.31537,4.10162,753.625
2.549,2.5982,176.174
3.81218,3.03372,285.583
1.74762,4.52034,1046.12
3.00752,3.6561,513.478
3.38432,3.55881,470.006
2.67907,5.83101,2541.59
3.84794,2.54189,168.01
3.189,3.69422,533.809
5.44026,3.47551,440.323
3.45431,1.3709,36.0589
3.43145,3.18667,331.367
3.98138,3.2782,361.706
4.72799,3.13692,317.674
5.24776,3.67814,528.828
3.69024,4.22039,827.494
4.67242,3.76927,570.117
5.78029,2.19333,112.969
3.55967,5.11022,1597.56
3.36511,4.64708,1150.83
6.0971,3.67742,529.054
4.76673,4.75283,1245.52
3.48717,4.11831,764.143
3.82167,1.95773,80.772
4.81403,5.16517,1658.92
4.7501,4.30014,884.167
4.23374,4.00111,693.12
5.27991,3.4335,422.461
4.29843,3.87997,625.764
4.44619,2.35237,135.524
2.69854,4.33147,904.554
4.79138,3.09502,305.421
2.76338,3.32239,376.71
4.33389,5.03196,1516.04
3.66193,4.73337,1226.25
4.55453,4.84165,1324.89
3.70468,2.55253,168.056
3.11496,3.67433,522.904
2.27761,3.74214,556.405
1.91089,1.5431,43.8804
4.58658,4.69166,1189.38
5.33616,4.67424,1174.3
4.47653,3.05673,291.127
4.8083,2.70349,200.808
5.53711,2.50041,160.571
3.09938,4.48926,1020.63
4.78934,5.46846,2027.64
3.09217,3.89493,635.397
5.69468,5.49821,2068.72
4.20567,3.25697,355.436
4.04361,3.68192,527.538
3.24805,4.03372,714.274
5.64432,5.10354,1592.66
3.7758,3.89614,635.625
3.74882,3.80073,585.83
4.44755,5.07047,1554.29
2.97759,4.72524,1217.2
4.95189,4.4897,1024.81
3.74429,3.64672,510.876
3.82537,2.51693,162.966
4.7718,2.8445,234.347
3.67494,4.64045,1145.93
5.5281,2.67833,195.241
3.05715,3.61488,494.663
4.35564,5.54507,2127.35
4.45809,3.42996,420.537
4.24605,6.4815,3715.83
5.52699,3.79339,583.133
4.51865,4.55805,1078.62
5.55743,3.924,652.329
1.83699,5.5066,2073.92
4.18349,2.27744,123.729
4.0688,3.5558,471.781
4.13047,3.96417,673.949
5.16751,3.37383,399.373
3.98636,4.46029,1001.48
3.33964,4.58036,1094.03
5.57873,3.53541,464.258
5.01441,3.11173,310.384
4.59826,3.29848,370.853
3.9809,4.66873,1168.75
3.22904,4.46353,1001.83
5.13606,3.62561,501.405
3.11584,3.03973,284.921
2.72711,4.3862,942.624
3.69166,3.15494,322.662
4.85527,2.59085,177.408
5.97765,3.37263,400.604
4.53729,2.92909,257.188
5.42763,3.2204,343.921
2.78059,3.63008,502.925
3.3789,3.21791,343.194
3.87659,3.67105,521.353
4.94935,3.54948,469.375
5.49935,4.01846,704.931
4.88251,4.97761,1458.28
3.3737,4.02646,708.904
5.35715,4.61492,1125.09
4.54268,4.72855,1222.79
5.56648,3.30579,372.163
3.08177,3.66446,518.84
3.22168,2.72849,204.503
4.33009,4.39067,948.257
5.52843,4.21634,827.57
2.70298,3.40114,409.051
4.80399,4.18794,807.996
2.74957,4.56319,1081.38
3.04732,5.73474,2396.61
3.49887,2.23044,115.331
4.29762,3.24763,352.688
4.87832,6.98897,4885.48
3.38906,2.33885,132.196
4.67933,3.74012,557.661
3.21984,2.14075,103.008
4.82335,7.47101,6232.4
4.23836,4.89594,1378.04
3.64799,2.71008,200.346
4.63732,5.36436,1893.91
5.72937,2.32301,131.579
5.5306,4.2241,834.771
4.99258,2.64462,189.383
4.74319,3.97424,679.648
5.02274,5.13228,1623.8
2.39255,1.54251,46.0204
4.67601,4.13293,772.65
4.5868,4.37476,937.938
4.2526,2.84011,232.629
4.44931,5.00658,1488.63
3.08055,4.06231,729.892
5.32702,2.25473,120.884
4.0503,4.94702,1428.38
3.96903,2.87368,241.626
5.87849,5.50874,2081.33
4.77512,3.93823,658.827
4.90553,2.91666,252.244
3.60182,5.33567,1858.38
5.31643,3.07871,298.847
2.66431,4.57853,1091.86
4.70848,3.81973,593.462
4.57453,3.86381,617.713
4.02395,3.91708,648.624
4.61651,2.62701,184.731
3.97175,4.48077,1017.29
4.44139,3.52388,457.448
4.73147,3.65857,518.261
3.73222,1.55809,48.0045
2.47,2.51281,161.592
3.92929,4.06124,729.209
3.78136,2.47802,155.509
3.08799,5.22866,1730.17
3.22019,3.53729,462.799
4.17124,4.14345,781.624
3.90597,4.37336,936.073
5.64404,2.87901,243.286
2.9037,3.9214,646.094
3.09834,3.08284,299.051
3.85572,3.57298,478.628
4.53081,4.21493,825.862
4.2952,3.51685,453.882
3.9914,2.70226,202.045
2.90347,4.09496,749.947
5.42565,4.45927,1001.89
4.47807,5.50103,2069.89
4.60246,3.31996,378.344
4.16765,2.28516,123.275
4.06244,4.15935,791.769
4.81385,5.81503,2519.34
3.08479,4.77596,1265.04
1.94224,3.21353,339.524
3.2347,3.35093,388.682
5.34538,3.86092,617.948
4.6118,3.42146,416.972
3.93077,1.84561,70.1113
3.21804,4.02359,704.98
2.62548,3.06186,292.242
3.26693,4.1272,768.238
5.23198,3.34858,388.594
4.53762,3.82162,596.99
3.08717,4.13524,774.741
6.00707,2.58266,177.371
2.39868,2.89117,244.567
4.8028,5.04969,1535.03
3.58744,4.74569,1237.91
4.61108,3.14151,319.498
4.5549,3.50395,450.348
2.43374,3.50732,449.625
4.26984,3.47284,437.049
4.63556,4.67224,1174.75
2.45894,3.85662,612.948
4.60004,5.27192,1782.98
5.13271,3.63076,507.037
3.3086,2.82815,229.611
4.90942,3.11878,309.144
4.79607,2.45461,150.662
1.89116,3.82568,598.376
2.98336,3.38213,401.109
3.91269,4.81674,1300.38
5.42647,5.41145,1955.51
5.20614,4.29473,881.242
4.76841,4.8808,1362.56
4.86343,3.58679,484.279
4.14949,2.88527,246.943
2.68271,4.45023,992.473
2.09472,2.43874,145.865
4.45566,5.89972,2652.62
2.10311,2.48357,155.445
3.29658,1.01146,21.8726
3.36927,4.72498,1219.96
4.67529,3.39099,403.467
3.8696,3.87423,622.217
4.15894,3.69185,533.347
3.33389,4.59037,1101.41
2.91201,3.51456,453.325
4.20291,3.60048,490.007
3.22693,5.01381,1496.58
3.64324,3.84076,606.831
3.14408,2.53594,165.982
3.53248,2.93631,258.973
4.36408,5.11015,1597.04
4.74488,5.68617,2325.7
3.25099,4.09925,752.102
3.174,3.68489,529.808
2.82776,5.06132,1543.41
3.80524,3.6909,532.265
4.50708,2.8497,237.714
3.39936,5.28669,1797.8
3.54073,3.5154,453.435
4.99689,1.87253,75.0482
5.05869,4.23976,844.465
4.92662,3.58393,483.19
4.76789,3.6642,519.831
4.67494,4.27012,864.101
1.30349,4.69942,1193.96
4.66838,5.08773,1574.65
6.23366,3.70938,543.323
3.6143,4.97055,1452.34
3.29662,3.95096,665.861
3.31064,3.16307,323.492
5.16881,4.30785,892.819
5.38806,2.61214,183.175
4.39752,4.32721,902.337
2.30623,3.22107,341.56
4.19782,4.76632,1256.51
4.70801,3.66049,519.215
3.4502,4.11492,763.362
5.10631,3.49944,449.008
4.09404,3.18824,330.773
3.61444,4.13208,774.308
3.33174,3.59531,488.393
4.27408,5.61003,2217.46
3.97186,3.77057,570.767
3.71119,2.78434,218.579
5.06804,3.53965,464.001
4.99286,4.08295,741.992
3.79504,3.7832,575.01
3.25619,4.4629,1003.13
3.46711,4.62974,1135.11
2.98267,3.79134,579.701
3.67169,3.33523,382.454
4.94714,4.14417,779.446
3.69489,4.26338,856.615
2.94636,4.10074,751.366
5.10616,5.01739,1500.65
3.9561,2.04415,91.9386
3.12778,2.59284,174.58
6.75045,3.59267,489.626
3.56613,3.76431,568.169
3.90094,3.01057,278.053
2.46628,3.25592,354.908
5.6346,5.54646,2131.82
3.91041,4.26481,858.997
4.08844,3.64729,512.454
3.77906,5.13892,1631.94
6.11292,4.33641,911.627
4.46253,6.15763,3090.55
3.67597,3.59505,488.539
3.09395,4.24934,848.416
2.51252,3.27796,362.657
3.38948,4.10171,753.111
4.80977,3.01971,278.83
3.61086,5.00332,1486.43
3.39267,3.89438,633.926
4.59063,4.64839,1153.51
4.82842,4.48654,1020.69
4.4537,1.80947,69.1785
5.80632,4.43088,979.456
3.59025,6.42555,3602.32
3.13357,4.74268,1234.16
4.50608,5.33287,1855.42
3.76357,3.86136,614.13
3.29712,2.12483,100.148
6.91057,3.97291,680.355
4.43761,2.36453,135.84
4.49578,4.01732,701.312
4.2319,1.68727,56.8557
2.76098,4.1285,770.195
4.18242,4.77178,1260.1
5.67606,2.61642,184.518
3.47346,2.90678,249.472
2.7699,3.29072,364.77
3.99141,3.87507,625.253
3.2877,3.19769,334.309
4.90462,4.01194,701.727
3.09426,5.37268,1903.68
4.75996,2.00468,87.3656
4.41753,4.17613,801.009
5.18829,4.04806,722.572
3.42999,3.87366,622.762
2.08172,3.58067,480.041
4.14666,3.02034,281.937
4.07387,2.89406,246.554
4.13553,3.97731,680.595
5.25553,3.58941,486.23
3.48429,2.16703,106.752
6.01902,2.88415,245.457
3.70125,2.33069,130.314
3.97123,6.24906,3258.37
3.55713,4.06229,730.054
3.55762,5.84947,2572.55
3.67082,5.52046,2094.78
3.52545,4.24107,843.546
3.06293,4.88358,1366.19
4.01199,3.83045,600.036
3.6102,3.57242,477.748
6.29751,4.50993,1041.55
3.68887,4.74209,1233.78
4.46152,2.2195,112.021
4.5354,3.70617,541.869
5.71261,4.66012,1163.78
5.15484,5.27453,1787.81
2.23089,3.72833,547.906
3.01899,3.14271,317.65
3.29017,3.94398,662.575
4.74957,5.01283,1495.56
2.91839,3.80536,588.524
2.15951,3.92581,652.455
5.00342,3.68659,530.493
5.25021,4.59469,1108.96
5.39112,4.52875,1055.37
5.36465,6.39545,3542.07
4.58508,4.85647,1338.61
3.48307,2.72407,204.756
3.46703,3.72082,548.609
4.96822,4.74282,1234.51
2.81242,6.47564,3702.14
2.97428,3.29317,368.908
3.10498,3.61542,497.925
4.44617,5.63837,2259.57
3.21461,4.47569,1010.97
4.02437,3.87275,622.08
4.05229,3.66313,518.489
4.71049,5.41567,1958.69
5.45111,4.07803,741.022
3.39063,4.45234,993.753
3.13885,4.06488,730.052
5.31956,5.60758,2217.06
2.51613,2.92035,252.596
4.81028,4.76588,1255.56
6.1872,4.13054,773.911
5.51089,5.88702,2632.25
2.85858,4.31071,889.804
5.7625,5.63179,2250.28
4.98911,4.86599,1350.34
4.97902,4.6655,1166.07
3.42761,4.40927,961.399
4.39981,2.30771,127.337
5.4605,4.88403,1365.66
4.06204,4.61335,1122.45
5.46117,4.06722,732.721
4.88891,2.21204,112.446
3.2703,4.49142,1024.4
4.73979,5.38178,1916.84
2.33871,5.06482,1550.34
3.37816,2.5774,174.695
5.28625,3.47066,436.695
4.70964,3.6804,526.654
4.47624,1.96145,80.4379
2.93935,2.95975,262.934
3.77311,3.27943,363.858
3.09395,3.16421,324.636
3.76333,4.93647,1419.65
4.03628,4.25574,855.12
4.81807,4.38814,945.505
5.25774,3.39374,407.493
5.21128,3.47415,436.856
5.52486,3.60405,492.205
4.12892,4.65126,1155.06
3.43819,3.63262,502.969
3.80137,2.5129,161.913
3.33577,3.85991,615.374
4.26357,3.55935,472.6
3.51031,4.88212,1363.72
5.35293,5.47495,2036.76
3.52952,4.4153,966.209
1.99463,3.64671,509.519
4.3745,2.2668,120.747
3.04557,6.11607,3015.77
3.75966,5.30064,1815.56
3.5585,4.81681,1301.28
4.09943,4.5873,1099.65
4.89185,3.56207,475.227
4.75869,3.41717,415.812
4.77351,4.59491,1107.69
5.01567,2.82618,230.413
3.59832,4.58043,1095.95
5.54701,4.96434,1445.73
4.57247,3.907,641.054
6.54212,3.02127,282.952
4.05404,4.60484,1117.47
4.1864,3.82639,598.177
3.08245,3.59448,488.164
3.62194,2.80084,223.754
3.32898,3.20175,334.116
5.10135,4.42588,975.529
4.61826,3.74982,560.498
5.66021,4.01002,700.802
4.04241,4.11613,763.343
3.67382,3.87899,625.27
3.50181,5.34228,1867.42
5.05051,5.09755,1587.49
3.49933,3.81028,590.749
4.62196,1.99252,85.3695
3.10033,2.06356,93.912
5.01713,3.52755,459.549
3.39648,4.14036,778.366
4.25948,4.30366,887.109
4.71152,3.75294,562.026
3.63995,2.7921,222.769
4.94101,4.05404,726.716
4.46559,2.47891,156.167
3.16035,3.89488,633.927
4.8857,2.17142,107.719
6.59249,1.30355,34.8249
5.0127,4.10332,755.07
4.96437,4.89651,1378.23
3.52854,3.46296,434.023
4.43201,3.88174,627.149
4.11959,4.56277,1081.56
4.51263,3.86866,620.076
4.0226,3.18819,332.536
5.39608,4.42945,978.027
4.04907,4.16116,790.582
2.41702,2.87774,240.875
5.25562,4.48491,1021.2
4.76391,4.17725,803.002
4.21681,2.5826,175.761
3.03285,3.79865,585.533
1.79466,3.34768,386.064
3.27144,3.18317,329.993
3.49943,3.47798,438.162
2.54026,2.54163,164.701
2.20616,4.18067,804.223
3.67729,1.98925,84.8038
4.12779,2.99714,273.994
2.67688,3.55013,468.519
5.11387,4.14,778.24
3.32242,2.93227,255.195
4.24977,3.74702,558.907
4.83142,3.42086,415.925
2.60756,4.96273,1442.36
6.63607,2.94113,261.357
3.56223,4.13941,775.902
3.47259,2.21781,114.16
4.1872,5.30014,1816.57
3.81771,3.91647,646.929
3.81112,3.53933,462.402
3.71916,4.0252,708.829
3.19728,3.68777,530.547
4.22899,4.2446,843.651
4.94009,5.34226,1868.99
5.33035,3.37738,399.984
3.46134,4.62746,1132.36
4.45572,4.91886,1400.38
3.99581,4.80559,1290.6
4.87631,3.17196,325.313
4.68707,4.43582,981.964
1.57275,2.56305,168.873
4.31938,5.55097,2136.86
4.57682,4.12546,770.21
4.28094,3.86603,618.571
4.05615,3.86393,618.899
4.08153,5.37013,1902.01
4.96951,5.3662,1896.78
3.34851,4.27241,864.536
2.26989,3.00745,276.728
4.18943,6.40772,3565.82
3.85764,2.79487,221.971
3.94993,4.33212,908.047
4.60529,4.55411,1075.42
5.17883,4.08525,744.569
4.88498,3.76978,570.997
3.86446,5.35854,1887.57
4.23378,4.4977,1028.37
5.2712,3.99381,690.848
5.34151,3.05615,292.713
5.76992,3.65032,515.327
5.07155,2.34354,134.011
4.89122,3.75581,563.021
6.13975,5.66161,2293.26
3.75198,2.53316,164.241
4.45314,3.90092,638.701
4.23403,4.34876,917.944
3.33064,3.06267,292.513
3.25247,2.64224,187.227
5.08933,5.28582,1799.9
3.3537,4.43807,981.529
3.55259,3.54174,463.689
4.08835,3.85062,611.627
3.89607,3.76829,570.1
6.05814,4.10024,752.706
3.88608,3.87411,624.232
3.45466,3.59711,488.518
4.52176,4.12863,772.561
4.05048,2.59583,177.725
3.52381,4.88492,1365.1
5.08155,5.369,1901.99
5.19689,5.93672,2713.59
3.87563,4.24628,846.681
3.7836,2.67742,194.172
2.20355,4.70759,1200.11
4.51641,5.34028,1865.59
3.99179,4.10808,757.84
2.86053,4.83998,1322.04
1.71296,3.26785,357.221
3.60982,4.05559,725.851
5.04871,4.12989,771.651
5.05056,2.65279,190.253
3.88658,5.43685,1985.09
4.3327,4.8509,1334.48
2.45522,3.36952,394.678
4.00894,1.9074,77.2609
3.27045,4.0288,709.989
4.11994,3.66959,523.313
5.22617,5.72555,2385.28
3.4836,5.23641,1740.6
3.57684,2.94945,260.902
2.3334,4.6897,1186.6
4.76462,3.28842,366.331
4.58079,3.48998,443.666
3.10926,2.69699,199.49
3.60883,4.55821,1077.77
4.48151,0.917175,19.5693
4.82324,4.39046,949.021
3.79478,3.36958,397.29
3.70257,3.26035,357.555
3.68915,4.3473,918.126
3.31912,5.05237,1534.5
3.64403,3.52048,455.328
6.50839,3.98625,686.126
3.73037,3.0124,278.593
2.99809,3.40713,410.905
2.90223,4.35892,923.568
5.46453,2.10527,100.621
3.19742,5.57533,2168.97
3.93777,3.3824,402.418
4.07874,3.40982,410.273
4.34242,3.27478,362.946
4.1532,3.59627,489.334
3.23594,3.48963,444.317
2.30106,3.85409,611.736
5.74955,4.06187,731.001
1.71945,4.16709,795.098
3.36027,4.95347,1433.53
4.49595,2.27308,121.904
3.66404,5.2487,1753.3
3.97493,3.54601,468.007
4.28784,4.77953,1266.03
5.33352,3.07393,299.201
1.45505,4.39943,951.273
4.41856,5.09758,1584.65
2.97394,4.92901,1408.4
6.4977,4.02883,713.163
2.88707,5.42137,1964.2
4.60312,5.93616,2713.22
3.86465,2.5562,168.792
3.73352,2.18761,109.599
4.23121,3.62346,500.997
5.50236,2.88983,247.177
5.2026,2.69463,198.047
3.77509,5.46918,2026.28
5.45049,2.64101,188.202
4.16623,2.92353,254.732
3.93995,4.0692,733.811
3.94924,3.85458,612.642
5.14396,2.21909,116.284
4.56059,4.23914,842.43
4.06009,4.85894,1339.8
2.78231,4.51424,1042.63
4.96343,4.49834,1029.96
3.52962,3.33866,384.601
4.74619,2.96385,264.693
6.01341,4.87976,1365.07
3.54487,3.46116,432.215
3.86339,1.76013,62.9264
3.80552,6.2079,3180.91
2.48327,4.83828,1319.83
4.4335,4.17768,800.834
3.41178,4.40642,960.087
4.58888,3.12897,314.549
4.82674,2.24199,118.636
4.21388,4.60529,1115
3.56333,3.66724,520.946
4.14586,4.31034,891.24
3.31179,5.89965,2650.14
5.49089,3.56528,475.369
3.58902,6.02089,2850.82
5.69525,2.52763,166.919
3.75557,4.3697,932.491
4.99684,4.59179,1103.44
4.52083,4.60558,1115.29
2.97853,1.86606,72.3664
3.42637,4.92888,1408.28
4.78507,4.46853,1006.69
3.55178,4.15272,785.454
3.51013,2.87214,242.988
4.05023,5.26926,1779.64
4.02443,4.22187,831.423
4.42251,4.12813,768.783
2.46164,3.63826,506.47
5.27543,2.4698,156.341
4.75605,5.32162,1842.59
4.37319,5.71382,2368.55
4.72517,4.69959,1196.78
3.51521,4.61096,1119.07
3.20397,5.90272,2656.17
4.19778,5.21525,1715.76
5.13647,3.77533,574.236
3.51247,3.59657,487.632
2.5734,4.0759,737.616
4.94594,4.57839,1094.97
2.06481,3.30238,370.305
4.10961,2.68793,196.692
5.20493,3.5323,463.205
5.80057,5.47978,2043.86
4.28758,3.7645,567.813
4.24302,4.22643,834.182
2.91123,5.24538,1750.32
3.62789,3.48215,440.661
6.46835,4.48893,1025.53
1.95262,2.89481,245.066
2.62522,3.54185,464.314
3.3266,4.65592,1158.57
2.07939,4.59269,1103.18
5.31604,3.97792,682.503
5.49885,4.20304,820.392
4.98322,3.67005,522.933
4.78001,6.04506,2893.51
4.94273,4.85697,1339.07
3.17331,3.1803,329.492
3.00333,3.32509,379.678
2.90814,4.97516,1456.51
4.30995,4.53753,1059.17
5.10434,4.50317,1034.08
3.37585,1.81333,67.7362
3.059,2.71555,202.358
5.21304,5.88206,2625.08
4.44406,3.84659,609.445
4.65783,6.1947,3157.58
4.73182,4.3712,934.107
2.27215,4.30665,887.633
3.87139,3.86901,619.755
4.28733,4.03802,715.307
3.77564,3.87044,621.824
4.56841,3.63994,508.262
3.45083,2.55405,168.837
4.3852,3.78462,575.698
5.00894,4.66179,1164.35
4.71839,4.59744,1109.93
6.03612,2.98694,275.495
4.64574,4.06529,732.377
3.48696,3.03579,285.313
3.81171,4.75195,1242.31
4.98396,1.7214,60.2266
4.68581,2.74531,209.062
2.70349,5.31801,1835.35
3.98593,3.02499,281.078
4.8949,4.29339,879.532
3.83366,4.55075,1069.31
3.36388,3.90817,643.08
4.73951,3.75806,565.95
3.75421,3.89274,633.183
4.53374,5.00961,1492.33
4.57169,3.35883,393.1
2.40246,4.42236,972.087
3.64011,4.5123,1041.77
4.45242,3.92922,653.446
4.31255,3.58861,486.41
3.61367,2.70332,201.384
3.23168,3.51511,452.805
4.03441,1.99818,86.7518
3.50488,3.48671,442.605
3.96389,4.32875,904.393
3.96475,3.99706,692.003
1.90874,4.6494,1152.04
4.9883,4.01312,703.79
