3
3.00883,3.5131,12.3503
5.6517,4.18833,86.8396
1.877,3.27476,9.81895
1.97471,4.44922,12.952
5.13424,3.51157,60.563
3.70465,4.26445,21.908
4.42958,4.58196,38.4124
2.2919,4.27564,11.9031
3.97186,5.61652,27.2645
1.39774,5.69307,13.9808
4.78867,4.4622,47.4553
4.01145,2.41617,24.2271
5.12002,4.71806,60.3111
3.04089,2.99648,13.9212
4.83509,4.48497,50.7412
2.94285,4.78833,14.252
1.59902,4.42442,10.8084
3.0221,3.60206,14.639
2.72211,5.03654,13.9223
4.78317,2.76068,44.8396
3.90736,5.06547,28.1376
4.57201,4.94625,43.1556
3.94068,4.62394,27.0342
3.65812,3.6587,20.1245
4.29042,4.87321,34.6738
3.48282,3.01935,17.7188
3.08829,5.20337,17.5123
4.35714,5.81637,38.1365
3.4878,3.70465,17.9534
3.41668,3.35664,15.3993
4.69371,5.03793,44.7501
3.28571,3.06814,14.2266
5.0271,3.99419,55.4821
3.89342,2.82019,21.1319
3.21173,2.07195,12.57
2.21234,3.53208,10.7235
3.68298,4.31519,20.8715
5.94174,3.74556,105.454
4.89005,2.49834,46.3425
5.02766,3.89907,56.3267
4.80696,2.15364,46.1693
4.66143,3.64702,41.8214
3.40107,4.78557,19.1931
4.6837,4.03606,42.2697
5.92893,3.3492,102.97
4.21085,3.93983,31.2247
4.80043,3.65404,46.0485
5.09748,2.84413,58.9541
3.20423,4.89455,16.9318
3.64665,3.68413,19.7569
3.63495,3.63729,19.1692
4.75597,4.25971,46.1549
5.35054,3.6955,70.1213
3.20965,5.64626,19.7859
3.30419,3.19453,16.382
4.94555,4.05769,52.9133
3.13169,3.52054,15.3943
4.58411,6.20507,43.5857
2.68397,4.13679,12.9103
3.97454,4.04382,25.3685
3.86255,4.27958,24.0201
3.11952,5.12344,18.0289
2.93053,3.33279,12.174
3.09012,4.64486,17.8999
3.39369,4.17863,17.1106
5.01771,4.08778,55.8051
3.02671,3.12966,13.4214
2.98363,3.54125,14.1539
4.81741,1.93701,45.9974
4.42753,5.86411,39.4917
3.60825,4.45618,21.2972
4.1018,3.73586,29.0577
2.05239,3.65183,9.88404
3.21032,4.12397,16.2717
4.92527,3.38653,50.5126
4.60566,4.32542,42.48
3.06418,1.25825,9.62565
4.77637,2.72537,43.702
2.71794,5.12496,15.4709
4.78967,3.15188,44.1357
2.30396,3.2823,9.8327
3.86615,3.56377,23.5694
5.16247,3.24023,61.0094
4.54251,3.74665,38.5194
4.62332,4.05386,40.6052
4.94373,4.34894,53.4981
2.32157,4.11239,10.2132
3.64311,4.05751,20.0653
6.83735,5.09187,190.81
3.97124,2.59826,25.0058
4.68619,2.09898,40.331
2.27096,3.98476,11.3842
2.86766,4.05609,14.5595
4.18126,4.57313,30.7905
4.00716,4.79743,28.839
3.51056,5.65178,24.3914
3.23829,5.56837,19.3308
5.08894,4.21324,57.8239
3.72351,4.97628,24.9554
4.56027,4.12083,37.6189
4.29533,3.83548,32.8311
2.86879,2.72159,12.1873
3.13413,3.71043,14.6533
4.94703,4.10297,52.2698
3.12342,3.18472,16.1178
5.60643,2.25771,82.3215
5.91348,4.34316,105.231
4.52132,4.16545,39.3973
5.86905,3.23425,100.283
2.86026,4.16245,15.3258
3.92202,3.35755,23.6351
2.66206,3.25537,12.5964
4.88463,4.80218,51.1426
4.06608,3.8432,26.6498
4.67594,4.847,44.9732
3.79723,4.42812,24.6893
3.71839,4.49086,22.3739
3.56978,3.56958,18.8253
5.27136,2.75225,64.3609
2.77507,4.24458,13.0029
3.98081,4.08889,26.4813
4.08912,4.5571,30.7184
5.06501,2.76217,56.4722
3.32101,4.93586,19.6319
5.48372,3.84963,77.4727
5.49458,3.63429,77.7432
4.15196,4.32104,28.2191
4.21606,5.01255,32.1179
2.84216,3.56922,13.8959
3.83617,5.87864,27.9227
5.94376,4.77872,105.297
1.93075,3.78376,9.96225
4.13412,4.34781,31.0756
4.09589,3.62961,29.8809
2.62207,3.95951,11.7608
3.7994,2.87462,19.8788
3.79657,2.16593,20.6192
3.532,3.92483,19.2686
5.05475,5.21955,59.5711
2.93787,4.47749,15.0181
5.58988,4.6294,83.3995
4.27356,3.85145,32.3875
3.90742,3.55721,24.9129
4.77758,5.05978,49.4217
3.92613,3.94645,25.0309
2.97752,5.97883,18.2662
3.57334,2.72474,19.3758
3.9948,4.40534,29.4599
4.28827,3.85435,32.4366
1.35901,1.98193,6.64132
5.21661,4.26558,64.3815
3.27451,4.77497,18.9422
4.52301,4.54081,39.1348
5.00737,2.78643,50.4214
5.64543,3.13137,86.1338
2.80196,3.09717,11.8351
2.63729,3.13458,10.0975
3.75443,2.9272,20.1812
4.37436,5.30023,37.9215
1.7118,3.37114,8.81531
3.73433,3.94599,20.8155
3.51905,5.36514,23.287
5.18862,3.46772,62.5297
4.26097,3.65048,31.2101
3.66496,5.12362,24.6445
4.86765,5.4978,52.7367
2.59255,5.42147,15.6856
4.77061,3.48806,45.7339
3.26723,4.1183,15.5221
2.60997,4.10853,10.9729
4.28995,4.29889,32.3262
4.11716,3.32922,27.5313
2.70244,4.51129,13.771
4.54297,2.86208,37.6713
4.61836,2.94501,41.5383
4.37492,3.42385,32.2998
4.66729,3.90176,43.3613
3.4614,2.97981,16.3015
4.46665,2.93373,36.411
3.50663,4.16844,20.0633
3.28094,4.14666,17.4609
4.42169,3.25944,34.7877
3.42789,2.97621,17.4263
3.06755,1.1254,11.2532
2.96559,5.9517,19.0115
4.50147,5.19951,39.9222
2.23953,4.6384,10.4388
4.16975,4.18071,31.1995
4.54733,2.33554,37.0665
3.88806,4.15437,25.6528
4.18921,1.6318,26.2722
3.38181,4.59295,17.9459
4.20688,2.35995,27.5595
3.5799,4.24737,19.1318
5.05934,3.82424,57.2844
3.86161,4.04999,24.2295
2.41571,3.54798,10.6697
2.93794,3.75411,15.4469
4.20788,3.5712,30.4185
4.08769,4.18247,29.8038
5.08687,4.16136,57.8137
2.60568,4.48385,13.3201
5.07055,2.80312,56.678
5.04339,3.53194,56.2967
3.97624,2.90877,25.7713
4.34402,4.9218,36.034
4.11498,3.02249,26.2572
4.37931,5.30171,37.3815
4.3036,2.28147,30.1106
4.04107,4.29827,30.0797
5.07839,3.48824,57.3976
4.85026,2.42849,46.1552
1.79624,2.88662,8.78767
3.23003,3.50274,16.8273
4.64274,3.57212,41.6352
4.2787,3.7908,31.8225
4.2561,2.8449,30.3831
3.84678,3.39909,22.9041
3.94613,2.12977,21.5896
4.22402,1.82245,28.358
4.07984,5.49643,31.9816
4.45985,2.86368,35.867
4.69188,3.87324,44.8107
5.6814,2.91739,86.9707
3.82182,3.23536,22.9371
4.31446,4.80725,35.1511
5.5083,4.50207,80.584
4.61854,3.82279,40.3588
3.42119,3.77746,17.1198
4.56418,3.42537,40.5222
4.3218,4.01566,34.1299
2.7268,5.24425,13.2905
2.276,5.03626,14.3612
3.38006,3.51869,16.5408
4.52415,4.44033,40.6361
3.68327,4.79033,23.4899
4.7403,4.38883,44.9254
3.03071,5.06023,16.5287
4.41904,3.73154,36.2858
1.44743,4.52937,11.5236
6.56956,4.2075,159.79
3.0375,4.21636,14.1203
4.62189,3.86032,41.5783
2.24212,4.10488,11.768
4.97001,4.18132,54.4146
4.39909,3.76446,33.6862
4.23429,3.79808,30.5575
3.98125,5.41142,29.4497
5.78971,2.55422,92.3883
2.97402,2.68577,12.534
2.50592,2.83446,11.3194
4.61638,3.42342,39.7131
2.78115,5.30683,15.5267
4.98592,2.54878,50.5372
4.11931,5.14677,30.0305
3.94285,4.73046,28.6128
3.0905,4.53535,15.964
3.08221,4.10179,15.1708
3.12174,1.94899,11.0615
2.74211,4.09059,13.849
2.93726,3.93588,14.0196
5.67816,2.63742,86.3868
2.92352,3.79177,13.7987
2.69368,3.87187,13.4041
4.53548,4.38495,39.9032
4.42973,3.15045,34.099
5.15606,4.49916,60.9515
5.45839,0.21124,70.3774
4.1855,5.3293,32.0302
3.81377,3.87819,23.6263
3.46612,3.25341,16.7194
4.74517,5.29656,48.5164
5.07715,4.76152,59.2057
3.34813,4.01769,16.077
4.39916,4.32924,36.796
3.5512,5.84728,22.157
3.79936,3.46574,23.7779
4.30375,4.97266,34.7421
3.12155,2.24731,12.4385
5.75837,4.05472,93.0114
5.56122,4.88161,82.5229
3.97492,1.79926,22.4709
3.04771,4.41238,16.1277
2.02826,4.35612,10.907
4.57154,2.84806,38.3688
4.45618,1.56769,33.3446
3.64506,3.872,20.9421
3.54544,5.38884,22.334
3.78667,4.90552,25.2219
5.30468,4.18708,69.1101
3.58004,3.92977,17.7356
5.16935,3.50387,62.5406
4.23217,3.31148,29.0469
3.35842,5.01799,20.2568
6.31603,3.96644,135.646
6.54163,5.20495,161.196
4.4786,4.01399,38.0699
4.74193,3.82852,44.6272
3.6565,4.93217,22.498
2.77086,4.30188,13.7163
4.64102,3.50888,39.4119
3.25634,4.75049,18.2125
3.55411,2.40785,17.2893
4.60768,2.4563,38.0848
5.17076,5.76874,64.6328
3.92592,3.41125,26.2411
4.29656,3.29739,32.531
3.19275,3.06258,12.3943
4.08622,4.23823,29.8034
4.07194,2.50173,25.2095
4.02835,4.03487,28.661
2.86021,2.92757,10.1731
4.50406,5.01019,43.128
4.00528,3.13441,25.6869
4.4476,3.22992,35.3402
4.39167,4.53709,36.3272
4.03378,2.28333,23.278
5.75495,3.07916,91.8469
4.68589,3.81088,44.98
4.03367,3.59913,24.9119
6.07508,4.16678,117.126
6.50608,4.3074,154.389
4.46726,3.80869,36.4863
3.03708,5.06187,17.1373
4.23404,3.34031,32.5346
4.97881,5.35148,55.7119
4.50671,4.12929,37.8811
5.52786,3.78642,78.376
3.85419,4.25914,25.9977
5.15222,4.66619,62.1148
3.02265,3.72313,13.735
3.78982,4.02638,22.2347
3.30789,3.63332,15.8939
3.77895,4.8603,26.7662
5.50864,4.6955,78.6538
5.00129,5.31193,58.6228
3.18083,4.79129,17.317
3.25074,3.93131,17.1642
4.16351,4.74164,30.6207
3.28326,4.35529,18.1223
3.95602,3.60744,25.4305
3.60387,2.5402,19.104
4.47897,3.57931,35.5815
4.81317,5.03131,50.6591
1.65456,4.97919,12.3835
3.55264,4.90605,21.7429
4.69027,4.52536,46.0498
3.20836,3.94303,15.9066
4.16121,5.0342,31.0452
3.29792,4.24227,16.6741
5.89458,2.61507,97.1122
4.76197,3.4046,46.132
3.90353,4.06547,26.1475
2.85542,5.69465,17.4623
4.24288,2.56548,29.2908
2.85352,1.95566,11.3385
2.83202,2.08681,10.6858
3.79933,4.0427,23.6843
3.82475,4.03095,23.5654
2.80015,4.90613,15.3331
5.81685,4.5054,98.28
1.30715,3.90309,9.69209
0.510887,2.93112,6.50045
1.857,4.05395,9.85849
4.41453,5.35481,36.8108
2.84489,3.76103,13.3559
3.89878,4.62496,25.5356
3.09262,4.20814,14.4716
5.84347,3.40766,98.722
5.33871,5.49164,73.1327
5.19962,2.99675,62.4444
1.11558,3.97918,9.4319
4.38859,3.51825,34.2727
3.21556,3.68597,15.5291
3.9481,2.78548,23.6448
2.36819,3.11495,10.5689
4.35282,4.40128,34.729
4.52425,3.91876,36.6276
3.9455,3.87202,24.6674
3.75054,4.6077,24.4599
5.41502,3.66503,74.344
2.93717,4.54061,15.7921
1.92326,5.72509,12.6731
5.09809,4.9124,61.5098
5.13364,4.38788,59.3407
2.94567,3.68708,13.5005
5.02275,3.83359,53.6908
3.18289,4.60829,17.3581
4.56697,4.87113,42.2463
3.94171,5.87694,28.6504
3.30337,4.37098,18.699
5.62872,2.00671,82.4064
3.79509,3.49892,22.8174
4.27373,3.01326,31.7353
4.2479,3.96733,31.1006
2.69955,4.22551,11.5395
3.16117,3.11203,13.5606
4.47768,4.92441,38.5393
2.94555,3.38653,12.2671
4.06649,3.50101,28.1212
4.06504,4.66739,28.4584
5.47708,3.81087,75.117
5.05828,5.52923,60.5741
3.70868,5.63746,24.4253
5.14626,4.43598,61.6097
4.52799,3.54733,39.1813
4.77062,3.63774,44.9239
3.58809,3.69384,21.0499
3.56344,4.04874,20.0999
2.61087,5.66491,15.7594
5.87895,3.91113,101.576
4.1105,4.10029,28.9222
5.09808,3.94089,58.9736
4.61008,5.3916,45.1212
6.84371,4.27496,187.889
2.9368,3.81796,14.6394
5.00927,4.20738,55.0898
3.84193,4.84202,25.0802
5.1571,3.6429,60.2707
4.9929,3.30015,52.4783
4.78792,5.22806,49.3433
1.9403,3.6392,10.3998
4.83207,3.91199,47.8883
3.94611,3.97863,25.8267
5.98829,4.17811,108.395
3.04334,4.39697,15.0203
4.52848,2.86561,37.7871
5.32914,3.62329,67.4809
4.90963,5.42215,54.0457
4.40155,3.36722,33.9874
2.2449,3.44094,8.62783
3.84292,4.53039,25.1631
3.09268,5.39309,18.898
5.19289,4.58028,63.293
4.79098,4.24469,46.8431
4.93021,4.88238,52.3394
1.72278,2.32217,6.66457
4.71108,4.42261,45.0405
3.06866,3.93402,15.471
4.26511,2.51985,29.0319
3.7623,2.63383,20.3064
4.8157,5.10844,50.9332
4.70922,4.03713,43.4711
4.28214,4.36777,33.5704
3.30744,1.87351,13.532
6.21635,3.65919,128.064
4.65605,4.0154,42.6312
4.471,2.6076,33.7174
4.81235,3.2046,45.9013
4.32644,4.47578,34.7239
4.36548,3.09043,32.34
3.19346,2.72905,13.7349
3.58804,4.54745,21.7775
3.73292,6.7383,28.1854
4.18598,2.90645,27.9756
3.80751,2.52796,21.4082
2.88298,3.09958,11.2302
5.09413,2.70611,55.2441
4.25876,3.17708,28.99
6.27693,2.61568,129.72
4.05824,4.56015,30.5412
2.68197,4.83888,14.3702
4.73362,0.324929,41.2315
2.85529,3.61674,12.8771
3.42974,4.70026,19.358
4.28851,5.06271,35.1865
4.89338,2.7543,50.2358
4.76915,3.81918,45.8782
3.59172,4.09774,19.2606
3.53005,4.475,20.154
2.34449,3.04943,7.21009
3.27595,3.27874,15.3256
5.16734,3.47482,61.5892
2.35481,3.0429,9.39279
4.69508,3.61667,44.3967
3.56615,3.5229,19.2045
2.75046,3.69036,11.3499
3.54386,1.35859,16.7009
3.37687,4.16157,18.7826
2.91629,3.56158,13.4417
3.4211,4.50617,19.0476
3.67088,4.32754,21.7508
5.58901,3.46089,82.0733
3.78693,3.85139,23.2681
3.98599,4.9728,28.0521
3.39221,4.4083,20.2333
4.29805,4.76749,36.3985
4.60075,3.93788,40.1838
1.51585,3.33104,8.62884
3.9925,4.19375,26.413
6.00057,6.21004,114.149
3.86082,4.04494,24.7021
4.21453,3.2569,30.33
3.33695,4.3081,19.2236
4.97002,3.26675,50.6293
4.06022,5.88708,32.8719
4.00705,4.26761,27.5902
4.38579,3.17739,34.0886
4.29816,4.0236,34.04
3.2358,5.062,17.767
3.62285,5.04991,22.9311
3.87383,4.8429,26.8306
3.78522,3.96226,21.8873
3.61187,3.78868,20.2983
4.0246,2.86563,23.6103
3.41332,5.63004,21.4075
6.14152,3.87063,120.305
3.35655,5.6383,21.0298
4.49064,4.56736,39.4556
3.11312,3.81083,16.355
2.85281,3.04022,12.5894
4.29694,3.97236,32.1922
4.15845,4.93319,30.8555
5.14125,4.58398,61.3093
5.76771,3.05861,91.7037
3.45267,2.96092,17.7332
5.44244,3.74773,71.8753
5.11139,3.81437,59.6353
3.38995,3.46849,18.0763
4.06745,3.52366,28.0999
3.62457,3.22268,20.1184
5.03242,3.43714,53.5742
3.83964,4.61522,25.4622
5.12022,2.30777,57.0953
4.45374,4.29841,38.774
3.81518,2.92957,22.9968
4.28539,3.80951,33.4326
3.58798,4.29137,20.0592
3.47747,3.62193,15.5415
4.39497,3.46886,36.1615
4.30699,4.26215,35.1583
3.47094,4.6999,19.2196
5.60495,2.94347,82.8756
3.82147,3.52769,23.3133
4.93413,3.16032,52.0824
3.23408,5.56163,20.8172
4.43506,4.22489,37.8283
4.83573,2.381,46.7707
3.58882,3.87006,21.3826
4.15136,2.72099,26.6248
4.02119,4.8441,28.855
3.69529,3.26704,21.909
3.47731,3.22488,18.0033
4.24922,5.78739,36.1735
3.73717,3.38281,21.4107
5.64136,3.85163,85.9075
4.96099,3.97517,52.873
5.14982,5.48519,63.6958
4.91558,3.56565,48.9616
4.14872,3.72134,28.2163
3.66403,4.28555,22.9112
5.22106,3.82757,64.2006
5.43007,4.19965,73.2435
4.00533,4.38322,26.9583
3.73542,3.06093,20.6364
6.11262,4.63164,117.492
2.75696,2.83264,9.78429
5.07631,3.03748,56.946
3.07481,4.32836,13.9187
3.96837,2.88835,24.1701
4.33797,2.60486,32.7114
4.77826,5.86603,49.7448
4.71535,5.33735,47.4165
4.02013,2.96089,24.1789
3.76215,2.45784,20.9936
5.9722,3.74542,109.285
4.15829,3.68904,28.9322
4.26974,4.93875,35.0582
3.5921,4.53513,22.2785
4.16054,3.27107,27.7736
5.05198,4.02881,58.4156
4.11739,4.83585,30.4631
4.65324,4.08629,42.7229
3.83255,2.90969,22.2118
3.48774,4.05653,21.076
3.79378,4.33557,23.1971
5.69548,3.26888,87.2767
4.43561,6.04399,39.6648
2.97137,1.42396,9.83223
3.20379,4.33385,18.3619
4.76529,3.47704,45.6167
4.35795,4.58106,35.4852
4.15235,3.58768,29.7402
4.90925,3.44409,50.5578
4.61732,3.72725,42.9473
5.46582,2.61663,74.55
2.3983,3.06317,10.5989
4.36294,3.90566,34.0147
4.00997,2.87987,25.6532
4.74723,5.0337,46.5033
3.52687,4.0124,20.2687
3.90595,3.88556,23.3604
3.79132,2.67586,21.0803
4.15857,2.92563,26.73
4.08697,4.65598,30.174
3.51997,3.25131,18.4172
3.57466,4.4309,21.8672
2.4696,4.0379,11.3648
4.428,4.74545,37.8059
2.6381,2.45935,9.29071
4.55033,4.46443,41.2759
4.42833,5.08001,36.9555
3.35842,2.98215,14.7491
3.20198,3.62006,16.1835
3.68196,3.90161,22.0982
5.47781,3.73913,76.0657
5.37105,4.93418,74.5849
5.50142,5.25399,80.3762
3.50114,3.71558,18.4791
2.827,4.85818,14.3524
5.68067,3.82855,88.6226
2.20843,4.69367,12.9006
4.83938,5.44806,51.8129
3.2183,4.47566,17.1065
4.18797,4.02561,31.5718
3.16087,3.60853,15.9952
3.38105,3.09486,16.0428
6.14096,2.70725,119.455
3.81742,3.77943,22.6586
6.38548,4.35339,143.348
3.45658,5.5637,21.2849
3.087,3.1553,13.8083
2.06676,5.11573,13.7618
3.54179,4.87375,21.1251
4.21155,3.0661,30.7983
4.93614,3.12821,52.0902
3.49199,3.95553,19.9827
4.91022,4.2086,52.3548
3.02118,5.0838,15.6598
5.11944,4.41145,60.8254
3.82592,2.93039,21.9364
5.67197,5.56847,89.6558
2.74296,4.3651,12.5833
4.46599,2.76467,35.4205
3.84106,3.58701,23.181
4.2546,4.92068,33.9141
4.84779,5.29009,51.1795
2.61746,1.65189,9.66975
4.86799,3.42156,47.8988
4.95681,1.91493,49.5324
2.36052,1.58902,8.67746
5.28102,2.77668,65.1484
2.4861,2.43844,7.79972
3.36947,4.65598,18.237
3.28865,4.22107,20.0475
3.30217,6.93473,23.9543
5.3333,3.9411,68.4089
2.14246,3.54271,11.9592
4.44002,4.57116,36.3213
4.77017,3.98089,46.5301
4.68929,3.66555,42.8355
3.29031,3.67306,17.0325
2.94049,3.95366,14.9416
5.67231,3.85027,86.4839
3.60399,5.38391,23.3175
3.87398,5.92015,28.217
1.44329,5.23757,11.7646
4.06691,4.32627,28.7449
5.41892,3.07587,71.0442
5.47631,4.78591,77.94
4.39605,2.91476,32.6489
3.8142,5.27312,25.5829
3.72166,2.42374,20.7453
3.98402,4.98151,27.9297
4.26386,3.22491,30.2746
3.34758,4.02714,17.9187
5.58455,4.74867,83.024
3.44865,4.02737,19.3732
4.39702,5.31516,38.1609
4.42323,2.73968,31.4481
3.67893,3.47838,22.1393
3.0083,3.88089,14.9187
2.89297,4.79558,16.8544
3.66045,5.06622,23.4283
5.0518,3.77853,57.7758
3.92026,3.32639,24.9146
4.9558,4.71473,54.3293
3.42439,4.46118,20.6841
3.67978,4.28994,22.9896
5.07791,2.43827,55.0324
4.63422,3.0285,40.7051
5.05089,3.9335,55.3911
4.85358,4.32156,51.0614
2.9287,2.74988,13.3519
4.19421,3.61063,29.9632
4.89846,3.46731,50.4198
3.08412,3.65916,14.4979
3.81591,2.78315,21.1947
4.62335,3.63446,39.6276
3.08088,4.43293,16.5895
5.3501,2.63982,68.0509
2.33389,5.89377,16.283
5.52702,2.49318,77.113
3.60746,6.62109,26.4496
3.02793,4.31329,15.4424
3.54175,0.960944,14.969
5.28257,2.37464,65.4035
2.07823,2.27529,8.67419
2.61283,4.07334,12.8515
4.28135,5.16301,35.4148
2.78602,4.05534,12.6011
5.09452,3.99288,57.4705
2.07399,3.31625,10.8771
3.52172,4.32887,20.0147
4.41079,4.82111,38.0012
4.64472,4.04893,42.416
3.0762,3.76934,13.6546
3.5792,3.14541,18.9167
6.30368,3.32708,133.402
2.71007,4.9307,13.5992
4.90661,4.67084,51.4878
4.72766,3.06197,42.9415
2.98559,3.72585,15.3126
5.52589,4.55073,81.2909
3.09672,3.22154,13.5491
3.00695,2.89447,12.5307
5.64784,4.25934,87.5305
1.15096,5.07355,11.291
4.2475,3.53796,33.0869
4.73376,4.81236,46.2986
4.02142,4.47359,28.4252
4.12253,3.13929,27.4249
3.77941,4.43671,24.8
4.3337,5.09749,35.6577
3.64189,4.82505,24.6494
2.57399,4.0654,12.3185
3.23724,4.03045,17.9701
4.55808,4.07979,38.5009
5.72822,2.87072,91.4672
3.14704,3.49767,15.709
3.85155,5.06421,26.5697
5.01821,5.81132,58.1771
4.18588,3.8901,30.2756
4.28599,3.44568,31.6302
3.54068,6.20395,24.3007
4.7589,3.02991,44.828
4.38793,2.66015,34.4457
3.0691,2.14797,13.7312
6.04105,5.14642,115.731
5.5098,3.40657,77.3701
4.51923,4.30563,39.6412
3.68049,4.93726,23.653
4.44267,4.33086,37.0083
5.16953,4.62101,63.1833
5.45142,4.27948,76.2219
2.48632,4.27414,11.5969
4.15807,2.87227,28.5702
4.03226,4.67386,27.9917
6.38535,4.37251,142.556
3.607,6.15687,24.7786
4.69744,2.38701,41.7408
5.23316,3.6135,64.3667
3.33563,5.92642,21.3018
3.84212,4.05179,25.5617
4.28902,4.32014,32.09
3.95931,4.30309,26.7737
3.06598,4.95884,15.1348
4.14462,3.87676,29.2921
4.16526,3.27606,27.6702
3.34314,2.16062,15.286
3.55714,4.10793,19.8589
4.19159,4.5822,32.2039
4.55386,4.08725,39.1588
3.94237,4.17017,24.5531
4.4895,3.39174,37.1172
2.78023,4.0284,13.4455
3.73658,5.12473,24.3603
4.14268,5.11121,31.9638
4.86315,4.22424,50.4321
2.64986,3.61663,12.3179
0.515028,4.54528,10.3381
3.74275,2.54849,19.5209
5.11156,4.57094,61.1084
4.25095,4.41272,32.8523
3.30601,4.92471,19.3212
3.2414,3.57822,14.272
4.16091,3.33212,28.7204
4.60192,5.71569,45.3287
2.52571,4.30514,12.7852
4.19799,4.59242,31.9623
4.53956,3.473,39.229
3.21191,5.22119,18.6951
5.89636,3.0905,100.887
3.48268,2.61783,15.8273
4.46045,2.19118,34.9129
2.15358,4.72286,13.2189
5.92616,2.43369,100.836
2.08126,4.91361,13.3073
3.53244,2.11688,17.6384
2.59762,3.22001,10.0265
4.55469,3.92473,39.7665
3.05071,2.78292,12.8536
3.24622,3.7312,15.8721
6.93166,3.9198,200.57
2.90793,4.01993,12.927
4.85244,4.09154,49.4029
5.73444,5.62754,95.4429
3.0953,4.55198,16.7681
2.93688,2.98767,12.8248
5.15876,3.25824,62.1008
3.50715,4.56547,20.5478
3.64401,2.80296,18.3462
4.11836,3.81955,29.3785
2.00531,3.9995,9.67233
3.10832,4.66474,17.2045
5.21613,5.39758,65.5669
3.75937,1.86361,17.4556
5.80135,4.00127,97.6705
3.58608,4.39101,21.6662
2.2168,4.765,11.532
4.17706,4.30275,30.0484
4.19907,4.02872,30.3776
3.55984,3.07518,17.3136
4.537,3.88675,37.4456
4.42576,4.40928,38.1939
0.690277,4.90134,10.2602
3.93124,4.82091,27.698
6.46141,4.65712,149.431
6.41196,5.61645,147.462
5.60075,3.18278,82.1773
4.90041,4.56614,50.4712
3.43031,2.97609,15.8926
4.40724,4.46798,37.3704
4.77211,1.93142,43.7018
5.21223,3.57247,64.7168
3.84122,5.44434,25.8053
2.49653,4.52609,12.5192
4.91406,2.2576,46.7944
6.01177,5.67035,114.618
4.01107,2.69036,25.535
2.2223,5.08162,13.2103
5.19918,2.42443,61.4512
5.28206,4.61948,67.7611
4.50923,3.63185,36.7204
3.45304,3.30787,18.8686
2.0604,4.1752,12.6502
2.68353,3.94779,11.5708
2.42404,2.79421,10.4238
4.14198,4.20617,29.5262
5.62329,5.05662,86.621
3.52728,3.31645,18.3615
3.52758,5.14985,21.5155
2.13733,4.28792,9.90561
4.57134,1.56729,37.7347
4.88284,3.10621,48.4104
5.13709,3.22895,58.4194
4.04777,4.04143,25.7179
5.4168,3.8348,72.6846
3.41105,5.34557,20.741
3.05633,3.90637,15.3827
3.869,3.49517,22.6003
6.06018,3.77097,115.085
1.67377,4.74548,11.8705
2.79356,4.63656,15.3574
3.82625,3.31241,22.596
4.87548,3.72158,50.0267
5.0615,4.52084,58.4576
3.27197,3.78921,15.0367
5.02731,3.62083,55.8061
4.41875,3.36823,35.0978
3.34558,3.09731,15.239
3.41453,3.31074,17.2537
3.92757,3.24418,22.1729
4.07613,3.38992,25.5238
1.55694,3.83168,8.7641
3.77655,3.02083,20.5539
5.73236,3.55598,91.9265
2.58385,3.15404,10.9106
3.82411,3.69818,24.2279
5.12941,4.1163,61.4004
4.57552,3.52991,40.4657
4.14183,3.6242,28.7289
4.26465,5.04129,33.8407
3.58042,5.42087,21.9274
3.63959,2.71979,17.5519
4.31361,4.57607,34.1361
4.42369,3.17338,33.5598
4.44341,3.24135,36.0085
2.32877,3.94731,12.3803
2.52482,3.87869,10.9424
5.16867,3.96027,62.2325
4.87355,4.22283,51.441
4.91947,4.14957,51.3986
3.26228,2.72204,14.921
3.64906,1.69443,17.2321
4.68598,5.14031,45.3617
5.39168,4.7637,73.9232
3.84169,3.13297,22.3465
3.27894,4.37345,20.1402
5.14108,4.74509,60.8048
4.22782,4.38799,32.941
4.06201,3.6961,28.1446
3.71151,2.48577,19.86
4.8467,5.44177,53.0303
3.6925,3.71277,20.8262
3.87591,3.86311,23.3451
4.94645,3.07833,51.6184
4.5311,2.82501,37.8099
4.5111,3.89554,38.4981
1.76183,4.09318,8.7063
2.3948,5.26395,16.3938
2.51387,3.67444,10.5817
3.98073,2.66299,24.0046
3.31578,4.09915,18.4528
3.71541,3.00118,20.9317
3.70423,2.79894,21.4058
2.45533,5.207,16.4105
3.55019,4.46089,20.9823
3.76962,3.66171,23.3152
3.51903,3.10006,19.204
4.74636,5.38294,48.2204
3.37446,5.7415,22.0926
3.66258,3.98961,22.1917
5.06365,1.89961,51.3335
2.83723,3.74503,14.0034
4.60465,2.6061,37.5916
3.6162,3.28272,19.9701
3.45023,5.59461,22.373
3.17163,5.5055,18.5105
2.90003,3.36907,13.0423
4.14968,3.12323,27.2942
3.78941,3.54665,23.0907
4.13343,5.61214,32.7471
2.55793,4.08567,12.289
3.3992,3.51514,17.5398
2.57906,4.78237,12.7627
3.40415,3.3751,18.7632
5.05383,2.69331,55.0514
2.06651,3.61505,10.9929
4.12828,5.2232,31.7478
3.41591,3.55513,17.8864
3.69496,3.32008,20.6515
3.17577,4.06995,15.8597
3.33289,3.90839,17.9369
3.72245,3.58231,20.1357
3.57006,3.51385,18.534
3.62601,4.9984,23.5769
2.71099,4.83468,14.0782
3.72174,3.03568,20.2299
4.00995,3.5924,27.3725
3.08295,3.07457,13.7457
4.47042,3.84999,36.7068
4.40442,3.85138,36.8752
6.03003,3.5824,112.922
3.95983,5.5162,29.9221
5.17009,0.825214,58.7506
4.51861,3.35352,36.1404
3.89069,4.71745,25.3001
6.15676,3.71546,122.907
3.77664,4.35101,24.8793
5.52016,5.92513,82.0275
3.09812,5.07934,16.8895
4.6194,3.3671,40.5437
3.77496,2.99206,23.4724
5.08827,4.3587,58.7107
4.16572,3.94253,29.8671
2.04955,4.06745,10.4785
2.50806,4.13064,12.2523
4.26111,3.15,31.1306
5.84682,5.25427,102.15
5.2904,4.30839,67.4105
2.90201,4.26316,15.5824
5.36363,2.59363,68.4302
4.893,5.36051,52.8257
2.64526,3.47477,11.4356
3.85001,2.68572,21.1799
4.84945,4.55462,48.4193
3.90274,3.63745,24.7279
3.87758,4.60871,25.5634
4.28267,4.23694,34.0358
3.96255,3.37848,24.9498
2.95267,5.22799,17.7714
3.1835,2.24751,12.4529
5.22379,4.6722,64.4858
4.74443,5.46541,50.0837
2.82036,4.03129,13.9736
4.11954,3.46246,24.8615
2.43543,3.70528,11.0378
4.7243,4.7418,44.5795
3.4141,4.18434,17.9056
2.78688,5.30993,17.6171
2.96577,4.53193,14.0487
3.59533,3.32831,17.1836
3.5523,4.3078,19.79
5.1305,3.30233,60.3733
5.29427,4.40624,67.2667
4.65744,3.12823,41.0551
6.08353,4.35551,116.587
2.48828,4.55695,14.2158
3.42105,5.57246,20.7404
4.33268,5.50743,36.6991
3.95624,3.78761,24.8271
4.1966,4.46412,30.7502
3.82025,4.61181,24.6692
5.00378,2.92856,53.4532
4.29387,4.76054,34.4115
4.81468,2.11456,45.7094
4.75264,2.89348,43.4226
4.83265,3.22888,46.8592
3.84204,4.00313,23.9396
