3
3.5509,2.94205,106.84
2.79227,2.31738,55.5435
4.07294,3.13241,129.678
4.07854,4.86918,472.623
3.54797,3.68739,199.702
3.94534,4.87169,472.599
3.71767,3.87311,231.822
3.87287,4.47501,360.723
4.11966,4.1014,280.621
3.83793,2.35791,61.8978
4.37091,4.35781,339.615
3.81469,3.8512,231.017
5.01492,3.64999,203.64
4.155,3.97413,256.296
2.138,4.54608,372.051
6.02019,4.81317,470.917
4.93639,3.38301,164.918
5.12349,6.02624,949.875
4.18101,6.86862,1458.96
5.60377,2.95964,122.759
4.93064,4.35825,340.524
4.21829,4.09532,279.726
5.83675,3.38149,172.445
4.20348,2.74346,92.7015
4.04109,3.42128,163.2
3.29459,4.22117,300.067
3.09201,4.31152,318.324
2.47091,4.42881,343.93
5.35845,5.5298,719.629
5.04757,3.73897,217.964
2.60427,3.60686,183.246
2.95103,3.39462,155.783
2.3055,2.99621,106.952
4.08866,4.68462,420.179
5.4648,3.20432,146.101
3.45414,4.04411,263.132
3.15721,4.54388,376.005
4.22812,4.93074,492.908
2.04035,2.18213,45.2732
5.27963,4.46826,370.149
4.82275,2.52127,79.3402
5.22735,4.68495,425.158
2.51616,5.07811,533.057
3.26289,3.39412,157.242
5.50699,5.18461,586.261
4.86107,5.53157,718.352
4.64288,4.32176,330.473
3.81714,5.65559,765.266
4.01929,5.88919,873.687
4.28977,5.9136,888.038
3.75777,5.59094,735.908
4.85593,4.50942,378.322
4.01645,5.10234,546.854
3.65534,4.83758,461.7
3.47788,3.99482,255.647
3.74609,3.79053,217.674
3.19253,2.6608,80.1561
5.114,3.7813,225.599
3.89334,3.71668,207.958
6.84635,3.14595,154.378
1.78788,2.93722,99.7918
3.88778,3.67673,200.325
2.78624,5.58056,726.685
3.32669,4.95586,494.993
3.027,2.25857,55.4778
4.96564,4.39253,350.465
4.95285,5.52707,716.24
4.80457,2.64112,88.1481
3.5488,3.05649,119.051
3.76819,3.03311,118.382
3.35357,3.35727,150.628
4.05852,4.2518,310.96
4.70674,4.81177,460.932
3.71531,4.29705,318.904
3.49237,5.09337,541.813
2.91451,4.33879,324.936
3.07693,3.08529,118.176
3.4286,3.49786,170.661
5.97778,3.7886,236.567
4.77162,6.20978,1047.91
4.39052,4.39937,346.636
3.60304,3.09764,123.668
3.68487,4.80659,453.774
5.38873,5.19262,590.507
4.12423,3.65241,198.942
3.56922,3.93444,242.295
2.72313,5.10849,544.719
4.81673,4.13529,290.484
4.89474,3.8946,246.111
3.30317,4.48583,361.547
2.89378,3.66489,191.979
3.06045,6.18924,1024.23
3.63379,4.18737,292.829
4.17814,4.01266,261.566
2.92378,4.43096,346.384
3.25406,5.4729,682.594
3.65338,2.03087,46.1979
4.30194,3.35742,156.583
1.98453,4.78285,438.247
4.40001,4.08879,277.937
4.08427,2.82451,97.034
1.74296,2.87706,92.95
2.15254,2.48944,64.3852
3.30982,4.16426,287.133
4.59101,4.77252,447.917
4.99922,4.40524,352.802
3.7562,5.97765,917.405
3.79622,4.2562,309.43
4.89664,4.11275,285.68
3.5119,2.73493,88.643
2.2518,4.61223,388.113
3.2686,4.02972,258.9
5.10562,3.57506,192.412
5.51937,4.11513,292.532
3.76913,4.65345,409.166
5.84438,5.50786,714.977
4.17652,2.65526,86.5218
5.51155,2.89808,117.099
4.26441,2.1648,54.803
5.62308,3.2013,147.37
3.43736,4.90763,481.489
6.61769,3.5991,212.292
4.47682,2.68766,89.1548
4.58879,3.49847,178.056
4.49364,3.34076,157.137
5.14676,4.6898,428.987
3.27937,4.33792,325.44
4.26743,4.36377,338.862
4.97977,4.83324,468.811
2.96419,2.90016,96.8977
3.58859,5.34992,638.02
3.79984,6.00331,929.802
2.35221,5.14955,557.265
4.18817,3.49453,175.45
5.31379,3.0454,128.609
2.77352,3.94132,239.802
2.88749,4.92963,485.203
2.91421,3.34604,146.364
5.07012,3.79441,230.122
3.07498,2.96027,105.794
2.18172,5.74254,798.37
3.9748,3.14016,128.749
3.83482,3.71318,206.338
4.65778,4.08478,281.066
4.56601,2.6154,85.5908
4.55928,2.89405,110.532
2.35506,5.0186,513.136
4.62937,4.05961,273.086
3.4605,2.986,109.442
2.34772,2.50049,65.8493
6.79459,3.94171,271.344
5.0532,2.4025,74.1317
2.54457,4.30706,315.962
3.58767,4.739,431.398
4.34263,4.12337,283.939
3.5508,4.67563,414.762
4.12151,0.97317,20.7773
3.41461,4.58016,386.212
4.31708,1.07992,22.0291
5.22348,4.61442,407.352
4.38414,3.80026,221.774
3.84879,3.66015,196.992
4.04967,4.22642,306.549
3.41173,3.62458,189.738
3.0558,3.75207,208.662
4.01165,2.74299,91.6023
6.73147,4.90962,507.052
4.09894,6.55155,1244.89
3.39332,2.18014,52.6242
4.78819,3.69554,208.292
4.47829,4.52228,376.282
2.43671,4.86864,465.418
3.5205,4.12855,279.669
4.43086,4.47447,365.202
4.44212,2.9902,116.289
4.63598,3.34585,160.149
3.02718,4.93919,490.579
3.90879,3.46256,168.752
4.65332,3.1833,138.697
3.82957,3.6862,201.038
3.12982,5.98155,914.175
3.73829,3.5347,178.171
2.3169,3.76596,209.605
3.69663,3.90643,239.041
4.35012,3.01241,118.434
4.59306,3.0284,121.452
3.79025,5.02968,523.381
4.414,4.91995,492.567
3.39825,3.46727,165.511
4.2451,3.73812,212.811
2.20823,2.03996,41.5266
4.0718,4.01086,261.135
5.02596,3.255,151.295
4.13061,3.77979,219.293
4.3606,5.27635,612.725
3.87268,3.46544,169.089
4.45233,5.41163,665.169
4.30354,2.24901,60.5873
3.93902,5.44896,678.253
6.06059,3.3336,167.143
6.31044,3.05874,141.695
3.53505,2.83332,96.821
4.41072,5.12014,557.351
5.96823,5.27072,624.171
4.65941,5.44561,680.657
5.579,4.54152,391.254
2.87474,4.05334,261.92
2.70443,3.89591,233.555
4.72697,5.27842,614.819
3.25167,2.75837,88.6194
2.95471,4.9408,488.369
4.51448,3.52946,180.788
4.59642,1.35819,28.6077
5.55391,4.51924,385.165
2.43242,5.41686,657.152
2.81675,5.51821,699.402
5.22182,3.87566,243.599
1.98636,2.64984,76.5719
4.80408,2.66325,89.8315
3.89296,2.32907,64.1331
3.26781,3.70142,202.031
4.03345,4.59146,393.901
3.62379,4.55136,380.931
3.85472,4.56312,382.987
2.68296,4.4725,355.724
6.20817,3.8661,250.674
4.01797,4.27741,314.084
4.10052,5.53219,713.038
5.12866,3.93402,252.671
3.85242,4.14142,285.372
2.46241,4.36924,329.686
3.52026,3.3061,146.097
3.78235,6.17838,1023.08
2.76413,3.83748,222.207
3.83973,5.20629,582.336
4.73463,1.72886,39.6917
3.91395,3.11769,127.513
5.16169,5.07177,546.468
5.21677,2.95323,120.115
3.96205,4.19589,298.644
2.76687,4.54088,373.835
3.78348,4.94715,493.306
5.1087,4.34531,339.237
3.35932,4.27523,310.716
3.81268,4.2896,318.713
4.46107,3.95035,251.858
2.63765,4.58855,385.28
0.838669,2.44275,59.4704
5.54868,4.21648,314.33
3.33991,1.66156,29.0744
4.66988,4.94009,499.002
2.80759,3.75748,206.886
5.301,3.1573,140.193
3.13,5.07589,533.726
4.01529,3.3482,153.365
2.9817,3.21919,134.074
4.22649,4.4862,365.874
4.44266,5.64098,761.502
3.75598,4.02976,261.205
3.86097,4.42452,349.633
4.68775,3.40393,166.754
4.84987,4.05422,273.145
3.74995,4.78253,444.949
2.33827,2.89194,98.4037
3.7744,3.8043,219.817
3.67991,4.62322,399.792
3.59264,3.829,223.385
3.90192,4.93484,490.482
5.46679,5.89824,890.128
2.91672,4.53803,373.322
1.33841,5.2491,591.241
2.89576,3.78049,211.125
5.43415,3.80017,231.772
5.72384,3.17149,143.908
2.91557,5.20577,578.253
4.50232,3.03294,121.579
3.24997,4.96292,498.118
4.35607,4.84983,469.588
4.16027,3.62821,195.117
2.87452,4.49357,363.23
3.93763,3.78806,219.698
4.27474,3.71115,207.092
3.84224,2.67299,85.0641
4.71778,3.1044,129.741
2.507,4.10104,270.626
4.4215,3.01464,119.661
2.69688,4.10281,271.376
3.36061,4.12709,280.274
3.49343,4.07259,269.001
5.15889,4.37851,347.925
3.93213,3.72598,209.867
3.84939,4.57657,390.97
4.90749,4.23607,313.171
2.42285,5.23991,590.491
4.15107,3.11064,128.93
5.01501,5.62318,757.34
4.67725,3.3218,156.522
4.16295,4.50645,372.521
4.32352,3.95546,251.389
5.12575,3.32832,158.965
3.40606,6.20451,1035.56
3.41232,4.40703,342.691
4.48727,3.81185,226.698
5.89174,4.3435,346.969
4.04832,4.16276,290.2
4.34151,4.82389,462.398
3.57683,3.9356,244.316
4.79079,3.26956,150.274
1.80074,4.15842,281.555
3.81445,3.07785,122.275
4.77086,5.38591,659.347
1.70487,3.77859,208.284
5.14519,3.99338,263.159
5.50162,3.50282,185.943
2.97343,4.20857,293.866
3.66928,1.70711,34.0124
4.76925,4.87282,478.777
4.81689,4.64265,411.039
3.40055,3.41912,160.058
4.9596,3.26267,151.95
4.0135,4.26409,312.556
3.1559,3.11042,123.293
2.46159,5.67381,766.514
4.68438,4.93946,499.566
3.58578,3.68004,199.726
4.07617,5.00462,515.418
5.43758,4.74033,446.504
2.12312,3.99819,249.615
2.68996,4.79896,445.771
4.03124,4.91198,488.669
3.50112,4.40356,342.408
3.54593,2.47986,69.4907
3.46588,4.67503,413.776
4.13889,2.7055,89.9836
3.15033,3.97704,248.538
4.39043,4.71389,428.211
4.34177,2.37352,67.159
3.90828,5.09811,548.686
3.12155,5.76842,811.245
4.12822,3.70038,205.802
4.00625,3.17319,134.914
6.21225,3.03066,135.908
4.71793,3.70289,210.338
4.1388,3.88827,236.619
3.15099,4.0791,270.275
5.02256,4.49755,375.504
3.33467,4.03447,262.83
2.04833,3.87424,227.021
4.37693,6.19361,1033.58
4.38178,3.1722,134.034
3.51643,3.09899,122.269
4.82131,3.38538,166.455
2.02197,4.71915,420.522
4.97323,4.80051,457.865
4.77828,3.03433,122.548
1.74076,4.94184,487.159
3.60405,3.984,251.861
2.58123,3.26954,137.966
3.19171,3.68476,197.223
4.55961,3.8454,233.209
2.39593,5.70744,780.773
3.68926,3.59211,187.06
2.99276,3.4438,160.798
4.72263,5.13818,564.659
3.16417,4.32004,322.171
3.83326,5.36619,645.301
2.48563,4.72646,424.173
4.39299,4.983,512.008
5.08333,3.53473,186.57
4.41175,4.86429,473.71
2.71911,4.34943,325.871
4.81435,4.19901,304.304
3.76876,3.87012,232.623
4.01832,2.94381,107.055
4.50081,3.14014,132.731
3.67005,6.18042,1021.04
3.31653,3.5568,178.891
4.75019,3.62496,197.4
3.21757,4.85676,466.305
3.805,3.87974,234.832
6.62409,3.41526,183.47
3.35269,5.01734,516.675
4.6221,3.93258,249.474
5.60621,4.42903,361.227
4.99577,4.8728,481.591
4.30016,3.50802,178.926
4.61446,5.09686,550.68
1.69559,3.51648,169.711
6.10752,3.49437,191.599
3.60405,3.38241,158.862
4.58283,5.05479,536.374
3.62642,3.6134,189.053
2.71214,3.10343,118.552
4.39334,3.88957,239.144
4.52771,4.05915,275.269
4.87756,4.45479,365.776
2.32545,2.51486,66.5225
4.50625,3.57931,190.122
3.06876,1.90615,38.5496
4.23949,3.92398,245.41
3.69685,4.92367,487.321
2.15558,4.40065,336.05
5.33395,2.97358,120.715
4.10899,3.96957,252.044
2.27667,4.67691,408.687
5.08928,2.18584,61.0645
3.12867,4.18134,289.582
3.85226,3.79262,219.214
3.86788,4.88407,477.282
6.53308,5.03318,547.114
2.18813,5.29199,607.888
3.22462,4.9945,506.846
2.51263,3.38637,152.4
3.15736,4.29036,316.095
3.43429,4.6067,393.688
4.56205,3.19227,139.667
2.97081,3.88195,229.954
3.78414,5.91946,888.769
4.3845,4.33258,331.087
2.55281,2.65376,76.8937
3.06726,3.9234,238.369
2.47946,4.825,452.841
5.40005,3.28497,156.47
4.44758,4.05338,271.332
5.31952,3.60559,200.109
4.38157,4.13639,287.755
4.87843,6.24885,1069.87
2.82288,5.21001,580.858
4.21236,4.00829,261.62
3.10428,5.93294,892.263
3.65761,2.99263,114.019
3.28009,3.92167,239.723
2.04351,3.80233,213.728
4.37787,5.56493,727.812
4.15562,4.32547,327.785
4.86763,5.20955,592.436
2.3229,2.42996,60.9777
4.11607,3.54675,182.876
4.09253,3.19822,136.67
4.15155,1.62924,33.7877
2.7922,3.49912,169.339
4.89901,5.62278,758.046
3.17952,3.64112,191.622
4.66625,6.05923,965.109
5.35243,4.35033,341.686
3.73275,4.12845,281.946
3.47004,3.13419,127.775
4.00185,5.14097,563.231
4.48408,5.81705,842.652
4.22959,4.0201,262.888
3.14567,5.05364,525.351
4.66986,2.21104,60.7828
2.75292,3.95571,244.025
3.09858,2.71034,85.5123
5.98407,4.65251,424.554
5.30762,4.18262,304.498
4.05532,3.37319,156.408
5.40201,4.54202,388.495
4.52725,4.89289,483.064
3.11979,5.18333,571.864
4.4577,5.19053,580.012
4.15069,4.00013,259.559
3.04178,2.78653,90.4333
3.61588,2.68862,85.4474
3.40303,5.76606,812.097
4.07223,3.69339,206.474
3.8786,3.5204,176.591
3.68592,2.64399,82.671
1.7649,2.9409,99.4884
3.43221,4.98988,506.28
5.08003,4.87388,480.051
2.59694,2.75175,85.0034
5.57013,4.76187,451.701
2.86611,3.36607,152.032
4.83416,3.28916,152.238
5.2086,6.17376,1029.67
3.55635,2.61228,79.6453
2.38635,4.23511,298.463
5.96265,2.54588,91.6261
3.50503,2.92701,106.548
5.38915,3.60977,201.852
3.04739,3.22906,132.853
2.89243,3.81042,217.581
5.02666,5.50895,708.692
4.08342,3.49752,174.537
4.67491,5.07933,546.008
4.67786,3.53517,184.618
3.23746,4.2066,294.356
4.25291,2.79118,96.7437
4.44258,4.16139,292.698
5.60828,4.44128,366.048
3.55889,3.54786,179.951
4.64607,2.86877,107.591
5.41589,2.37056,74.7937
3.09114,4.50963,366.432
4.94883,4.02151,270.157
4.77024,3.68483,207.57
4.40111,3.28565,150.895
1.95239,3.45871,160.908
5.03268,4.7634,448.62
3.81971,5.23178,592.68
5.76697,3.4322,177.628
3.15668,3.27791,141.262
4.23783,2.69911,88.7704
4.82352,5.49434,703.277
3.51898,3.64976,194.276
3.79977,5.51102,702.948
3.62454,5.03032,521.914
4.05592,4.10622,280.643
4.29057,5.57365,732.423
3.04589,4.86341,466.187
4.28083,4.07732,274.254
4.34697,2.8469,101.839
3.72549,4.2075,298.584
4.53302,2.11711,54.5351
4.5025,4.9258,494.941
4.35656,4.15199,288.912
2.83232,5.30192,614.071
3.95912,4.82806,461.764
4.36419,3.09146,126.206
2.24939,4.10199,269.619
5.21329,4.37996,346.867
4.14014,3.47099,171.707
3.78734,4.91589,487.151
4.94937,2.67865,92.5992
3.08849,4.42824,347.07
3.62602,4.2461,308.62
3.81557,4.2061,298.694
4.34161,2.51035,76.2639
1.49787,3.97824,244.492
5.16667,3.11545,133.987
4.71265,5.04226,534.151
4.76264,2.51071,78.9905
3.04393,4.97115,501.115
3.75748,5.01116,516.71
3.87542,4.53742,380.06
2.53902,5.97983,913.635
4.20852,4.07944,274.322
6.4012,5.6563,783.567
3.93517,3.53632,181.01
3.85074,5.613,745.084
1.97867,3.95604,240.072
2.80859,4.35052,326.426
4.55888,5.13307,562.235
2.70983,4.30345,315.501
3.44299,4.83604,459.931
4.80981,3.77379,221.88
6.47302,3.92097,265.362
5.76309,4.38578,355.32
3.05665,2.7907,91.4158
4.67174,3.87299,237.203
4.48303,3.60969,195.469
2.16508,4.15394,281.727
3.92496,4.87339,474.119
3.52467,6.91278,1488.96
3.06263,4.61647,397.056
2.57036,3.91681,234.646
4.55999,3.96326,255.163
3.8581,2.98816,112.632
3.22845,4.71169,422.302
5.40887,3.74193,222.798
2.43114,4.41357,339.633
4.30132,4.40342,346.521
4.41636,3.28854,149.328
5.46869,3.905,251.986
3.242,4.65483,407.035
2.78621,4.49135,361.008
3.19653,3.85554,227.931
5.53742,3.91534,251.776
3.78749,4.68763,418.414
4.72968,3.50904,181.991
5.30838,0.876327,30.3511
4.89271,2.65773,91.442
4.23567,3.07468,123.019
4.32395,3.78788,222.17
3.51441,3.83283,223.768
4.95452,4.65827,416.324
4.11892,4.90522,485.07
2.60662,3.26419,137.317
4.37117,3.63223,195.737
2.87097,3.74864,207.438
5.53126,3.99403,267.972
4.0269,3.86869,232.76
2.54796,3.38588,153.002
3.81092,4.54739,380.143
2.81319,3.88641,230.609
3.52995,5.5227,704.388
4.24874,4.91259,488.628
4.43955,4.40988,349.653
4.40374,4.57577,390.875
4.72988,3.80526,228.63
3.26042,2.26186,55.0682
2.99613,4.49284,360.97
3.4443,4.93575,490.083
4.97788,3.51519,183.931
3.32329,3.75564,210.594
2.2713,2.95129,102.115
3.70294,4.80211,450.856
3.05372,1.38915,23.6227
4.38005,2.33745,63.6884
2.3698,3.2298,132.964
4.1084,2.77098,95.775
2.90713,4.25385,305.892
4.09819,4.70137,424.156
3.86178,5.28329,611.079
4.29379,4.14486,287.051
3.95208,4.20311,299.67
4.90509,5.33416,637.905
4.74845,4.15698,294.552
4.88289,3.92143,250.759
5.07142,3.75896,221.189
3.8066,3.40141,161.069
4.60425,3.90405,243.275
2.91857,1.27425,20.8592
6.81588,4.70089,447.069
6.20847,2.94576,125.285
1.85422,3.72014,198.561
3.63111,5.38839,652.217
7.44598,3.90278,270.156
3.47018,3.51065,172.785
3.00167,3.38023,154.557
4.63231,3.50959,178.68
3.67005,3.01261,113.483
4.52319,4.08532,278.02
3.92591,4.95879,500.104
2.88752,2.78478,89.0174
3.68535,2.31303,60.0949
2.89592,4.94516,491.603
4.20748,4.4657,361.733
5.38335,5.39553,667.674
2.54087,4.13793,278.587
2.57932,4.19301,288.302
5.60959,4.40551,358.728
3.33256,4.02897,257.279
5.05117,4.62227,405.406
3.74068,4.33638,329.329
4.11952,4.04371,265.76
2.49468,5.02275,514.141
4.37605,4.13273,288.11
5.03114,3.89126,243.7
4.61031,4.75391,443
3.86789,4.75111,437.496
3.51263,4.31376,323.308
3.95345,2.38658,64.9564
5.43353,4.50885,380.463
3.30651,2.00384,43.6969
4.38324,5.02966,525.787
4.89566,3.55435,189.775
2.05722,3.92745,235.921
4.26053,3.00189,116.042
4.77303,4.13102,290.159
3.86015,5.009,516.158
5.73439,3.92424,257.897
5.42997,4.61147,407.514
5.16134,4.45333,365.95
4.52283,4.84424,468.38
4.74074,3.90923,245.617
2.77068,4.38946,336.776
3.70578,5.4848,689.637
6.39802,2.43372,87.0446
2.9427,4.4491,350.719
4.48615,5.6847,780.347
5.91834,4.02997,277.288
2.8301,2.97373,107.622
4.44993,4.2048,302.045
2.97208,4.90373,477.869
5.20772,4.08995,284.761
6.38738,4.07839,293.893
3.61164,4.20732,297.881
3.98203,5.12741,557.749
4.43463,3.74892,216.681
5.03103,3.77987,225.345
4.96842,3.28287,152.477
2.77524,3.73736,206.168
5.53722,3.58572,197.835
4.61936,3.2043,140.291
3.68352,3.34388,152.151
4.63242,3.32245,155.361
3.65648,5.29946,619.043
4.23072,3.31267,150.231
0.953435,4.73733,422.676
3.78153,3.6244,190.935
6.02464,3.91603,257.425
2.96433,6.23826,1051.62
5.595,2.8726,113.014
3.35834,2.34946,59.9194
4.05884,3.70162,204.008
4.5715,7.09826,1634.92
2.79207,4.97561,501.548
5.22201,4.52816,385.1
3.52326,4.34143,328.202
4.06824,3.3571,157.106
3.06229,3.92339,239.818
5.22521,4.82761,469.046
4.52658,3.11567,130.182
3.45656,3.1467,128.646
4.48227,3.69098,207.38
3.75179,4.66312,410.834
5.56172,3.49256,184.544
4.43038,4.40105,347.881
2.22845,2.99702,107.371
4.27273,3.65784,200.222
4.42225,6.14927,1011.89
4.06127,4.1511,288.145
4.92476,4.04785,275.044
3.84611,4.92475,489.889
4.22718,4.65554,410.335
4.95654,3.48624,181.185
3.85831,2.97057,109.725
4.0056,4.64457,408.204
3.64771,3.84856,227.782
3.88266,4.67238,413.527
4.50021,4.15196,291.529
4.00899,4.08087,274.714
4.17274,5.40435,661.12
2.87548,1.88954,36.2745
4.31645,1.89094,44.4971
3.99769,4.34467,330.678
5.52756,4.26561,324.107
4.61302,3.24811,143.919
1.24199,4.1873,285.494
3.43834,4.80608,451.109
4.34029,4.61537,400.641
1.88846,2.25721,50.0778
5.04892,3.4334,173.208
4.67912,4.74236,439.097
2.9901,1.85497,34.6315
5.62676,4.87375,485.169
4.15031,2.35226,63.5495
4.25445,2.47527,73.1958
4.5107,4.48712,370.054
5.23746,4.11191,289.351
3.2238,3.1334,126.909
2.86378,3.63457,188.996
4.42798,3.17803,134.939
4.39935,4.21203,302.483
3.70609,2.91339,104.708
2.24086,5.55009,712.782
2.68976,5.36028,637.58
3.04944,2.05459,43.6033
5.76935,3.60703,204.485
3.37598,2.86437,101.469
3.2725,2.48852,68.6862
2.07393,3.58838,178.767
3.07623,2.15135,48.4496
4.21442,4.64832,407.881
2.23711,3.89491,230.609
3.94307,4.0226,262.286
3.39683,5.1313,555.999
3.46646,4.70549,420.42
5.7257,3.45151,182.719
4.75427,4.5167,378.572
4.38563,5.09607,547.462
4.00434,3.92448,242.686
4.42288,5.24646,601.366
2.79706,3.79166,214.207
3.75171,2.94087,107.154
4.45911,2.6031,83.791
2.85966,5.40536,655.566
3.20768,5.4102,659.5
2.93138,3.51014,172.297
3.39846,3.1425,128.641
2.8581,2.4558,64.1813
2.80998,3.10206,119.907
3.36733,4.28731,314.714
2.71211,3.55891,174.818
4.48689,4.12945,287.775
3.25349,3.1913,132.232
3.21903,3.98075,250.605
3.12492,3.73476,204.947
3.21965,2.69981,83.2203
6.16976,3.53182,195.472
2.05064,3.13745,122.513
3.24541,4.01273,256.251
4.78847,2.62459,88.0406
2.13931,5.10386,539.259
3.45379,3.84269,225.655
5.09261,4.36126,343.496
4.34815,5.20319,586.831
2.89102,4.85508,462.283
4.24257,4.46918,364.569
3.88925,5.54567,716.986
3.34845,3.93196,242.895
4.8231,3.48978,178.934
2.36627,3.09508,116.689
5.2438,4.18735,304.773
3.24097,5.39757,653.196
3.69626,5.11462,550.168
2.80798,4.21469,297.104
6.12366,4.68756,436.431
5.1745,4.73798,440.895
4.41021,4.45037,359.318
2.39154,2.29728,52.5105
5.82537,2.53405,87.9823
3.73713,3.9071,238.778
3.64322,3.24366,138.557
4.27982,3.74203,215.195
4.25466,3.99402,259.474
3.92665,3.11854,128.277
5.71073,4.90011,495.028
4.19517,3.58342,187.434
2.48884,3.60633,183.334
3.59251,4.24309,307.079
3.36098,2.85054,95.6141
4.45789,3.35389,159.085
4.65187,3.33446,158.074
2.01099,3.86382,224.497
4.57003,4.72709,434.245
4.59712,4.18178,298.577
4.70996,4.33639,334.196
1.26643,4.9652,493.772
3.97137,4.51485,373.905
2.23846,2.92578,99.7227
3.15283,5.20246,578.888
3.22691,4.47706,360.58
3.437,3.59444,185.493
2.73306,7.25402,1749.63
4.80588,4.51721,378.82
5.78684,3.25301,157.88
2.99288,4.25938,308.267
4.94878,3.65428,204.057
4.30413,3.17254,135.139
4.62089,5.73267,805.663
3.46814,5.2074,582.554
4.89177,3.26803,150.989
4.1624,4.20625,300.429
4.1877,3.20022,138.972
2.20859,4.24834,300.208
2.53103,4.60502,391.231
3.47514,3.43205,163.391
2.76011,2.9985,107.087
1.91664,2.36548,55.0203
5.67845,3.56363,196.717
3.54494,4.26009,308.235
4.74374,4.14687,292.771
2.57091,3.04747,113.298
3.98689,2.76692,92.8768
7.16503,2.40721,95.7207
5.82679,3.77476,231.914
3.1199,3.86745,228.334
3.20688,4.19014,294.545
3.85431,4.00683,256.282
3.95412,4.07097,271.949
3.58682,5.67542,772.824
3.31751,2.41268,63.8036
1.66198,5.28959,606.224
3.49461,2.89194,99.5009
3.88722,2.82534,96.7456
3.39618,4.86135,468.052
3.50695,4.91979,485.212
2.14407,4.06787,262.362
2.9418,3.38025,154.329
2.5921,3.93971,239.035
2.49982,3.06244,116.013
3.49567,4.8124,452.063
3.93315,3.88829,235.752
3.71287,4.76539,439.615
3.57728,4.03203,261.618
2.65321,2.70797,82.2437
4.54504,4.3948,345.829
4.31894,5.008,519.805
4.60508,2.79506,99.5366
4.62003,4.96523,506.435
2.94459,4.02822,258.122
2.64056,5.35696,635.83
4.31093,3.10923,127.867
5.35917,4.5249,385.046
3.45482,4.40548,342.432
3.55571,2.73199,87.9462
5.5315,3.46953,182.073
4.75126,5.45235,683.096
4.55479,4.32688,331.768
1.99717,3.07004,112.15
2.38144,3.64674,190.889
6.39947,3.74313,232.49
5.98389,4.83427,475.044
4.03636,4.65363,410.165
4.81986,5.08528,548.267
4.00887,4.39212,342.216
3.04972,3.64086,190.185
3.3816,3.76053,212.812
2.93342,3.96709,245.026
5.04883,6.19794,1042.38
2.51257,4.34945,325.008
4.40405,4.0873,277.267
3.88278,2.53563,74.3959
5.65562,5.06121,546.985
5.00242,3.91537,249.274
4.68404,4.9853,512.91
4.47725,4.69127,423.017
3.23228,4.78204,442.481
3.08363,3.82582,222.46
4.59865,2.28376,63.4176
4.44646,4.21926,307.056
4.25169,3.35121,155.308
3.89517,2.89435,103.733
4.41393,5.00863,518.113
5.48298,3.99101,265.553
3.52097,5.47258,685.408
3.63579,3.21968,135.87
3.79266,2.43613,67.982
3.8327,1.52168,26.3014
3.92476,5.07512,539.035
5.82821,4.72517,446.406
3.9366,2.85348,99.6269
3.8247,5.77529,817.828
5.75492,5.94675,914.345
3.16535,4.59912,390.397
4.46927,4.58653,395.06
4.94374,3.54151,185.816
6.11416,5.017,535.382
3.93676,3.09434,123.142
3.09833,4.97654,503.505
3.9846,4.30662,323.126
4.14183,4.79138,447.36
3.0628,4.34692,328.29
3.31295,2.54974,71.5897
2.42542,4.08226,268.937
4.85896,4.36489,342.133
3.16592,2.67584,82.236
4.97501,4.84101,470.73
3.82829,5.35462,640.858
5.64138,5.08981,557.501
3.89509,3.97129,253.049
4.88408,3.92222,249.148
1.99343,4.29577,311.778
2.61764,2.14113,45.8113
4.31694,4.32981,327.969
3.52326,4.3415,328.092
3.92539,2.5005,73.4046
3.62755,2.74888,90.5648
4.06333,2.28446,60.1382
2.79513,4.45873,352.952
3.97268,4.47511,364.583
2.32489,5.26125,599.731
3.14482,4.69997,417.978
4.57702,3.81125,228.471
4.31535,3.39558,161.843
3.88316,3.90437,241.444
2.77516,4.19922,292.773
1.44611,4.68864,411.961
3.20232,5.33343,628.847
4.6934,4.79045,453.96
2.9567,4.1452,281.859
3.41009,4.24209,304.731
3.7099,5.82236,841.753
4.08009,4.44497,356.1
4.38937,4.8002,453.955
3.20464,2.50127,71.432
2.59154,6.0258,936.564
4.48489,4.36801,338.451
4.73385,3.11862,133.201
3.32731,4.94859,494.539
4.77006,4.76103,446.115
3.88368,4.54662,381.71
5.8935,5.56688,742.056
2.26087,6.31411,1092.16
4.85423,2.09882,56.0343
3.45708,6.13638,999.632
3.77259,3.58594,185.812
3.83486,3.56485,183.206
2.83981,5.49909,692.628
5.15626,4.35425,341.325
4.38246,5.0533,533.599
3.7074,5.86906,862.746
4.66089,4.49516,372.409
4.6445,4.21553,306.36
5.87376,4.15312,303.222
4.41184,4.20771,303.962
4.12976,2.97343,113.253
4.36047,3.98969,257.866
2.36916,2.59084,72.8647
4.64645,4.01221,264.82
6.45944,5.95214,925.654
5.30205,2.89266,113.078
6.05256,4.13649,300.093
4.15081,2.82187,98.7986
4.72435,4.2685,320.812
4.00415,5.09168,545.779
4.95939,2.27066,65.9477
2.87874,4.31526,317.982
4.79794,1.6171,39.5695
3.88608,3.77341,216.387
3.93033,4.33628,329.945
4.20369,3.06485,120.657
4.90119,3.49781,180.72
5.44808,4.76921,452.116
3.51311,5.66044,765.397
3.9726,2.62529,81.3983
3.7753,4.27781,316.157
5.38322,2.78269,103.695
3.61594,4.09416,274.75
2.94521,3.44602,160.731
3.76342,2.45333,68.5415
4.35154,4.62432,403.527
4.76065,1.81381,43.422
3.09006,4.51745,368.894
3.06826,3.81067,219.107
3.34439,3.61478,188.417
2.64756,4.10744,272.514
