3
3.89536,1.10141,311.597
2.61225,4.99455,82.5418
2.72071,3.58451,87.225
3.9191,4.98064,334.004
5.7146,4.52358,1496.58
2.83259,4.02107,100.662
4.16993,3.17309,413.844
4.19756,1.78082,419.997
4.73402,4.16306,690.992
4.72308,2.56508,680.989
5.21719,3.35548,1023.54
4.18629,5.52235,429.481
3.93841,4.39915,334.739
2.57868,6.0037,85.4546
4.98962,5.53014,860.667
2.54429,5.37438,78.4593
4.71791,2.82003,676.082
4.8776,5.59219,786.383
2.34765,3.39002,55.232
4.44535,3.56545,533.616
2.90324,3.96795,109.874
3.77831,5.71973,292.53
4.84176,5.86249,764.526
3.48289,3.78325,209.31
4.37644,3.68157,505.405
5.47426,4.29923,1251.62
4.19291,4.81482,429.541
3.95974,3.37464,336.679
4.87417,3.10907,774.997
4.63371,5.09588,638.48
4.97651,1.46081,836.749
2.81632,4.11718,100.278
3.94286,3.33474,332.621
5.87077,3.48045,1671.67
5.24308,4.33801,1048.28
3.67973,3.52837,254.793
4.50304,4.34864,566.878
4.62665,2.44962,622.743
3.75967,3.3572,276.048
3.11215,4.55938,141.902
4.05338,3.01967,369.398
4.37169,2.86473,497.912
7.09475,4.69684,3724.39
3.07331,3.24538,131.936
4.22642,3.83883,438.345
3.24347,3.75076,159.399
4.14315,4.01732,406.274
4.58022,3.97774,604.975
3.64451,3.92766,248.117
3.34752,4.09983,181.603
4.31124,3.51209,472.265
4.26566,5.13897,462.037
3.60013,5.41967,243.783
3.3303,3.80185,176.163
5.66863,4.00066,1446.92
3.68333,5.25402,264.018
3.30669,4.9792,179.053
4.11983,3.23255,393.931
2.93783,2.68946,109.23
5.2153,3.63662,1023.02
2.59075,4.53665,78.2535
5.32279,5.5016,1120.62
1.77214,3.75183,28.9545
3.40869,3.64664,190.77
1.75068,4.55572,31.3139
6.15246,5.46916,2043.04
3.68055,4.64126,261.293
4.89978,3.49425,791.074
4.92902,5.59844,818.821
3.34376,3.47015,178.7
4.32598,5.2692,486.295
5.89753,2.6361,1699.78
3.56477,5.58476,236.616
5.21726,3.02425,1020.98
4.10077,3.50423,387.458
5.15438,3.68852,975.05
4.33741,2.3425,480.092
4.4647,6.01007,555.618
4.82265,3.22939,742.898
4.60136,4.40119,619.492
4.32901,4.80789,486.636
5.17846,3.65226,994.547
3.91265,4.12452,326.535
5.62147,1.94127,1387.81
1.56474,5.0369,28.9052
3.30548,3.74895,172.29
4.69144,3.85447,664.678
4.90688,5.33853,803.982
5.26069,4.85906,1065.97
3.91135,4.07936,323.503
2.28924,4.86384,58.1966
5.92061,2.97326,1729.39
2.91972,3.5214,110.205
4.62491,3.81224,626.82
3.37078,6.20615,198.279
3.49102,3.27076,208.552
4.65752,4.38843,648.596
5.08405,1.94576,916.819
4.9545,4.51832,832.767
3.09125,5.21843,141.101
6.14816,4.08465,2032.26
2.51144,3.89683,69.0214
4.46988,4.29584,548.55
2.97214,3.11643,116.001
4.38395,4.07701,508.356
3.6921,4.59844,264.83
3.75107,4.80711,279.492
3.11354,5.54115,148.852
2.82226,3.8951,100.452
2.42565,2.67005,57.5083
4.20415,3.96312,430.399
4.03596,4.20133,368.974
4.44981,5.98892,548.894
4.11988,4.58481,399.166
5.06331,3.88854,905.873
2.47542,4.39768,68.2344
2.8612,4.30095,106.831
4.0078,4.28582,358.258
4.65437,6.3408,655.512
4.61582,3.09878,620.531
3.02184,3.42441,125.772
4.66706,4.29575,653.337
3.66898,5.23728,260
4.85802,5.54224,770.843
3.64059,5.46527,254.895
4.57944,3.36111,601.874
2.69553,2.52195,79.7596
3.41677,2.86988,190.358
3.7765,3.5849,282.454
2.1455,3.67826,44.5453
5.4617,5.6747,1247.94
3.35194,1.88845,175.278
4.31723,4.14491,479.758
4.98568,5.19007,857.26
4.93833,4.6092,822.674
3.61425,3.54483,238.247
4.62063,4.07543,625.538
3.21715,5.47894,164.076
2.60737,4.06314,79.2918
5.61066,2.61851,1380.43
3.63462,3.29719,242.293
4.71156,3.54854,674.147
3.18097,4.04567,152.691
4.68782,3.65329,660.52
3.29496,5.58137,177.441
4.51183,4.73906,571.308
4.30136,5.59477,476.3
4.32489,5.14223,486.763
4.37622,4.27886,504.056
6.28775,3.97857,2230.99
2.9236,4.14716,113.021
3.95442,5.50798,345.805
5.73889,3.97694,1521.84
4.49704,3.06011,559.108
4.22841,5.25842,443.792
3.4749,3.87022,207.967
4.36956,4.27609,502.008
5.74456,3.05893,1525.3
2.7535,5.19373,98.8158
5.12214,4.50418,952.579
4.69398,4.54138,669.228
4.29008,4.64619,469.138
3.03901,4.19176,129.414
4.89631,4.36343,793.221
2.835,3.64678,101.48
4.25169,3.99536,449.869
2.64909,4.54492,83.4194
4.40172,4.09174,514.718
3.62212,4.96748,247.556
3.21797,2.93692,153.343
4.26669,2.71826,453.404
5.05147,5.18871,904.189
4.28608,5.25295,470.069
3.5421,3.51232,222.837
2.82958,1.46163,94.7547
3.15626,4.8514,150.324
4.05128,1.55744,364.186
4.89417,2.94779,785.011
3.82395,5.33858,304.299
3.21267,2.4699,150.487
2.82498,3.3034,98.2727
3.9524,3.59419,337.854
4.04435,4.69901,373.046
2.17633,3.24807,43.265
5.13627,4.55179,964.418
5.41891,3.64376,1198.5
4.58505,6.16481,616.735
3.66013,4.40297,254.159
4.79885,3.51749,726.806
4.66613,4.08854,652.284
2.92744,3.59293,112.092
3.87559,4.50544,317.171
5.08806,5.22008,929.751
4.15302,4.69199,412.549
5.05087,2.52261,892.997
4.78199,4.09962,719.887
4.7413,3.80602,695.641
5.09035,4.19652,927.658
3.71143,3.73815,264.691
4.27018,2.89131,452.671
3.69387,3.35034,260.595
3.71997,1.85893,260.917
4.80814,4.23107,735.706
3.95094,4.058,337.841
2.06642,4.88083,44.6531
5.08376,5.20487,929.159
5.33104,4.91836,1124.12
3.27778,3.74092,166.413
3.4628,7.60249,224.308
3.63415,2.96552,241.309
3.6849,1.95504,251.024
3.22614,3.06003,155.767
2.58274,3.11925,72.9776
3.38022,2.41313,181.252
3.09792,6.04836,147.201
1.72359,3.10286,25.47
6.12966,2.18771,1998.87
7.73131,5.08437,5382.82
5.07215,4.78994,915.828
5.23572,3.7012,1039.34
2.36249,5.54637,64.0034
5.32344,2.77166,1111.52
4.06314,2.2427,369.647
4.94612,4.56558,825.139
4.62262,2.62747,623.075
5.14593,4.5603,972.016
3.82005,3.57618,295.025
4.37968,4.26986,505.446
4.1854,4.16477,422.598
3.15594,3.8177,145.186
4.29971,3.1348,465.5
4.31471,4.39178,479.117
3.37798,4.04816,190.865
4.41482,3.97821,522.208
3.92884,3.31343,328.751
3.41282,6.24528,206.003
4.2494,3.81624,446.9
3.78843,3.67761,286.463
2.26398,4.27637,52.9493
3.7644,5.88092,288.145
4.22115,3.06136,433.399
3.3153,4.22795,174.4
1.4011,4.11709,22.2996
2.91171,5.15463,118.44
4.85417,2.89453,758.854
4.30519,4.29198,474.346
2.08235,3.95995,41.0173
5.75195,4.63359,1538.31
2.96966,3.08705,115.103
2.58106,2.39682,69.6435
2.5444,4.33555,74.3692
4.08776,3.91968,385.516
4.38181,4.43209,506.963
2.62809,3.83054,80.2091
3.77768,4.13628,284.883
4.75236,5.32175,707.729
6.1395,2.00597,2010.6
4.25276,5.19409,456.015
5.00315,1.9311,855.834
5.14233,5.88995,975.714
3.23252,4.66074,163.811
3.53033,5.14827,225.001
2.80781,4.64329,100.701
4.77476,3.23835,713.373
4.95382,3.47353,829.209
4.56662,3.63026,596.742
4.60544,3.95706,617.173
2.428,2.62494,59.5285
5.42107,4.90654,1204.59
3.86531,3.47144,307.448
4.80009,4.53253,731.555
4.82297,2.75898,740.735
3.74699,3.71857,273.752
3.30977,6.11781,183.868
4.95481,3.61002,830.579
3.41432,3.64994,193.639
4.0389,4.35807,370.634
4.90825,6.11652,808.1
4.61841,4.33327,626.824
4.18436,5.27348,428.498
4.65211,5.46986,649.704
3.82042,3.09426,291.567
1.09447,2.56851,13.4806
1.76637,4.46493,30.876
4.80573,3.25517,728.177
4.53559,3.21301,577.671
2.96237,1.13573,110.413
4.96461,4.0624,838.153
5.0332,3.06002,881.588
4.26115,3.46788,451.765
3.16851,3.84954,146.93
4.38191,4.42581,507.625
4.28637,2.85975,459.844
4.36128,4.57433,499.728
2.16193,3.50843,44.5178
3.53929,5.58299,229.66
5.14894,3.09793,967.124
4.60454,5.17625,620.72
4.14509,3.19987,404.683
4.03976,2.61537,363.638
3.57071,3.07174,225.805
4.24782,4.19029,447.655
3.6702,6.68355,268.239
2.99816,5.72798,128.86
5.06753,3.92481,911.159
2.4236,4.14489,65.9016
5.80323,3.51548,1593.4
3.75112,3.83267,276.098
4.80147,5.03693,735.365
3.40654,5.47324,201.431
4.39828,4.28665,514.777
3.60076,2.98881,233.292
4.93894,3.66638,818.181
5.14681,3.09837,969.393
2.52462,4.97997,75.1112
3.86111,4.12765,309.425
2.28933,3.31603,50.544
3.14956,3.71925,144.349
6.25104,3.76642,2175.13
4.8396,3.08229,750.233
4.93232,4.67319,818.933
4.48804,3.98583,557.852
6.42545,5.09195,2447.92
3.82639,4.37778,299.196
4.53341,3.25822,575.993
5.17365,3.38657,989.083
3.26011,5.40003,170.958
4.08328,5.48204,388.995
1.78582,4.44612,31.514
4.8698,4.36164,776.355
3.27799,2.70368,162.786
5.74625,4.30227,1531.26
5.6022,4.47909,1377.71
3.18479,2.27783,147.504
4.66272,4.67064,652.175
4.42804,3.22167,526.443
3.81709,2.76956,292.65
4.87099,5.35107,779.301
2.86572,2.35338,98.7147
3.34792,2.56111,177.039
2.78365,4.85769,98.9813
4.65283,4.32251,645.151
3.90633,3.80991,321.904
3.08885,1.58429,128.359
5.7841,2.73061,1567.91
3.81311,4.73773,297.671
4.85933,3.88791,766.772
3.41797,1.85935,188.855
6.24635,2.30357,2164.12
4.29942,4.83127,473.655
5.75131,4.25137,1535.45
4.77221,4.59848,714.96
4.85346,4.48259,764.81
4.90061,4.23564,796.11
4.28426,3.86349,463.129
6.16356,3.57681,2051.03
3.61414,3.90042,239.168
2.83796,4.85277,104.858
4.3719,4.55365,505.157
4.31248,5.11947,481.396
4.10216,3.42857,389.137
5.01232,5.59046,876.692
4.70045,4.64992,673.47
5.54551,3.73662,1317
3.6377,4.08765,247.878
4.02187,5.27922,367.886
4.04908,4.05833,372.457
4.43027,4.59113,532.585
5.01708,3.30791,869.719
5.69419,3.85048,1473.01
3.79228,4.72617,292.862
5.34159,3.62955,1127.1
4.07949,3.1401,378.947
3.66608,3.75122,252.071
4.57573,4.89212,606.393
3.43079,4.69381,200.866
3.94686,3.83268,336.495
4.98142,5.08765,852.726
4.58964,3.39335,608.366
3.97879,4.45094,348.481
4.59942,4.50683,616.642
6.01402,3.69961,1849.31
3.24772,5.45831,170.081
2.42806,4.77199,65.7339
3.75172,4.2179,279.972
1.79939,3.28236,29.5454
3.98057,2.86857,343.058
3.2104,3.7655,155.574
2.86615,4.68311,107.544
4.33552,3.65222,483.499
2.61438,3.30389,74.2314
4.58932,2.68317,603.775
3.83439,4.53037,303.945
2.8298,2.72213,96.6709
4.35631,4.12442,495.137
3.54547,2.32599,217.269
3.1955,3.51885,152.579
5.36646,3.03029,1149.89
5.33361,3.07099,1119.17
1.5013,4.11841,23.1788
3.80933,5.7003,301.141
3.13059,5.79135,150.257
5.54803,4.20619,1323.34
6.18057,3.32137,2074.1
5.50888,4.52242,1285.97
4.57168,3.93192,601.245
2.87089,3.44773,102.466
6.52885,3.48041,2613.69
2.87611,3.40681,103.656
4.84164,4.89496,758.156
3.58974,3.73891,235.633
3.59791,4.65124,240.349
4.19796,1.43636,419.173
4.56672,3.42747,595.468
5.0262,2.88928,877.27
4.88755,5.04047,790.235
3.29909,4.33969,173.842
3.43667,5.37181,206.668
3.51256,4.9455,220.623
2.83456,3.90724,102.637
4.14599,3.84492,406.354
4.57561,4.60602,604.469
4.51047,5.13268,572.614
4.04951,3.22255,368.184
2.87514,3.48145,105.937
4.40637,4.95018,522.964
3.8592,3.88049,306.54
2.44876,3.76089,63.3204
4.81827,3.47601,737.992
3.74294,4.43229,275.597
3.79245,3.45333,287.56
2.75338,4.46868,95.1452
3.58869,2.8907,229.142
2.48763,3.68929,66.6746
5.25245,4.38847,1057.04
5.18213,4.37245,1001.57
5.60073,2.74452,1369.45
3.73071,4.72866,271.951
5.54416,4.17955,1317.89
3.0173,4.01312,126.013
4.01648,4.27224,360.635
0.660701,4.6499,18.4095
1.92671,5.27011,39.2789
3.57719,6.30493,242.193
4.60334,2.2892,610.186
4.58042,4.78313,609.674
2.91266,4.16795,112.475
4.6932,3.29076,662.206
2.92979,3.06417,110.335
5.88869,1.98993,1688.58
4.41928,3.41057,521.903
3.90803,2.31204,317.985
4.03768,4.04778,366.85
3.15702,3.97423,145.276
2.01005,2.61507,34.1926
4.45891,2.09545,536.531
4.08522,2.41348,377.95
5.35043,3.30454,1135.12
4.58797,2.59079,602.293
4.63532,3.55862,632.214
5.34521,5.19087,1138.09
4.3004,3.3412,466.463
3.82038,4.17877,297.983
3.31107,4.69867,177.974
3.45782,2.93675,201.607
5.3957,4.60478,1177.88
2.77128,4.91205,97.9033
4.82971,4.34809,750.132
5.74373,3.90338,1526.95
5.10818,3.44321,936.962
3.00506,3.96929,124.263
3.76697,4.41672,284.266
3.34623,4.53107,183.226
4.77174,6.14712,722.049
5.61667,4.69878,1395.05
4.67839,4.09965,659.543
3.72305,4.36021,271.133
3.97765,4.79394,349.059
3.74489,3.79211,273.732
3.35,4.74122,183.181
3.24918,3.33225,160.744
4.0275,4.44119,364.534
5.34938,3.39597,1134.7
3.11209,4.07242,140.31
4.11997,4.44472,401.259
3.83126,5.7927,306.482
4.30892,3.66438,472.607
3.34663,4.67082,183.175
3.82615,3.94306,299.831
4.68594,3.4001,659.798
2.53311,4.38443,73.3862
4.46802,4.17158,547.672
4.10994,3.40331,390.163
4.93249,4.76299,818.351
4.32227,3.6369,478.566
3.6289,4.35701,245.937
5.34246,3.24442,1127.51
3.04914,4.53219,133.001
4.73512,3.11081,687.92
4.28579,4.26778,466.005
4.99111,5.25777,862.782
4.05062,4.93053,376.569
2.83607,3.32046,101.254
3.33393,3.68704,177.475
3.61632,4.05778,241.197
3.58914,1.97303,228.807
4.25361,2.91577,446.096
4.97888,3.20713,845.643
5.72986,4.22183,1511.93
4.93338,4.49242,818.621
3.97868,3.32348,343.557
3.84285,4.50771,303.766
2.48454,2.90837,63.8386
6.01476,3.58819,1849.34
2.73674,4.60242,93.1267
4.32423,3.26641,477.259
4.35046,3.12936,489.328
3.86864,2.97811,307.243
5.65715,3.53934,1432.02
3.30629,3.63074,171.708
3.35072,3.1602,178.624
3.23012,3.37194,157.612
4.64976,3.57191,640.59
3.04452,5.19946,135.037
4.48466,4.55863,559.702
4.5266,2.65561,572.753
3.24257,4.57882,165.725
3.37692,4.33534,190.517
3.60783,6.28605,249.636
4.56942,3.78507,597.844
2.90078,3.78319,109.414
6.27716,3.39512,2212.7
4.65227,4.07792,645.08
4.56912,3.58182,598.553
3.31115,3.65688,172.018
3.83897,5.11406,306.643
3.59445,5.14206,239.591
3.89135,4.42837,319.668
3.69121,3.84516,260.783
4.08582,4.08043,386.224
3.65565,3.40069,249.834
4.72539,4.12613,687.717
2.78263,2.97369,92.1525
3.14981,4.05235,144.529
3.41509,4.6704,195.824
4.45978,2.92549,538.828
4.73538,4.33019,692.989
2.8133,4.09915,99.2331
6.11817,3.99391,1989.28
4.51041,5.22336,573.916
3.82452,3.19006,293.227
3.68733,3.40556,257.366
3.43934,5.22398,205.477
5.58534,3.36635,1354.19
4.37459,2.90814,499.908
4.75622,4.70772,707.176
4.06526,4.40235,378.146
3.08658,3.57259,133.434
3.77364,4.62215,285.826
4.78773,3.15694,718.499
5.69097,4.49542,1471.11
5.35686,5.31612,1151.04
4.562,3.27887,593.475
3.90464,3.27765,319.439
3.82196,4.85768,301.275
4.45036,4.06763,539.688
4.35728,4.08463,496.47
5.61789,3.90523,1392.3
5.20504,3.72054,1016.12
2.25803,3.29394,47.7244
4.02656,2.08079,356.914
3.40681,3.5644,191.254
4.36083,2.87499,493.075
4.48233,3.88992,553.332
3.92838,4.79653,334.237
3.77403,4.00363,283.586
3.68919,5.47293,267.68
4.23862,3.90301,444.688
3.29196,4.25063,171.051
3.58557,4.22881,233.279
3.91538,4.88167,328.212
5.70684,3.71902,1487.45
4.45525,5.03472,543.745
3.0754,4.70563,135.418
3.35908,3.20877,180.132
5.384,3.36624,1165.2
4.2866,5.42451,470.953
3.70711,4.08376,263.684
2.12779,4.59518,47.3552
4.82012,3.23003,738.222
4.33971,3.55084,485.218
4.18771,5.63543,432.711
3.50412,4.5868,215.876
5.7351,4.11206,1518.6
1.97771,4.14706,37.7963
2.9056,2.61076,105.121
5.12044,3.32005,948.333
2.17737,4.90195,49.8764
4.44416,1.8916,530.684
4.42637,2.77634,522.825
4.63391,2.37393,628.093
6.11194,4.3266,1982.19
3.87206,4.3936,313.14
3.22476,3.46697,156.621
2.88781,4.40825,109.7
5.63038,2.77672,1401.02
4.14446,3.24513,403.776
3.81972,3.50772,293.79
4.53145,3.7266,578.618
3.86138,5.14403,314.56
2.50912,3.42064,67.876
4.81512,5.25753,744.976
4.12885,3.01187,397.215
3.33754,3.96595,179.407
3.99141,6.36597,363.713
2.65579,3.64219,81.0266
3.37693,3.54373,186.869
4.53957,4.14364,586.001
3.85047,5.72298,313.928
2.69078,4.24165,87.9893
4.47611,4.63099,554.975
4.18726,4.42459,425.146
5.66843,4.71798,1448.13
5.55913,5.99138,1342.87
5.49013,4.13597,1265.62
3.21765,4.31336,159.088
4.09334,4.93224,391.191
2.9313,4.60676,116.272
4.1308,4.06328,399.86
4.52281,2.88547,569.794
4.47672,3.39237,550.42
4.0589,3.90536,374.869
4.89739,5.62731,799.025
4.36548,4.72944,502.095
5.2203,4.75677,1031.1
2.75567,4.16985,93.5896
5.07635,3.13842,913.648
3.85275,4.99846,311.72
3.00206,4.12414,123.242
4.95522,4.4329,831.347
3.42789,2.77176,191.181
3.35527,2.99016,179.871
3.91392,2.65087,320.004
4.77996,3.03676,714.764
5.01411,2.76426,867.63
3.27533,4.41727,169.282
2.21682,3.76921,48.8269
3.26335,3.20279,163.58
4.5248,5.33424,581.654
4.08909,4.05224,386.395
3.5038,3.07769,211.168
4.57604,4.70314,606.556
3.66176,2.89184,248.495
3.46468,3.78591,203.798
3.3528,4.04738,182.392
3.47418,5.29273,212.516
3.98364,5.3697,356.234
3.54761,4.13624,224.821
4.40992,2.97041,516.044
3.41912,5.81298,203.801
2.09644,4.70816,45.7278
3.17129,3.39588,148.122
4.8359,5.04132,759.263
2.94009,5.79295,123.797
2.87939,4.21475,108.664
4.22383,4.50342,441.401
3.19425,3.62368,152.542
5.29875,4.22106,1095.53
4.20772,3.40406,427.491
4.86304,4.64435,772.523
4.49196,3.66731,559.282
5.61226,3.36585,1382.08
4.57283,4.9706,605.975
4.759,4.54506,707.186
3.34904,4.05809,181.751
2.74766,2.04852,84.1949
4.35778,4.48994,498.159
3.79191,3.89689,288.627
3.48241,3.18173,205.754
4.27636,5.15761,465.406
3.2717,3.77311,167.088
6.51786,2.39715,2588.37
4.76736,5.31854,716.323
3.70297,3.83708,263.882
3.00312,0.975083,113.507
4.0126,4.50179,360.555
3.87661,1.79335,307.81
2.58395,4.05655,77.535
6.46056,6.49824,2513.45
6.21183,3.05037,2116.41
3.41831,3.28406,193.845
4.64474,5.93624,648.028
2.67012,3.94572,84.7358
3.69832,3.46674,259.224
4.62147,5.23774,633.299
3.6479,2.89603,246.366
4.44108,3.05117,530.898
5.7509,2.45427,1528.56
4.05402,3.14095,369.372
3.15346,3.20859,143.788
5.14373,2.9089,964.688
4.41367,3.69518,519.551
4.20001,5.08849,435.46
2.63998,2.44837,75.3701
3.18476,4.14296,151.322
3.29996,3.58706,170.267
5.0115,3.68326,870.747
2.87072,3.63043,105.088
5.51229,6.44212,1298.97
3.96644,3.36826,340.236
4.04521,3.88578,370.512
4.01464,4.30201,358.781
5.58177,3.48831,1353.42
3.70263,6.13818,275.738
2.5756,5.04741,79.1611
5.2435,5.44918,1055.31
5.01265,5.8471,878.303
2.7841,5.75151,104.112
2.50759,5.78033,78.835
3.77898,4.5607,288.849
3.95105,2.98743,333.585
3.36382,5.8726,192.366
3.09314,4.23393,135.704
2.91354,1.43672,103.745
2.59583,5.55111,82.866
5.4624,4.07685,1238.75
4.39289,4.04378,510.119
4.36752,5.09211,504.023
3.67548,5.39637,263.257
3.648,5.30606,254.623
6.0995,3.77331,1962.22
1.85667,2.47971,28.2143
3.26454,3.37773,163.931
3.49356,3.00424,208.859
3.69117,5.5313,268.65
4.69715,4.72072,672.632
4.14026,4.68549,409.01
3.58287,5.01651,236.5
4.21369,2.84704,430.909
5.88054,3.53069,1683.48
4.29165,5.06836,470.199
4.3337,2.02764,480.125
5.78356,2.98968,1565.48
3.89391,3.26574,317.635
4.92723,4.25828,813.532
3.96426,4.88909,346.256
3.89966,4.62469,324.106
4.07243,3.63707,378.403
4.54067,4.3686,586.444
2.89347,5.25866,115.538
5.34281,2.32909,1125.51
3.18178,4.52128,153.222
4.21862,1.79451,427.8
4.88752,3.52697,785.426
5.15496,3.3983,974.431
2.7812,5.32161,102.627
3.59588,2.76118,232.015
4.35225,2.7104,487.591
2.73207,1.86821,82.4358
3.58548,4.5067,237.775
4.83821,4.34204,754.061
5.51909,4.76281,1295.71
3.40454,5.52399,199.83
5.26944,3.91253,1067.86
2.68483,4.44729,87.8998
4.53078,4.31253,579.092
3.55451,4.84991,229.37
4.06316,1.78347,369.681
3.5428,3.21853,219.873
5.27291,3.25049,1069.57
5.44423,4.38022,1225.24
2.16346,4.26912,48.2878
3.45733,4.44561,206.065
3.8931,3.43517,316.596
2.64913,3.95594,81.2208
4.48408,4.90962,559.249
1.72144,2.76802,24.816
3.3109,5.63712,182.715
4.86341,4.43733,772.018
2.62221,6.12038,89.3022
3.59934,6.07502,246.392
5.66055,2.43445,1429.63
3.89695,3.29983,316.817
3.6724,5.00691,259.867
4.06146,3.47656,372.416
4.52752,4.69275,581.133
7.43576,4.47034,4553.38
4.9303,4.20049,813.28
2.70867,4.16985,88.4512
3.75194,3.04311,272.825
4.55132,3.4661,587.782
4.19572,3.48618,425.723
4.00593,5.15809,361.018
4.74813,5.1361,704.534
5.15105,3.34492,970.397
2.90517,4.21164,111.812
4.42159,3.39492,522.956
4.85115,3.2538,759.247
4.14085,3.95893,404.148
4.37678,5.19959,510.453
6.15501,4.09228,2040.73
4.6213,4.01258,627.815
1.34382,2.65989,16.5796
2.82653,3.61799,100.768
3.56891,2.87003,225.903
4.225,3.86139,437.771
4.05645,4.47136,376.572
3.44393,3.76226,198.919
5.53299,3.42019,1304.61
4.05288,3.43652,368.53
4.70946,2.81699,670.82
2.47921,3.9038,68.1429
3.24462,3.26601,159.626
3.56616,5.20974,235.225
4.58042,4.24785,605.35
4.45556,2.76368,538.823
3.44763,5.32926,208.919
4.3032,4.57983,474.472
3.49047,4.52233,214.983
4.21486,4.89612,438.196
5.30815,2.23696,1093.76
3.84032,3.43562,300.379
3.60225,4.45037,239.991
1.60012,3.34411,23.2076
4.82782,1.65562,739.142
3.38493,4.22962,189.75
4.34503,2.75699,484.247
4.61575,3.52306,621.842
4.09479,3.73813,387.242
3.10019,1.82858,130.326
5.11504,4.12726,948.424
3.84589,2.9506,300.758
4.06728,4.3526,379.873
4.4417,4.60695,537.961
3.87369,3.25546,309.444
4.13497,6.33396,414.243
4.79404,4.17737,726.373
4.85193,5.36616,769.771
5.15642,4.97766,979.707
1.84711,2.55442,26.0375
2.75184,3.60415,91.4787
3.21036,2.78811,151.537
5.06749,4.47273,914.022
4.51797,4.83538,573.713
4.89069,4.01881,788.583
3.18338,4.13987,152.851
3.40307,3.66605,190.709
2.9638,2.41323,111.852
4.3155,3.6529,475.156
4.12154,4.39337,397.606
3.64923,4.5398,251.995
4.97452,3.0697,840.478
4.56676,2.15916,591.324
5.1442,4.43524,969.366
4.64201,2.0159,632.105
4.87161,3.50712,773.06
4.68941,3.19258,661.815
2.7957,3.89397,97.9104
2.38269,4.40983,62.4668
6.09994,2.18881,1958.63
4.41191,1.2256,512.603
3.47145,3.84829,206.17
5.12287,4.75424,955.016
3.43233,4.2409,201.174
4.50293,5.51472,571.203
3.3064,3.80824,171.94
6.09666,2.89047,1954.66
1.90487,3.87588,32.8216
4.99484,2.56859,851.299
5.78975,4.25933,1579.84
3.56016,6.63152,239.098
4.74444,3.72808,695.595
4.16918,4.24916,416.36
4.28213,3.87164,462.039
1.76274,2.77965,26.1428
3.51363,3.19077,214.062
5.22199,3.48879,1028.36
3.12101,3.86216,141.853
3.72289,4.4681,270.858
2.84699,4.27718,103.768
3.38004,3.70551,185.285
2.75248,3.33182,88.3066
2.58865,3.08522,73.4952
4.3692,3.85751,500.45
1.01049,2.60926,12.6557
4.58726,4.76942,612.084
2.90924,2.33704,103.856
3.27218,2.99277,162.468
4.37858,5.07754,510.33
3.41466,4.46754,196.544
3.46867,3.54992,202.906
3.81798,4.42246,298.404
3.33239,4.45401,180.373
3.56592,2.65342,224.295
4.45352,5.01155,545.34
3.37278,3.0199,183.801
4.18504,3.70323,422.253
3.00948,3.28722,122.028
2.33591,4.00872,55.2892
4.00826,3.41059,355.611
3.60614,3.66205,237.838
5.03555,4.97143,890.771
5.43571,4.35667,1218.25
2.88158,4.28399,107.692
4.76932,5.13542,714.691
4.32921,5.12646,489.513
3.1687,4.05841,147.315
4.14856,3.83279,407.596
5.33778,3.43996,1124.14
5.52268,6.0372,1308.48
3.13133,3.64796,141.592
3.66617,3.97144,252.683
4.80492,3.24757,729.276
4.88011,3.62789,780.076
0.649647,2.35702,8.74624
3.31883,3.96292,174.199
2.69039,4.97857,90.7789
5.35148,3.75686,1138.45
4.25588,3.02525,449.145
4.08893,5.57313,392.6
4.31064,2.81945,470.54
5.58401,3.65872,1356.23
3.32397,3.44555,174.884
3.27882,2.73677,165.743
4.90898,2.62863,796.243
2.44023,4.09829,64.3531
3.33618,5.17308,184.216
4.99461,3.5814,856.654
4.8856,2.32514,780.313
5.57849,5.51617,1361.3
2.11869,5.27799,48.9543
4.25816,2.61349,445.091
2.81475,4.66935,102.508
3.22617,2.78414,155.465
3.80618,4.12285,294.152
4.88593,3.45657,782.194
4.06636,3.53456,376.475
3.50187,5.46966,221.489
3.45823,2.82052,199.418
5.01215,3.41279,868.086
5.48233,4.7294,1262.23
3.73457,3.19705,269.097
3.84342,5.21296,309.075
3.28284,2.05516,162.409
2.89392,4.41726,109.906
2.03872,4.43438,42.6243
4.7862,3.41588,719.252
3.35843,3.86262,183.748
3.60637,5.27904,244.693
4.19309,4.49549,426.801
3.94939,4.40788,338.811
4.12311,3.5567,395.972
3.60034,5.26185,241.641
3.85696,3.35693,305.212
3.02784,3.97371,128.181
5.34331,5.36669,1139.02
3.15431,2.58073,140.071
6.10888,2.98566,1972.04
2.98034,2.65831,116.366
3.62878,3.76697,243.143
3.83873,2.72187,298.683
6.31498,3.19601,2269.33
2.18916,4.15484,46.1802
3.34349,3.38343,179.305
3.077,1.51069,126.031
4.88159,3.8499,782.075
3.53294,5.65308,229.325
5.66701,2.905,1440.35
5.52316,4.50604,1300.11
4.95954,3.86685,831.555
1.91304,4.66939,37.5257
4.10148,4.30158,392.579
2.51916,4.87126,74.8374
4.0488,4.33055,371.446
3.43495,4.36301,199.649
3.2442,2.85088,157.048
3.40864,4.43199,199.022
3.32336,3.40651,172.799
2.278,4.60858,56.4908
5.14296,3.06166,962.421
4.8744,4.97056,780.717
4.55085,4.00609,587.982
3.91444,5.02555,329.892
5.44845,5.80656,1235.24
5.7631,4.24036,1549.09
5.23476,2.92716,1036.98
3.04917,4.37375,131.743
3.1521,3.22556,141.903
5.87964,3.89619,1682.57
4.93809,4.69606,822.281
5.05215,2.996,894.583
3.40097,3.39843,191.287
2.92318,4.73411,116.218
5.00388,4.94468,868.749
5.1415,3.23196,963.995
4.06902,3.8025,377.963
3.69486,3.85449,261.005
4.62758,3.46184,627.679
4.8603,4.51003,769.601
2.58824,2.81947,73.1844
