3
3.88341,3.19881,16.7214
3.75475,3.52198,15.9593
2.22753,2.94405,10.0708
5.04449,4.48757,25.149
4.28781,4.88516,20.9356
4.53715,3.93073,21.8998
2.5803,2.87054,12.4117
3.91211,3.6514,17.3034
4.14339,4.66437,18.4135
3.25524,4.96023,15.6155
2.76676,4.32541,17.498
1.90296,4.03075,12.6619
4.27667,3.88213,20.6329
5.26731,3.4912,22.0338
3.5746,2.08709,15.8506
3.43968,2.72279,14.4796
4.58619,4.16737,20.2457
5.29876,4.32576,24.3799
4.30592,4.89372,22.6314
3.69119,2.99464,15.2928
4.38059,4.35813,22.0222
2.4474,4.0405,14.2545
4.1937,2.71849,18.2168
4.68467,5.38982,23.6505
2.15625,3.8825,15.385
4.5555,3.22316,18.0922
5.60735,3.34863,22.3192
3.34101,4.46509,17.263
3.84555,2.53645,13.5158
4.41574,4.16964,22.1068
5.35386,5.67625,25.5561
3.71259,4.15516,18.4078
2.77804,2.8928,12.9052
4.23224,4.49466,19.7938
3.91841,3.55147,17.1783
3.42835,3.72554,17.143
4.60438,2.52456,19.348
3.95558,4.01325,18.0077
3.58041,4.43662,19.463
3.05176,3.4436,13.0964
3.45851,4.56319,15.6902
3.40192,5.05267,18.6748
4.65222,1.89399,19.0735
4.7217,4.88856,22.2232
4.39644,3.4846,20.357
2.36058,2.87228,12.4478
3.83113,3.44273,16.5896
4.39121,3.70721,20.7372
4.29153,3.9075,19.2396
5.13933,2.70896,22.6498
3.18186,5.21487,17.8487
3.93342,5.76461,19.6275
2.76959,3.7332,15.1035
4.27194,3.89436,19.2727
2.80946,3.48408,14.2798
3.94293,3.85865,17.9303
3.6151,3.39421,17.3911
4.1416,4.12557,18.6649
3.93635,3.16897,18.2371
5.46367,2.78921,21.3843
5.02825,4.58608,22.9527
3.515,4.03881,16.5181
3.69592,5.63392,21.1485
3.97332,4.1256,18.9881
4.48381,3.31677,20.7146
2.02228,4.57531,12.9702
4.96384,3.26936,21.4796
3.55936,5.86112,20.6877
3.55285,3.84426,17.8401
3.52025,3.99714,15.7942
2.99585,4.00318,15.8352
2.79037,1.6855,11.9556
4.80374,3.61876,21.0437
3.18216,2.65305,13.8555
3.31453,5.47857,17.9046
3.65199,3.31969,17.5725
4.56789,4.87029,22.685
4.08147,4.36331,18.7458
4.09052,3.5832,18.2517
3.3058,5.74815,19.9437
3.65975,3.51221,17.3485
5.5814,2.91203,23.3453
4.82684,3.4762,18.8441
3.9575,5.492,21.5982
4.48988,3.5495,18.6719
4.35157,4.61429,20.5316
6.75135,3.16686,29.206
5.78169,3.38818,25.5346
2.89746,4.79528,16.2984
4.07837,3.22032,17.0069
4.27706,3.19606,18.8969
3.08827,4.79001,17.3031
4.75773,3.89575,20.6913
4.48647,2.29812,16.1781
5.27216,4.5456,23.8533
2.7131,3.09811,12.9957
5.02374,4.45886,21.7342
2.16358,2.59609,12.5458
6.21748,4.79084,29.4544
4.55023,4.25499,21.0383
4.99806,4.52687,24.9778
4.27364,3.36789,17.3781
4.01636,4.01425,18.6873
4.93292,2.59739,19.5117
4.92614,2.83673,21.8427
2.87755,5.73179,19.1397
5.11727,4.74709,23.9417
4.23027,3.82414,19.5014
2.89434,3.46215,16.1327
5.73602,3.86149,26.3904
3.64333,2.74083,15.312
4.25735,5.11426,19.9533
4.34593,1.57582,17.1365
2.44456,3.62226,11.7875
2.83619,3.53795,15.6785
5.44593,2.96901,22.7293
4.37406,2.14108,16.5023
2.74359,3.00776,12.3418
4.22547,4.8132,20.9293
5.27746,2.9761,21.8244
3.01234,4.2911,15.4399
4.12174,4.75732,19.1271
3.38544,4.41495,17.3748
3.77393,4.59239,19.4423
4.44573,4.27679,19.1221
2.40452,4.06158,14.9479
4.21636,5.32438,21.0942
3.2224,3.84166,15.2052
4.45128,5.39118,22.0997
3.61317,5.29396,18.8466
4.03712,4.49485,20.6495
3.51099,2.93983,13.253
4.52066,3.60229,20.1212
4.64527,4.13528,21.0596
3.76401,6.29365,22.3304
3.47073,4.16291,16.2795
3.04707,4.55346,16.6106
3.93786,3.16244,18.4438
3.77539,4.18771,18.2131
4.11993,3.16066,17.7957
4.41313,3.43748,19.9036
3.60752,4.93996,17.0694
2.65369,3.20601,12.4057
3.47883,2.57027,14.6391
4.37748,3.25345,19.398
3.03818,4.01504,14.5192
4.42605,3.95367,19.8431
6.44139,3.41199,26.7145
5.14534,3.76892,21.7038
2.34112,6.0293,15.826
2.33717,4.67977,15.8715
5.05711,2.85834,20.8454
2.1554,3.88792,11.9323
2.96241,4.73173,15.3757
4.03512,3.71107,19.0005
3.91882,3.4601,18.0093
2.20159,3.86143,12.4196
2.25553,3.25793,13.4724
3.57032,4.93359,17.3576
3.69154,1.61634,13.2187
4.35603,2.7702,18.6437
2.99371,1.34159,11.8505
3.59958,4.8483,17.7592
3.58796,1.28927,12.5437
3.63899,3.71641,15.5586
3.01298,2.81774,12.9496
4.05026,4.71483,20.2997
4.14644,4.62349,20.9325
5.07204,2.7912,21.3956
3.08298,4.83258,17.6862
3.54477,4.25351,17.3167
3.98605,2.09909,15.4253
3.0663,5.00416,15.2945
3.24798,5.79485,17.8708
3.03414,2.43539,14.8029
2.81855,4.4771,15.6302
2.77255,3.14424,13.3475
3.62233,3.38341,16.6106
4.87975,4.59527,23.1395
4.6699,4.96828,23.0625
3.74519,5.06234,20.4387
2.72004,4.195,14.5943
2.74964,3.00853,13.7558
4.24324,2.47148,16.7758
4.04068,2.90611,17.2492
5.43515,5.23151,25.044
3.24912,4.40811,16.541
4.37885,5.83375,22.1814
3.3181,4.19125,17.2452
3.82084,3.68696,18.9458
5.04567,4.48494,23.3065
2.74371,2.63619,11.0348
4.31428,2.81822,18.096
5.00737,3.34688,21.2312
5.35205,4.0946,24.5043
5.5625,2.12834,22.121
5.38355,5.54222,26.1289
3.63398,4.3527,17.0001
3.46304,3.71224,16.0068
6.01679,4.32778,29.4482
3.16081,5.28884,17.6472
3.68781,3.18199,17.0446
5.7624,3.53367,24.3836
4.08915,2.7069,15.8621
2.95976,3.50632,14.4872
3.7759,4.01523,17.305
3.88837,5.913,20.2897
3.80503,4.08336,16.4423
3.69053,5.21614,18.4212
4.82644,5.30586,23.9643
4.6234,3.00937,21.6699
3.97555,3.08398,17.8224
4.38759,4.01033,18.7055
3.44211,3.15814,15.8536
5.57413,4.16563,23.8263
3.44256,3.25043,16.8253
2.99872,3.47276,13.4248
3.79031,4.52724,18.9397
4.99673,6.01758,25.4087
2.86968,2.43093,13.3691
2.94794,4.53408,16.9229
3.80071,4.82056,17.1562
3.93984,4.82702,19.0163
3.13303,2.38203,12.1337
2.46464,3.08062,11.0368
4.61764,2.45847,17.7636
2.156,3.2721,10.6056
3.3701,3.95136,16.8173
3.40501,3.54415,16.1285
4.44528,2.60898,16.526
4.75164,3.27177,20.3714
3.76127,2.00947,15.4112
2.82761,3.69062,15.3618
3.75959,4.19388,18.1184
3.419,5.82814,19.7511
4.72708,6.32706,27.5219
3.22196,3.5082,14.6967
5.78289,3.31501,24.9831
3.30044,3.61366,13.9405
2.99429,3.32279,14.0864
4.96496,3.68067,23.3732
4.90329,5.34192,24.7855
3.60003,2.17563,14.4865
2.60943,5.32813,17.1652
4.35086,4.0941,20.8922
5.09719,6.05849,26.9662
2.17857,4.46453,12.441
4.6103,2.98852,19.2236
4.26645,4.86611,19.9343
3.99252,3.83647,17.7714
5.01476,2.78582,20.0105
3.84384,5.00492,20.1641
3.08005,1.77354,12.0874
5.22306,4.18744,23.5911
4.10724,4.52144,20.1164
2.72818,4.89512,15.623
5.09612,2.8092,19.276
3.50864,2.63604,14.4741
3.21895,2.45268,16.548
5.85182,3.19947,25.1492
3.75091,3.11591,15.3361
2.90546,1.48835,10.8781
3.67573,2.37782,15.4275
4.60393,4.37806,20.4181
2.76569,5.11639,17.8869
3.92791,3.27256,18.3284
4.00721,4.2945,18.5184
4.28995,3.67039,18.2786
4.21445,3.89338,18.7573
5.94539,3.65914,26.7652
3.07487,4.03307,14.1164
2.52947,1.43995,11.0129
3.21298,4.59461,18.2919
2.86954,2.6459,13.4566
5.55115,5.04365,28.0705
4.63189,3.31082,18.8752
2.26966,4.03645,13.4757
4.82468,3.5836,19.6787
4.56321,4.80586,22.2922
6.02326,5.76845,28.7744
4.39446,4.74927,22.652
3.73076,4.80544,18.0482
2.88741,3.20568,13.3479
3.86426,3.3622,17.1608
4.25036,3.39563,19.5832
1.77146,2.89479,11.71
4.99271,4.40322,22.4999
3.79429,3.81708,17.6629
5.86834,4.41385,27.4558
4.1745,5.43304,20.2695
3.64422,4.84666,17.8246
3.219,3.55737,14.8928
4.54595,5.31527,23.2323
3.79305,4.16653,16.9566
4.05915,4.48615,20.0253
4.38622,4.06292,20.1027
5.90709,5.40807,27.5879
3.60771,2.36147,15.4085
4.30835,4.0597,18.7857
4.15996,3.41481,17.7364
5.02701,3.1799,19.1783
3.60786,3.63511,16.422
4.50926,3.83476,19.6111
3.6217,3.02481,14.9188
4.71605,3.5042,21.2739
3.56662,3.92199,16.8605
2.73017,2.83404,12.5021
4.1525,3.61001,18.1773
5.00613,4.02392,23.6891
4.30258,4.48015,20.088
4.73536,4.47204,22.6668
4.40597,5.13792,22.745
4.08739,3.25146,17.7346
3.20581,3.86782,14.138
3.88273,5.72566,18.9142
4.71719,5.07885,22.204
5.28674,3.24171,23.2824
3.97463,2.02115,15.4478
5.50739,4.49101,25.0703
3.0115,3.59517,14.9368
3.44894,4.36736,16.4634
4.39314,2.75991,18.3439
2.60383,3.61774,13.0646
3.19845,3.17164,14.4024
3.06565,2.51782,13.7995
5.06705,5.5212,24.6568
2.6517,4.33181,14.868
3.54882,5.14091,19.6253
3.31616,3.96192,16.5133
4.22574,4.88869,20.5581
5.69518,4.62078,26.746
4.04311,2.77151,16.7421
3.29975,4.61895,18.2375
3.53418,3.32792,17.1486
2.7877,3.66891,11.7125
2.3365,5.11217,14.4591
4.00559,5.53335,22.052
3.75358,4.34061,18.4373
3.64918,2.43183,14.8293
3.49106,4.41514,17.5678
2.293,2.79168,10.6912
5.14189,4.93686,24.2529
3.78618,4.91011,20.247
4.72627,0.58746,15.7864
4.96768,3.98387,20.7806
3.1112,4.37029,15.6961
4.10867,3.51597,17.6198
2.80159,3.96041,14.7359
3.17605,4.69931,15.3595
4.74494,2.47629,20.9323
6.33424,3.48249,28.416
4.10085,4.41122,20.0405
4.33579,3.14498,18.0289
2.50804,2.82972,12.4997
3.78588,3.33651,17.0081
3.7695,4.37177,17.8707
4.1695,4.19116,21.4022
5.96147,4.88243,28.7902
5.70392,3.38612,27.1939
3.41254,3.38354,15.98
3.86626,2.50691,16.5498
5.44596,4.41398,24.5564
4.47565,4.74138,22.6533
4.08174,3.05588,16.8492
4.90172,5.6273,24.5799
4.71785,5.14763,24.1061
4.31525,2.8686,17.9532
4.42748,3.9512,20.3054
4.83313,3.83348,22.6451
3.511,5.01704,18.5119
4.89305,3.56961,23.2682
3.89462,3.47674,18.3823
3.44673,4.48366,17.0902
3.45077,3.96548,17.6279
4.64633,5.90261,24.5707
3.67878,4.00012,17.6947
3.31227,3.13186,15.2454
3.35264,3.95338,15.3772
5.99541,2.12426,25.0368
3.31261,3.20211,15.3881
4.71819,3.31801,20.5447
4.93038,5.38766,24.7
1.8922,3.71211,13.5913
3.14142,2.47947,12.1944
2.22969,5.19839,14.0049
4.20557,4.5185,20.2732
4.5,1.44845,18.3512
3.66239,5.6025,19.9748
3.6261,3.02175,14.6521
3.77301,3.41413,15.5812
3.355,3.87325,16.1058
3.61338,4.51234,19.9103
4.36508,2.51435,18.0342
3.1538,4.84312,17.3772
4.00468,3.23803,18.8321
4.05903,5.35194,21.7538
3.35302,4.49113,15.4764
2.4868,5.03606,14.9597
3.83225,4.36917,17.9998
4.4049,3.19673,18.9481
4.35115,3.04151,18.4165
4.39497,1.37136,15.2668
3.88974,4.77705,19.3668
4.46858,3.03894,19.6928
5.56658,2.2544,22.3361
2.82728,2.93875,13.6924
3.19274,2.85271,13.2764
5.0081,4.36953,22.8267
2.02036,4.14397,12.9214
4.25982,3.84512,19.3292
4.40416,3.01208,18.5996
3.86357,3.20462,16.5938
3.29966,4.09982,16.5051
3.88382,4.30287,19.463
3.8844,4.573,18.1854
2.74841,4.12474,14.3047
5.09604,6.27815,26.2551
3.73152,5.26607,18.5372
5.69855,5.55737,29.3443
4.34509,3.26206,16.4064
3.32624,4.97799,15.901
3.17141,3.60517,14.6448
4.0759,4.48136,19.415
5.36466,3.32393,24.7278
3.07323,1.72289,13.146
4.72975,4.42369,21.4262
5.67517,3.32641,24.3523
4.05626,2.40455,16.5898
4.26407,3.62059,17.9052
4.17034,3.83546,17.4589
4.09058,3.9968,20.0937
2.74397,5.50896,16.776
4.74225,6.43595,23.9212
3.88338,3.93066,19.0279
3.71912,3.38674,17.5866
4.52106,2.36267,19.687
3.68055,3.87199,18.1919
4.61733,4.89703,22.8974
4.4421,3.27691,19.8655
2.6964,2.94407,13.3578
4.19688,4.46793,19.8504
5.59643,3.65922,23.9191
4.45745,2.27285,19.8072
3.40641,6.16007,20.4985
4.72403,4.57566,21.7412
4.8241,4.71194,22.9007
3.23055,4.17908,14.8459
5.53496,4.00916,24.4216
3.04152,4.3371,15.8424
4.64688,4.72579,21.8453
3.86078,6.3238,23.7643
2.75859,4.54115,15.1036
3.06062,5.43604,18.8229
6.04986,4.30146,28.4144
4.78518,2.554,19.3531
2.06267,4.62419,14.4404
3.79235,5.52559,20.95
5.30111,5.89103,26.3962
3.31473,4.18817,15.6226
4.78738,3.71184,22.0061
3.34551,3.90678,17.4934
4.40824,3.13792,18.8361
4.71376,3.25476,21.6488
3.41684,4.43343,15.7558
4.04537,5.40473,21.7829
5.36701,5.15972,24.4507
2.34082,3.96633,12.152
3.87358,5.42489,19.4743
4.92799,5.26268,23.6046
4.33451,4.64919,18.7132
5.52618,4.66819,25.6375
3.20118,2.91771,13.6958
3.41723,3.99978,16.0837
3.52252,2.98971,15.9497
3.98962,4.65835,18.2557
4.16963,4.55038,20.1466
3.51387,4.16107,16.5687
3.73539,2.94344,17.8711
5.21738,4.69007,23.9251
5.65848,4.08284,26.0084
4.89383,4.63324,22.2214
3.56425,4.75875,17.62
3.14021,3.71306,15.0063
4.12398,4.185,18.4063
4.39188,5.68448,21.6685
1.56741,3.35664,10.9224
3.32045,4.23662,17.5937
3.19335,5.12634,17.3954
3.72511,4.24598,18.6693
2.95628,3.94293,14.946
3.89427,4.27636,18.0978
2.79793,3.33562,14.1315
5.31321,2.05244,18.5126
3.37195,5.74462,19.9697
3.77129,3.51221,15.9626
4.46554,4.4854,21.019
3.03828,4.55645,17.1289
5.05912,4.12393,22.8081
4.07683,5.24434,21.6914
5.09476,4.73441,24.0266
6.14959,5.64649,29.4245
5.09323,4.62278,23.3683
4.35566,4.71437,20.6887
5.21548,4.50015,24.1166
3.62959,3.48077,17.4432
5.53553,4.3191,25.6623
2.26952,3.05829,13.2158
4.86305,3.29128,20.6084
3.49878,2.95703,13.7669
4.23659,5.01791,20.3155
4.97159,3.07866,21.8448
4.71192,5.29974,24.5478
4.26685,4.3055,18.5796
2.35217,5.22687,14.085
3.84379,4.21788,17.7366
3.80601,3.48989,17.737
4.36927,4.48692,21.9923
4.29957,4.02704,20.6865
4.77428,6.18337,25.5107
4.61171,2.84041,17.7219
5.23802,4.00531,23.6315
3.01712,3.09619,13.3051
3.04806,5.18237,17.5073
4.60976,4.48516,21.361
3.19983,3.60672,14.9451
4.16507,4.31088,20.3557
5.58753,5.56672,28.0948
5.21441,3.93887,23.1576
4.28782,4.21022,19.8353
4.46246,4.40561,19.5182
3.89636,4.5793,21.8453
4.41596,4.38119,20.7712
2.94088,3.91428,15.5421
3.32637,3.60632,16.639
5.50149,4.00426,24.0494
3.90881,4.26042,20.5334
4.98973,3.75777,22.2732
3.43933,5.04902,18.1411
5.91247,3.75425,26.8106
4.87322,5.51998,23.268
2.8753,2.73499,12.5482
4.77211,3.32308,21.4579
4.53601,4.77992,21.7189
5.56975,2.95676,23.0367
3.61368,4.50422,17.8481
4.87953,3.0402,19.7464
4.03686,2.15228,15.7475
4.95695,3.44008,22.4907
5.39224,3.36727,23.9853
3.94603,3.44713,16.7016
3.9588,2.98797,16.9566
3.20575,4.85687,17.6048
4.64305,3.12041,18.4935
4.32492,4.07409,20.6716
4.37368,5.74935,22.0866
6.65987,4.03339,29.4464
5.76324,4.26853,25.831
4.24327,5.18351,21.6463
4.14856,4.65993,20.4297
3.27653,2.67024,13.7657
5.21945,4.14925,23.5288
4.48384,4.64121,21.5787
4.24528,4.22042,21.8478
2.9339,6.65889,18.1389
4.98213,2.45208,20.3434
2.78372,3.7411,15.1257
2.79147,3.51573,13.4738
4.58012,5.43244,24.4098
4.36981,4.75105,21.5849
4.54381,3.95809,19.7419
4.04602,3.92238,18.6331
3.25755,5.02551,16.3953
5.08609,1.36647,19.2832
4.09946,3.91673,18.6563
2.24554,5.43991,18.2488
3.16702,5.42488,17.8033
5.43512,3.73617,22.5515
5.16796,2.33044,21.2306
3.25931,2.37756,13.4446
3.59063,5.67715,20.3512
3.37599,3.45544,15.4337
3.98809,3.05073,19.2426
3.23027,5.18971,20.3246
4.45243,4.73559,20.7732
2.66455,2.50148,10.966
4.08812,2.19509,14.5443
5.27785,3.07681,22.846
4.20634,3.54617,20.0122
3.45053,4.63986,17.4944
6.06677,5.91499,29.698
4.67848,3.97134,19.925
4.75126,4.19081,21.6293
3.53221,3.54806,17.7529
4.62523,4.77368,22.6192
3.57452,0.636772,12.8741
5.44561,4.45027,25.8795
4.2737,5.87992,22.7408
5.15251,3.26326,20.6074
5.77274,2.96431,24.125
3.43022,3.30585,14.8639
5.06077,3.68882,23.4225
1.92791,3.79979,13.2368
3.51651,4.47078,18.0925
3.44425,3.13257,17.1199
5.36036,3.95438,23.1578
3.39721,5.23395,17.0742
4.16721,3.58938,19.6966
3.96577,4.01238,18.4377
5.15817,1.99814,20.3628
2.45812,2.86149,12.6384
5.1438,3.43069,22.9346
4.19816,4.58082,20.8883
3.99699,4.14565,18.2258
3.93944,2.594,16.2388
4.0628,5.28272,19.6421
3.54436,3.40108,14.3351
5.05845,4.03951,23.2375
2.81747,4.11626,16.264
3.42113,3.28972,16.2852
3.63529,3.51804,15.973
5.39222,4.06469,24.5921
3.25639,4.31382,16.5118
3.27648,5.44381,18.6199
4.84776,3.99657,21.2565
3.49519,5.16684,17.5233
4.85734,2.59514,18.5986
3.29815,2.95948,14.7296
3.67075,2.72529,15.7981
3.44522,3.63462,15.3381
4.98574,3.77804,22.2341
4.60006,3.08576,18.4212
4.31525,3.24414,18.2259
5.85132,3.09993,26.2859
3.66113,4.17791,16.7432
6.09738,3.81506,28.1007
3.80951,1.59074,13.9819
4.1591,5.63471,23.5976
3.53069,3.86876,16.7998
4.22463,2.58075,15.7081
4.05059,3.32772,17.5432
4.23804,3.71927,18.6098
4.53627,4.39511,20.6631
3.16482,3.9096,16.9106
5.35946,3.9177,23.8344
3.10026,3.23815,12.517
3.02628,4.8184,17.2992
2.37754,3.40676,13.6849
3.06474,3.60803,16.1418
4.15764,3.37264,19.1482
6.27833,4.93982,30.5998
3.70332,3.65756,16.1434
4.4215,3.03496,18.7266
4.58159,2.41269,17.9171
3.08712,5.69623,18.2399
4.44025,3.87096,20.4966
4.43176,6.17185,22.4799
3.28982,4.33459,15.8104
4.17482,2.41938,16.2895
2.60862,2.23401,13.1518
4.36731,4.73956,20.5832
3.61586,4.03447,16.4871
2.69683,4.69154,17.886
3.38802,3.29514,15.3569
4.87165,5.39166,23.8926
4.37802,4.44775,22.1671
5.52387,4.35467,25.7814
4.92848,4.97529,25.853
3.16388,3.81505,15.9116
3.60816,2.86487,14.5471
1.86046,2.83149,10.4204
2.6082,2.64489,11.7054
3.35889,4.70394,16.3941
4.58197,1.85831,18.5896
4.35148,3.56156,16.8518
4.36485,4.33686,20.8684
3.6205,4.84172,19.1166
4.55244,3.84599,21.0679
3.33234,4.6207,18.23
2.24409,4.06758,13.5251
4.50836,4.57822,21.6483
4.48463,2.91173,17.9271
4.80308,5.58663,23.2039
3.10757,4.05944,15.887
5.34605,3.86298,23.2406
4.70933,5.70484,23.5532
2.86379,3.94074,13.7771
5.61576,5.81552,26.375
4.12521,4.72544,20.5489
4.4258,5.97997,24.0067
3.70899,3.92655,17.9881
4.69664,4.10226,20.5652
4.12326,3.66825,19.5739
4.60529,4.91094,21.7683
5.2135,3.16062,21.6408
5.5406,5.07086,27.3619
3.33394,3.12012,16.1321
4.58376,4.79874,23.2434
2.34764,5.15944,15.863
3.54907,4.37819,16.9463
4.99023,3.22393,20.5027
3.06681,5.3062,17.4291
4.38702,3.91007,19.039
3.63609,5.07367,18.2295
2.74685,3.53443,13.9064
2.86798,3.80364,14.2583
3.38451,3.18483,15.5866
2.35645,4.47001,13.1742
4.33468,5.09927,20.6005
4.5876,4.09378,21.4103
2.90369,4.38113,15.0617
4.8899,3.25778,20.178
4.48239,4.33444,20.9933
4.61749,3.95856,19.129
6.15489,3.85583,27.5635
2.60247,4.20834,13.8343
5.20397,3.09885,22.0908
4.6615,3.69454,20.0413
5.30803,3.11216,22.891
3.3949,3.58007,16.6624
2.81328,3.90077,13.8321
3.58176,3.49716,18.6216
4.28424,4.88626,20.5229
3.7431,4.80071,19.9539
1.54896,1.61822,8.09007
1.40084,3.00856,11.9583
4.45342,3.76348,19.6158
3.40281,4.91332,18.0127
3.89999,4.81825,17.8662
2.35677,3.87622,13.8713
3.63617,3.36443,14.5889
4.50458,2.85201,19.5119
2.52808,4.61575,15.3925
4.28093,2.36711,18.7476
4.50101,3.84949,21.8271
2.99192,4.63226,16.3812
4.42207,4.92632,19.4314
2.68058,3.45943,13.6969
4.26873,4.42076,20.5122
4.04246,4.10652,20.9159
4.51007,3.27794,19.7657
5.0346,3.85355,21.2615
4.8152,2.70893,20.4698
3.22703,4.52799,18.6164
3.45746,3.53393,15.427
4.40444,3.75036,19.4362
3.37651,5.05163,18.6593
3.49649,3.23835,15.0259
3.80652,3.74626,17.5663
3.91153,3.67318,16.1895
2.77339,3.70327,13.5372
5.60214,4.12607,23.9388
3.41808,2.90401,14.3583
4.31955,4.28462,19.3189
2.80505,3.06014,13.9776
4.45113,5.12239,21.8938
3.19074,4.02084,15.2463
4.12808,4.27596,17.8252
3.94713,4.64699,18.7478
3.89309,3.6573,17.7995
2.5695,3.42795,14.3233
3.46261,3.75003,15.3137
3.30314,4.22463,16.6528
5.84244,5.51944,26.5016
4.1048,4.46991,20.7483
4.88127,4.10559,23.104
2.78273,3.27539,12.4097
4.28071,5.73642,22.8984
3.63991,3.70591,17.0204
2.99179,2.21851,12.2528
4.4625,2.34632,17.0305
3.60352,2.80401,15.1762
3.42569,4.55995,18.9329
4.73927,3.69194,21.3402
7.12223,4.61751,34.3175
4.80324,4.60383,22.2192
2.94205,5.61773,18.5662
3.15691,4.09151,14.9705
3.90312,3.31741,17.1209
3.58506,4.03265,17.3026
6.52112,4.6469,29.8579
2.97038,3.27452,14.3545
6.1886,3.02804,28.2332
3.76459,2.84718,15.3579
3.59975,2.05043,12.8104
5.14114,3.27612,21.8644
3.42911,4.83826,18.4248
3.82662,2.79181,14.7265
2.50195,4.61083,14.3986
5.90711,3.73236,25.946
4.39113,1.88779,15.9977
3.46427,3.86956,16.6185
3.42975,4.51915,17.3578
3.05941,4.02871,16.9126
3.94687,4.12483,19.7668
3.58249,3.75662,16.4112
4.2097,5.33575,21.4802
4.30092,4.31808,19.2826
2.86502,3.52793,12.8399
4.06059,2.35109,16.6165
3.8706,3.88691,18.1316
3.59498,5.29079,20.1379
5.27776,3.58928,24.0456
3.08561,4.69099,14.5409
5.58162,4.81456,25.9763
5.50036,4.99782,25.5257
3.78892,2.68869,17.2915
3.91131,4.92679,17.907
4.04487,2.936,18.1655
5.21871,5.04741,25.2714
3.23599,4.72787,15.6251
3.57442,5.32238,17.6203
3.87963,2.92614,15.5721
4.74345,4.76299,22.0125
4.07138,2.82303,16.1572
4.14532,3.60622,18.7351
2.54408,5.53581,15.5394
3.63613,2.55359,15.4261
2.61269,4.49875,14.9844
4.68954,2.32698,18.1231
4.32283,4.52333,19.556
5.31167,4.60184,25.0583
4.84144,3.4856,20.122
1.99024,2.3371,10.2581
3.01465,4.37414,16.6937
3.31202,3.0471,14.195
2.35559,3.53001,12.3397
2.99183,3.94172,15.6585
4.75357,3.32909,20.3273
2.83641,3.75518,14.811
3.91214,4.39709,18.98
5.53333,4.84334,25.7066
4.38207,4.23104,19.0843
4.99716,5.68313,24.2653
4.0296,3.16252,15.3341
2.846,2.6975,11.6832
4.28496,4.81533,20.4737
4.41616,3.88606,19.7794
5.91179,4.51426,27.2713
2.96986,3.66556,13.6177
4.10334,3.85211,19.1847
4.87951,3.67963,20.8968
4.24235,2.68056,19.3224
3.69559,2.34766,16.0563
2.88146,5.6172,16.2362
4.13914,1.86682,16.6522
3.70714,5.13629,20.5035
4.51354,3.94242,20.7143
5.20175,2.60875,21.558
3.28805,4.19749,17.0148
3.66625,5.58204,20.8448
5.25302,2.11509,20.4387
2.58024,4.70006,15.5852
4.95578,6.09664,25.2796
2.86363,4.28836,15.2688
3.95372,3.67081,16.8397
4.9344,4.63924,24.1972
6.1442,3.23546,27.8438
4.38638,4.01693,19.1273
4.19867,5.71798,24.6284
4.31898,3.58224,18.1586
2.25142,3.61787,14.368
4.47328,2.61593,18.0482
3.81664,3.49191,17.5354
2.8479,4.7674,16.7055
6.08931,6.08981,28.5631
3.47165,4.60795,17.5371
1.90619,3.66578,12.4017
2.31563,5.61467,16.0884
2.53546,4.86484,12.6021
5.09157,2.33143,19.058
4.74735,4.34063,22.0005
3.2205,2.05214,11.9898
3.83333,3.95132,18.301
3.08522,3.00973,13.5665
4.24657,4.31352,17.8185
5.28114,4.36401,24.9628
5.26724,2.88107,21.0722
4.32964,4.78886,20.5458
3.93994,3.58543,17.1283
2.31072,1.71624,10.0185
3.67758,5.57786,19.8413
4.32815,2.61271,17.0162
3.51643,3.37964,16.9641
4.18026,6.63719,24.5795
3.95832,3.16361,17.2654
4.38726,3.71148,19.2844
5.69083,5.07152,27.5209
4.00589,3.4752,18.7068
4.02463,4.26471,19.8431
5.22002,3.50719,21.8136
6.2473,4.14353,28.82
3.609,5.09103,17.8431
5.23284,4.29607,23.7774
5.38056,4.20925,25.6615
3.59489,3.43369,16.6815
6.04697,4.95445,30.4842
4.76746,6.07719,25.0378
5.11318,4.84146,23.3713
4.62403,3.27321,19.698
5.44577,5.49305,24.3471
4.5874,5.91461,22.8787
2.95615,3.93605,15.269
5.61747,2.7174,22.6098
3.85218,3.28056,15.1285
4.53492,4.81829,19.6759
2.34217,6.28591,15.6273
2.52331,3.88451,12.3214
4.91131,5.05405,23.4465
4.44313,3.94566,21.5116
4.38081,5.82592,22.608
4.64639,1.87685,18.0378
3.8362,3.31931,15.8428
3.15572,4.47448,16.0498
3.91423,4.13252,18.9851
2.95279,4.35192,14.494
3.91088,4.11388,17.5393
3.40292,3.11903,13.8973
3.56911,3.34573,15.8075
3.61944,4.23802,17.2854
3.9679,3.78845,19.3369
2.80049,4.30225,14.9052
3.02699,4.34022,15.8729
5.60422,3.69528,23.6498
4.21192,3.83831,17.9327
2.98701,2.05298,13.1456
4.5007,3.11204,18.1938
4.22908,3.53449,18.9985
3.44953,1.75186,13.5406
2.50887,6.35186,17.4698
4.34968,4.40195,20.2007
5.85181,4.74814,26.3808
4.7707,4.58594,20.7231
3.94226,6.11383,21.4788
3.80955,3.71551,17.3841
6.00244,1.79242,23.8321
5.16131,4.06668,21.9634
5.47659,4.3678,24.0851
4.5668,5.34355,23.043
5.57421,2.7288,23.756
5.37936,4.19715,26.9174
4.12401,4.74354,19.7279
5.61623,3.22913,24.4947
3.89563,4.18563,19.2659
5.45212,4.00182,21.6681
4.41681,3.28251,19.6672
3.10234,3.90588,15.0593
3.03138,2.48509,14.9623
5.5324,4.37037,24.5736
3.59833,3.37495,16.6843
3.64692,3.95251,17.7385
4.47121,4.363,20.3515
4.04216,5.20916,20.533
3.24109,4.43725,17.0693
3.1175,4.47295,15.5612
4.23871,6.02948,22.5156
3.55868,3.68886,15.4616
3.9453,1.897,15.0171
5.17084,3.42955,21.743
3.37739,5.15867,19.4086
4.09957,2.33668,17.6289
4.04616,5.86767,21.0167
3.37406,4.52864,17.3181
4.28293,2.92739,19.7805
4.74615,4.07809,20.4041
3.04923,3.90129,14.2621
3.70523,4.86166,18.8088
3.11314,3.95169,16.5807
3.74795,4.98703,19.1079
3.59133,5.18658,19.2644
3.61214,4.27309,16.8882
3.10709,3.12148,13.0398
4.56625,4.70938,21.9436
3.71996,2.98845,16.0254
5.08293,4.3968,24.7361
3.76728,5,19.0673
4.67266,5.52184,24.7332
3.45226,3.17925,15.4271
1.65828,3.96766,11.4114
4.26428,4.89335,22.1363
4.7375,4.70096,22.4548
2.07657,4.17016,13.8666
4.93967,4.92888,23.9382
5.4279,5.2132,25.6695
4.20533,3.70408,19.2157
3.04233,4.03482,15.2911
5.16856,4.1433,23.9342
4.93237,3.14311,22.5258
5.84973,2.85788,22.9538
2.98111,4.50329,15.7524
4.24771,3.38603,19.6506
3.50667,3.36411,16.2403
3.5991,4.33712,17.9318
4.75579,4.70303,21.933
2.3013,3.19877,11.7345
5.96509,3.17507,25.7087
4.46154,2.71452,17.1995
5.10381,5.63576,24.0956
3.11024,4.33874,17.6789
4.20212,5.335,21.4822
4.34892,4.79345,19.2477
