3
4.47603,4.03288,996.165
5.94905,3.43384,2830.65
4.44465,3.00741,865.362
-0.527573,2.41648,-nan
2.83104,3.76499,270.42
4.65203,4.17055,1161.51
3.02983,5.30425,595.45
4.53123,4.64042,1141.64
4.21256,4.43004,876.156
3.26342,5.07005,595.623
2.39245,5.68184,605.421
3.65629,4.23887,562.596
4.01902,2.47566,561.326
5.02938,4.0447,1517.37
2.73484,3.80619,257.562
4.08141,3.94046,722.78
5.38865,4.55856,2054.3
4.10991,4.95584,920.641
5.01913,3.99157,1497.3
4.25233,4.39648,896.204
3.7346,2.76236,441.93
3.43468,4.70011,562.433
4.88101,5.44059,1647.32
3.11969,5.39987,642.388
5.11023,4.63911,1710.55
3.4786,2.74889,342.692
4.82676,5.83214,1712.77
4.90888,3.39567,1311.89
4.72991,5.12313,1416.87
3.78167,4.18904,608.434
5.52988,3.05773,2072.14
4.91746,3.85149,1370.18
5.95803,4.38837,2976.65
4.19471,3.67117,756.674
2.33258,3.7406,199.539
4.33314,5.11777,1098.35
4.90364,4.94575,1544.07
2.79543,3.67306,250.457
3.62529,3.14816,422.889
5.10951,4.56445,1693.43
3.00433,3.21723,248.144
2.74719,3.0925,188.87
3.51807,2.61431,348.034
5.15306,4.61549,1755.34
3.41055,2.75439,320.452
1.99152,2.33572,67.0778
3.17722,5.97715,838.998
4.78939,2.97936,1158.49
3.83468,4.33886,655.557
3.62127,4.90727,673.204
6.80761,4.11812,5035.95
5.27358,5.1311,2021.36
5.67822,3.05416,2311.47
5.66362,4.58604,2480.93
4.96977,4.14475,1466.24
5.44452,5.89496,2481.38
4.54912,6.50774,1725.85
4.29313,3.81189,836.722
3.48981,3.60275,417.421
4.73649,2.68152,1088.27
5.19533,3.01647,1605.26
4.11174,4.71494,868.539
4.79513,3.26469,1185.08
6.57501,3.14276,4259.3
3.58589,4.04917,505.286
4.83244,2.5132,1170.78
5.03385,3.57352,1464.09
5.54765,3.29168,2119.34
4.3603,4.66442,1017.06
3.83335,3.56392,549.266
3.35795,4.93699,589.362
3.49612,3.86983,451.009
4.69261,4.71091,1291.62
3.88898,3.56247,577.237
4.89092,2.98779,1260.08
3.17307,5.25618,617.625
2.54314,2.85758,143.174
4.96078,3.4818,1373.2
4.86464,4.46064,1409.38
2.00538,3.96033,204.091
4.01733,4.94926,865.108
3.48001,2.53869,329.594
4.68042,4.26415,1201.32
4.45851,5.1756,1204.93
5.34819,3.10213,1810.97
1.60625,5.04095,384.423
3.08506,5.16166,572.877
3.62275,4.14821,534.579
2.71791,3.89529,267.579
3.50453,4.54709,557.616
2.45749,2.21322,100.225
4.22671,4.24779,853.628
2.21761,4.97613,399.775
2.64161,3.43341,204.999
2.83155,4.58784,394.35
4.40408,3.8621,918.952
4.1744,4.841,931.698
4.74456,3.58447,1169.41
4.38948,2.30117,785.857
6.95654,4.43272,5555.72
4.59271,5.13892,1302.23
4.92103,5.09422,1596.97
2.75197,3.27145,204.312
4.29022,2.5847,729.992
3.23272,4.2421,422.063
2.49643,4.18272,279.475
3.67112,5.13312,747.148
3.88581,4.98032,806.116
5.65489,2.79046,2253.62
3.63877,3.13727,426.876
1.51071,3.05646,89.5491
3.68797,3.34363,463.935
3.88298,3.55543,570.738
4.08167,2.35215,593.647
4.00921,3.5995,643.729
5.90895,3.8041,2796.53
3.26844,3.86978,381.842
5.10739,3.32227,1524.96
3.27754,3.12045,307.066
4.02696,3.85019,678.793
2.68053,4.17805,300.759
2.64228,4.8038,406.929
2.00151,3.87463,192.798
6.35744,3.25743,3707.93
6.02398,5.52265,3365.72
4.18971,3.30914,717.124
3.67294,6.39389,1160.39
5.42662,4.22473,2050.94
2.63073,3.69548,229.211
4.45982,4.7053,1098.19
3.03039,2.88321,228.192
1.27472,3.95464,178.511
4.3025,3.85513,849.321
4.79836,3.08893,1172.62
3.81047,2.89229,481.002
2.30358,4.72051,351.742
5.51189,3.74776,2112.72
3.49493,4.10118,482.519
3.72882,5.48513,865.377
3.05807,5.19447,573.474
4.27675,1.97451,697.703
3.20016,4.31641,425.942
5.37806,3.12625,1856.11
3.48699,4.75698,592.323
4.25975,3.81051,816.477
4.91424,4.11783,1402.89
3.42603,3.74664,410.804
2.55268,3.86109,241.231
3.35645,3.82928,399.697
3.63986,3.30829,443.311
4.09179,4.17523,760.601
4.37606,3.40021,850.045
3.13369,5.83037,777.2
3.71656,1.92056,397.039
3.13799,5.12523,575.402
4.23728,4.42529,890.213
3.50862,5.21108,704.595
4.97806,3.98472,1452.57
5.37909,4.02635,1954.07
6.50266,3.66633,4115.95
6.51098,2.89287,4066.22
3.65449,3.09314,429.232
5.67392,3.79688,2374.77
3.6743,5.65927,893.504
4.45765,5.01631,1165.78
4.48297,3.21006,910.132
3.71766,5.67651,916.786
4.58552,3.59382,1030.54
4.45398,2.48702,842.263
3.6241,3.43697,448.17
3.23974,5.67195,753.478
4.49884,4.29577,1056.82
5.06389,4.97228,1725.7
4.07871,3.52811,671.776
4.947,2.39383,1282.63
2.59403,4.0661,274.654
4.29374,3.73233,828.902
4.16517,3.68956,740.781
3.65674,4.37475,584.596
3.76434,3.91377,559.811
3.99347,3.10171,586.469
4.02112,5.00612,880.792
2.59029,4.09786,278.043
3.94984,3.42505,593.831
4.90131,3.40431,1303.23
4.10586,4.16684,768.043
5.07595,7.21432,2589.14
3.9546,4.44063,732.032
4.60322,4.51766,1177.48
6.00737,3.52299,2958.02
4.96036,2.74976,1315.87
5.1049,4.28277,1641.37
3.83575,5.44588,899.261
3.54392,4.16073,508.144
4.87589,3.35684,1272.83
2.84578,3.61748,254.625
3.88257,5.13132,840.272
4.2569,4.3355,887.123
4.84271,4.71282,1434
4.17533,3.95786,780.792
6.14484,4.22903,3336.35
2.37317,4.1233,254.843
3.87305,3.63637,578.273
3.50914,4.19187,497.852
2.34038,5.06331,431.752
5.32269,5.02967,2061.16
3.98381,3.74428,644.848
2.32544,1.77804,74.6768
2.6868,3.37276,203.452
4.93101,6.47734,2064.88
4.2423,4.53219,914.985
4.66118,2.0912,993.815
1.65999,3.84432,174.202
4.91681,4.54179,1477.6
2.46888,4.55891,337.869
3.55409,3.81518,462.671
5.80475,3.98566,2625.42
3.24257,3.97372,387.316
3.73465,3.15547,467.894
2.97155,4.62282,428.225
4.55901,1.83281,899.114
4.19062,3.32125,717.72
4.12363,5.08046,956.326
4.54347,2.94123,939.026
3.20759,2.97333,276.516
3.96035,3.37668,593.085
3.06604,3.04955,247.35
3.85483,4.07089,621.296
5.94486,5.21036,3123.48
3.66048,4.60927,627.25
3.91162,5.11362,848.593
4.96462,3.60171,1390.97
4.62167,5.39121,1390.87
3.38005,3.70167,393.441
3.38291,3.64616,385.749
3.81341,2.9446,486.588
4.12346,5.88162,1187.11
3.45042,5.32994,717.419
4.28026,4.54177,940.205
3.56237,4.0318,494.315
4.34022,4.20546,922.758
2.84214,5.18213,527.458
2.85866,4.39509,366.483
4.03216,3.23692,618.227
3.35992,3.53478,365.86
3.27692,2.47926,264.538
2.56477,2.43389,123.185
3.19378,4.33324,426.685
3.23217,0.888339,214.778
4.87591,3.55993,1293.68
5.27588,3.82526,1786.26
3.61217,5.11744,719.452
4.99219,4.88577,1626.35
4.93444,2.87761,1295.69
5.73228,4.30478,2546.51
2.62993,4.48241,343.506
3.77897,3.47937,515.779
4.76803,4.97064,1417.01
2.91351,4.54007,401.111
4.27938,3.77689,823.272
3.94272,4.93116,822.327
4.78063,3.60664,1205.87
4.85323,1.39709,1157.3
4.94673,3.59516,1370.67
3.61422,6.66108,1253.03
4.11737,3.66265,709.176
5.12415,3.15053,1529.28
4.67521,3.54172,1101.31
5.34216,1.31244,1730.92
3.86556,2.76612,499.676
3.24389,3.39022,319.026
3.95215,4.43489,727.809
3.37171,2.74932,305.487
3.93359,4.41349,716.307
3.54631,3.39464,414.917
3.86551,1.48816,453.998
3.40806,4.97633,614.296
3.36818,3.96283,422.641
4.49199,2.22845,860.242
4.76417,3.92502,1227.47
3.86379,3.18408,527.797
3.69161,3.87027,525.332
2.30618,1.9599,78.102
4.87383,2.27234,1200.89
4.21417,2.57288,681.556
5.02447,3.55201,1450.51
4.87708,4.39395,1408.59
3.96702,3.38618,597.635
4.70428,3.57754,1131.03
3.23078,3.12558,293.722
3.44719,4.18439,478.221
3.9392,2.52574,525.127
3.33429,3.92204,406.379
3.48948,3.77625,437.236
2.27683,3.31692,150.136
4.80215,2.62698,1147.77
3.79324,4.08192,594.548
4.45635,4.1828,1004.21
5.48063,6.15771,2629.09
3.83067,4.31508,648.4
2.68853,4.20932,307.997
3.97874,4.23488,709.021
3.97674,4.32623,723.172
4.64049,4.72797,1249.62
4.57167,4.28992,1112.56
4.97201,5.05981,1644.44
3.61208,4.0195,514.135
3.60223,3.12424,411.291
4.78563,3.60246,1208.81
3.64582,6.12936,1043.6
3.77962,4.29635,623.8
5.41104,4.11079,2010.66
3.99949,6.274,1263.1
3.98549,3.32415,601.508
3.71936,4.40328,616.022
2.05347,4.19367,239.734
4.84046,3.82748,1287.89
3.40286,4.93483,604.547
4.07377,3.3394,650.135
2.83828,3.85691,281.44
4.95638,2.56258,1300.57
5.29309,3.75235,1802.07
3.81592,5.72102,973.243
4.45785,4.59109,1072.26
3.55857,5.33267,754.896
3.7185,3.08141,456.512
4.95023,4.7778,1555.21
5.84513,4.13055,2719.74
4.38896,5.44432,1223.36
2.80025,4.89903,454.234
3.27967,3.80714,375.485
3.18012,4.20903,403.468
4.00892,2.91751,582.553
3.38402,2.67203,307.774
4.69629,4.27106,1215.51
5.444,4.28763,2083.58
2.29266,4.28699,274.081
4.47476,4.90907,1152.96
4.11741,5.52939,1070.67
2.79098,3.41071,223.821
3.94694,4.28557,700.932
3.9082,2.39896,501.799
4.0992,5.83257,1156.73
2.15936,6.22621,778.306
4.14823,6.29628,1356.11
4.2483,3.38413,760.757
3.76887,2.7564,453.855
4.40169,4.05442,942.654
3.66047,3.84509,506.329
4.59311,4.13074,1105.39
2.81037,3.18171,207.897
6.64909,4.68445,4670.27
5.50376,3.77933,2102.9
5.74572,3.71185,2488.58
3.81892,3.57508,545.127
2.95207,3.73453,288.631
4.77292,2.73636,1123.42
4.50882,5.72173,1397.89
5.86018,2.85138,2617.63
4.64058,4.44127,1195.86
3.48597,2.71036,342.356
3.47381,2.68523,335.455
3.99282,5.07282,882.332
2.7714,3.936,280.109
4.05896,4.69201,833.921
4.30789,3.77949,842.501
4.88576,2.12873,1209.16
2.40567,4.99723,423.649
3.0321,4.93297,506.459
3.1865,3.69008,335.598
5.49171,2.91491,2004.33
2.67156,5.37412,551.004
5.14108,6.42895,2281.77
5.73033,4.74773,2626.08
4.7318,4.89667,1367.08
2.49568,4.93674,417.942
5.02822,3.43549,1443.94
4.20417,4.56873,895.501
5.40778,3.29003,1912.09
2.62664,2.82942,152.748
3.65703,3.99089,524.221
3.83787,3.20725,519.942
1.72322,4.04363,201.36
1.61476,3.27488,112.233
5.54417,3.88949,2179.34
3.92203,4.22235,678.558
4.50766,3.02416,914.353
3.38509,3.65842,388.551
5.48254,5.50548,2416.06
3.07569,6.58706,1058.8
0.865069,4.5425,268.977
5.16831,4.94099,1843.5
3.08705,3.58072,301.122
2.272,5.31555,489.702
3.21827,3.70799,346.306
3.5004,4.78129,601.424
3.26412,5.79608,798.871
3.78333,3.03318,479.736
2.73807,4.06258,293.174
5.11,3.36927,1531.71
3.61956,4.46856,588.208
3.22259,4.90701,546.076
3.2651,4.08728,408.566
4.64525,3.22324,1045.26
3.29644,3.11636,311.297
5.10672,2.56711,1471.54
4.17212,5.27916,1036.25
3.6421,4.53594,607.876
3.78495,2.17885,433.179
3.68043,3.83432,515.268
1.94036,3.21379,119.787
3.49252,3.27998,385.805
2.81934,3.42208,228.259
3.98764,3.86477,661.848
2.5999,4.43097,330.61
5.22385,3.54535,1688.72
3.64987,3.57136,472.504
2.18384,3.9176,209.399
4.49708,3.38974,937.994
3.08861,5.01654,538.644
5.7124,3.35992,2393.2
5.76047,4.42484,2614.24
3.54797,3.98428,483.5
4.57756,4.63868,1178.3
3.32635,4.94373,583.438
2.53639,4.95157,425.361
5.12314,4.50844,1700.7
3.18369,3.84646,353.835
2.85203,4.37855,361.885
3.99781,3.41057,616.183
4.17503,4.35027,840.351
5.4015,3.24222,1897.49
2.77379,3.08016,194.063
4.97421,3.99818,1448.72
2.65046,3.01209,169.847
3.38143,4.55429,519.384
4.37754,4.14924,940.924
5.02008,4.41559,1563.57
4.35217,2.70892,779.896
3.84218,4.35077,659.315
4.04992,5.62151,1061.01
3.46847,6.43259,1100.62
2.83786,2.51213,168.393
5.03755,4.72373,1641.41
3.23389,5.25947,633.081
4.29345,6.20035,1411.1
5.28667,3.77585,1795.52
4.57347,4.59846,1165.79
3.25404,3.90651,381.303
4.03441,4.60656,802.117
4.07069,4.39412,785.446
3.1492,4.65142,474.083
3.80268,4.04519,595.143
4.29991,2.1111,712.607
5.61651,2.21577,2163.41
4.06626,3.21751,637.36
4.11564,3.86989,733.878
4.54974,4.0106,1050.76
3.80008,6.46306,1244.46
4.50714,3.55456,960.664
5.0476,3.62814,1484.28
6.03718,3.38379,3003.17
3.42724,4.79274,580.174
4.42016,4.94103,1117.32
2.81932,3.54122,243.22
5.45919,3.52654,2007.78
5.3447,3.88699,1887.06
5.70919,5.06515,2658.95
4.7175,4.3295,1244.9
3.64378,2.89606,414.206
2.42166,3.78309,214.537
4.65963,1.69994,980.754
2.59191,5.5241,581.969
3.79296,4.46399,657.148
4.66796,3.38811,1079.56
2.67979,3.96475,272.699
3.46867,4.86962,611.401
5.83996,4.53228,2778.39
5.46557,4.7274,2197.56
2.24308,5.75763,618.075
3.30779,3.5309,350.691
4.21386,4.62693,913.606
4.44866,3.76783,941.003
2.69024,4.88027,430.298
3.83555,3.57066,550.913
3.04781,4.45968,412.897
2.99571,4.96011,504.693
3.54955,3.2365,401.297
5.79145,2.00267,2453.14
3.31762,4.56631,504.416
3.30161,3.59541,356.949
5.03126,3.31222,1434.99
4.03832,4.93251,872.832
2.64052,4.52531,353.469
3.88738,2.77043,511.456
4.75311,2.7021,1105.51
5.24108,2.56558,1635.56
5.97483,3.58487,2898.36
4.00792,3.92094,680.705
3.32976,6.60988,1133.69
2.90983,3.17749,224.781
4.24687,3.7983,805.622
4.61054,5.13423,1315.05
4.13875,4.79002,899.916
3.7442,4.07641,574.6
5.80052,5.41876,2910.15
4.7251,3.39096,1131.5
4.70013,3.7159,1143.88
1.4873,4.15428,214.002
5.11009,2.65073,1479.03
2.90991,5.104,520.858
4.73936,2.70496,1093.46
3.29599,3.25369,322.055
4.44453,3.20205,882.961
4.0026,4.51681,769.902
5.01734,3.44711,1433.5
5.20714,1.54206,1559.07
4.61279,4.09281,1115.19
4.67165,4.1158,1170.58
3.93501,4.58708,747.566
4.58905,3.00778,980.362
3.94779,3.73479,625.056
3.77355,3.76294,545.73
4.75598,3.16094,1138.93
2.75823,5.58148,623.698
2.968,2.76892,205.514
2.44757,3.73535,210.564
5.18984,5.27137,1950.86
2.11334,2.80599,98.6912
1.89812,5.17192,427.57
3.79915,3.48838,526.034
4.48319,4.73149,1122.02
3.98141,2.96543,571.233
4.65697,3.28807,1060.79
4.0141,5.13922,907.954
6.48172,2.87739,3991.4
3.49743,5.35919,740.281
4.6818,2.76066,1041.77
2.74545,4.34985,337.158
4.41279,3.60728,896.19
5.99358,4.01616,2988.76
4.31208,4.4887,951.619
3.27944,4.29064,444.236
3.99735,3.63026,639.692
3.07896,3.49722,289.314
4.47483,5.09969,1197.48
5.15399,2.71568,1535.52
4.74551,4.00492,1220.85
3.10673,3.65249,311.693
3.97616,6.39558,1300.06
3.28274,5.06805,597.777
2.65518,4.08149,280.637
3.75281,5.4074,850.725
2.8897,1.37554,143.625
3.07659,2.75007,229.511
2.64415,5.14313,486.992
4.7397,2.91029,1105.45
4.47514,3.24491,908.015
3.34275,4.84997,568.04
4.75507,3.93715,1219.1
3.87624,3.5644,570.293
3.88774,5.71982,1007.92
3.2778,4.91248,562.072
6.17256,2.59097,3236.13
2.87468,3.83061,284.637
6.75551,5.20495,5093.54
3.51231,3.66829,431.578
4.21485,5.33363,1075.94
4.5737,4.0276,1076.08
4.8317,4.12209,1321.36
3.89796,5.37077,908.04
4.02542,5.82206,1111.18
4.39008,3.77142,898.461
2.94633,2.35756,180.29
4.82714,5.59977,1638.91
4.99825,3.6549,1433.37
5.30215,6.33279,2448.37
2.3594,4.84206,383.605
3.05155,2.94493,235.26
4.40267,4.26309,975.674
4.00105,5.73622,1069.44
4.20738,3.14233,715.282
5.08237,3.65539,1528.36
4.20282,4.82818,947.481
2.77928,3.79143,264.466
5.03765,2.28565,1376.75
3.7802,5.03287,768.771
5.45813,1.97592,1909.91
4.53356,5.09467,1240.75
4.32356,5.94763,1338.15
2.36823,2.6219,109.851
4.03661,2.49967,574.49
6.43209,3.83384,3953.67
3.38012,3.79277,401.827
3.46864,3.97135,453.23
4.81446,3.67775,1243.49
2.65951,3.63202,227.607
4.77864,3.61359,1203.4
4.87742,4.9928,1526.65
4.50088,4.34653,1064.36
4.71728,4.82206,1338.29
3.50856,2.31979,331.097
5.4511,3.05699,1954.89
4.26469,4.12774,861.094
3.17145,2.89691,262.72
5.36951,2.72312,1816.02
5.83274,3.06383,2581.92
3.73658,4.36251,615.48
5.19113,2.98856,1598.34
4.41096,4.90125,1103.44
3.85495,3.5055,554.226
4.33058,2.37668,748.014
4.17958,5.23831,1029.39
4.50307,4.83982,1159.36
3.51244,4.76495,604.77
2.97452,2.79854,211.897
3.05777,4.30047,389.164
3.63063,2.28837,373.196
3.84078,2.48343,471.207
3.88989,4.27405,672.404
3.89631,4.04087,638.98
4.56893,5.00883,1250.93
3.75357,5.52381,884.564
4.37067,3.83393,893.466
3.93277,2.89287,540.877
2.94822,3.38054,249.926
4.36881,4.52871,998.814
4.92612,4.959,1573.3
4.85926,2.49513,1197.72
7.03073,6.29803,6322.34
5.35153,4.19943,1943.08
3.53296,3.84792,459.613
3.6421,5.39462,803.503
5.96185,4.74609,3051.28
7.09687,2.52942,5830.42
4.08599,4.64023,837.048
5.90331,2.10023,2662.31
4.19032,4.25354,832.391
3.59788,1.39295,339.126
4.05972,5.05089,910.358
2.80467,3.52598,238.92
3.86118,3.8599,598.812
3.57765,5.3026,753.501
3.86826,4.04029,624.927
3.65687,3.96884,524.726
2.90216,4.83137,455.832
3.96531,4.16547,689.936
4.15319,3.6238,728.211
2.9336,6.38492,940.396
3.20048,3.3607,306.186
5.56516,2.57024,2095.8
4.68845,5.12712,1380.64
4.64424,2.89597,1019.89
5.16718,4.46633,1745.54
3.46492,4.78513,592.8
3.3356,2.6875,293.704
2.57803,4.7479,387.951
3.52533,2.80869,363.303
3.5814,5.39417,779.211
2.95848,3.01072,222.834
4.84024,4.55186,1398.79
4.05727,5.21273,953.505
3.89404,3.29541,551.105
3.59564,5.12953,716.986
3.94579,4.93566,824.04
4.15979,2.49915,642.32
4.08157,4.22875,764.598
4.51224,2.80903,904.455
5.24128,4.80768,1904.99
4.64195,4.59959,1224.18
3.85885,3.56795,564.54
4.07777,2.64055,601.492
2.93069,3.93258,309.57
3.95654,3.6492,619.94
3.88138,3.99489,623.039
3.96401,4.16173,688.98
4.69143,4.72606,1293.06
2.54392,3.27484,175.295
3.66716,4.03277,535.255
4.04545,4.19381,738.055
2.44169,2.43458,107.512
5.12891,4.88371,1783.26
3.75409,3.1977,479.014
3.87852,3.70326,585.228
3.73687,3.81366,535.897
4.62455,4.34383,1164.83
3.50651,4.02306,474.128
5.10865,5.20812,1833.55
3.94198,3.10951,561.304
5.29533,5.34891,2108.19
5.97979,4.93112,3126.34
3.95985,5.90654,1107.51
2.9883,5.13199,542.138
4.93426,2.21346,1261.93
2.58676,4.62913,364.713
2.4603,3.9547,240.132
4.36193,4.44213,978.386
2.99544,3.26845,249.914
4.82368,3.82226,1271.96
2.57156,4.61513,359.585
4.55039,2.79802,932.672
3.88202,3.18016,539.368
3.42008,4.57698,536.384
4.49017,3.70741,966.381
5.04611,3.0875,1433.22
3.95708,5.10118,869.469
3.24707,3.58464,340.958
4.92885,4.532,1486.29
2.81224,5.77201,692.163
3.9992,2.65897,560.309
5.99201,6.90348,3844.31
3.9331,3.01567,548.67
5.2211,4.50787,1820.23
5.99421,4.60077,3088.2
4.23832,2.88724,714.325
1.16039,3.46215,120.864
4.85431,3.6579,1281.42
3.03443,3.38666,269.511
4.28183,5.33619,1120.49
3.14899,5.1968,594.736
4.88799,4.58732,1454.05
4.39451,3.98237,930.389
3.5655,3.67544,451.143
3.80123,3.05386,490.404
4.22947,4.73203,943.705
4.79179,3.18401,1175.29
5.03057,3.64903,1469.18
3.75019,4.2945,609.614
5.84387,1.87286,2544.65
4.19307,4.61857,899.505
4.82898,4.67802,1413.51
4.23843,4.73388,948.932
3.5481,4.19796,515.623
3.23714,4.87488,541.819
3.67303,3.97686,531.424
2.98324,3.94788,320.522
4.39155,2.93598,822.213
4.90212,1.6393,1211.14
3.64884,2.67149,399.482
3.40314,4.30729,483.584
4.12433,2.3452,612.758
4.40215,4.63535,1042.43
3.16534,3.18073,280.725
2.87694,4.75971,436.342
4.37162,3.02177,813.845
4.34799,4.28057,938.856
4.94806,4.25193,1461.24
5.39542,3.76683,1944.37
4.99922,2.94466,1369.86
4.06972,5.48206,1031.49
3.40229,3.80312,410.356
2.53396,4.27292,296.622
4.27758,6.2112,1401.08
3.11485,4.72937,481.802
5.19854,3.84211,1690.68
2.65299,4.78723,403.387
4.17718,3.99263,786.732
4.1362,4.63407,866.258
4.0781,3.44129,661.568
4.8623,4.67177,1445.27
4.31243,3.08439,777.953
3.9954,5.02912,873.242
4.4359,3.79513,936.388
4.91536,3.25746,1303.95
5.39392,4.23506,2006.1
3.65952,4.20807,558.566
3.71481,4.4623,622.491
2.50488,4.28683,296.13
3.85677,5.91728,1059.07
5.98205,4.40636,3026.74
2.66504,3.32741,197.301
3.817,3.04958,496.276
5.25873,4.27176,1828.1
5.69002,2.87095,2318.37
3.17678,3.75319,341.22
6.54526,4.06694,4278.46
3.6134,3.81881,487.666
3.85602,4.34942,665.26
3.25179,3.36728,318.226
3.38674,5.33177,696.097
5.02418,3.948,1497.45
4.22839,4.13995,840.646
3.8489,4.34033,661.487
2.47834,4.26748,288.05
4.51357,4.59161,1115.77
2.86544,2.57041,176.172
3.52951,4.85883,628.728
2.30166,3.21813,144.635
5.13999,3.45641,1576.22
2.72724,5.6386,637.006
6.24941,4.19667,3564.79
3.28469,3.32641,326.235
3.7908,3.68545,544.65
4.03885,3.96248,702.514
3.29281,4.41079,467.103
2.74703,3.71543,248.802
2.80959,2.94264,189.686
4.8652,3.14483,1243.13
2.96834,7.03361,1252.04
4.73284,2.19285,1062.67
2.68768,4.16108,299.698
3.37854,3.42483,361.264
3.7357,4.31234,606.837
4.32764,6.23557,1446.22
5.02855,3.24678,1425.8
4.53909,3.86995,1024.38
4.03279,2.57842,573.354
4.18552,1.61874,629.709
4.68613,2.95298,1061.17
3.89873,3.28219,554.565
3.69697,3.1631,453.543
4.53644,3.26454,959.222
1.33096,5.61066,530.489
4.68454,3.66145,1122.62
5.58556,4.92057,2420.54
2.27509,3.87175,211.571
4.57427,3.72368,1035.73
5.12481,5.41654,1909.08
5.02684,4.24495,1543.73
3.88475,4.11166,642.95
4.38509,3.02712,825.092
3.34125,4.81218,559.469
3.98462,4.35738,732.11
4.49401,1.68923,845.117
4.85978,5.10124,1536.29
3.66668,4.41042,595.014
4.53475,3.37295,966.17
6.35564,4.01853,3789.29
4.59067,2.83081,970.435
4.71949,2.68005,1072.25
4.43457,4.93499,1129.83
3.5473,5.41939,776.411
4.87414,4.1331,1364.47
6.17724,4.67295,3485.29
3.35243,1.48817,256.813
4.27721,5.32548,1111.8
4.16023,3.49606,716.286
4.22663,4.52064,899.233
4.33308,3.27504,808.56
5.89479,4.9785,2971.89
4.52129,5.60121,1369.07
3.24255,5.64137,744.971
4.34023,3.37082,821.306
5.05105,4.62236,1638.94
5.31908,2.93632,1760.4
5.32253,4.82068,2014.01
4.26109,4.04683,846.281
2.77193,3.26451,207.498
4.8107,1.96144,1128.47
3.62653,3.40823,448.593
4.57942,4.74082,1199.49
1.82076,3.83519,176.848
3.47374,2.26348,316.655
2.71812,3.01501,179.703
5.20342,3.77857,1689.94
3.40361,3.86577,420.184
3.93941,3.84625,634.807
3.88476,3.36219,555.609
5.02752,3.16234,1418.52
5.37786,4.34625,2001.64
5.84378,4.11338,2717.16
4.25866,5.27265,1087.91
4.88774,4.89905,1517.96
3.78585,3.901,567.571
2.6434,3.22374,183.525
3.03013,3.30505,261.182
3.38265,3.03112,329.982
2.35225,3.65016,191.576
4.33818,5.84944,1315.49
4.91531,5.08507,1590.9
4.92284,4.64624,1501.68
3.31538,3.96908,407.363
4.44858,6.39397,1597.61
3.95762,3.52041,604.481
2.82606,3.74967,267.87
4.08696,3.45537,668.783
4.20453,2.84721,690.773
4.41055,4.01144,945.239
3.81871,4.88817,751.142
3.96191,2.55565,535.733
3.65506,5.68431,893.052
4.31521,3.3491,802.077
2.67659,2.02019,123.119
4.97653,5.48125,1759.57
5.84153,3.66263,2652.86
4.58705,3.66201,1038.93
4.29378,4.7302,985.65
3.11825,3.10418,264.636
5.40096,4.25938,2019.95
4.22224,2.49936,681.27
3.94808,4.14367,679.83
4.25941,5.06254,1036.43
3.0928,3.34365,277.276
4.33526,3.77259,860.639
6.56591,3.20208,4236.4
3.34849,2.26923,276.283
4.47382,4.89005,1149.11
4.73924,4.77439,1346.99
3.00551,4.31485,381.101
2.27898,3.61005,179.757
3.0257,4.15775,360.068
3.49486,4.97804,643.438
2.00164,3.17664,120.119
2.80165,4.35553,348.507
5.3089,5.52193,2172.4
5.02236,4.99487,1680.66
4.46911,4.77467,1121.77
4.68631,3.21255,1080.92
3.85108,5.22106,849.086
4.49737,4.14838,1031.23
3.05339,3.60108,295.588
2.83152,4.01974,301.311
4.25263,3.80226,810.856
4.16228,3.19842,690.079
3.94743,3.2641,577.552
5.228,4.08638,1761.85
6.7381,3.41551,4741.72
4.30735,3.22857,787.446
4.64251,4.44654,1197.01
4.90356,2.63061,1247.04
3.01024,5.08011,535.486
4.15543,5.21225,1007.33
3.22483,4.19518,413.045
4.6308,3.06512,1021
1.69739,5.08605,394.809
3.63317,4.67356,630.409
5.94466,3.39578,2821
4.08988,3.22454,650.007
4.08144,4.67519,842.778
3.54077,4.63358,587.025
5.12238,4.29733,1663.88
2.59857,5.07892,462.049
1.67909,3.62825,147.319
3.32363,4.11838,430.595
5.11948,4.67124,1726.04
3.1439,3.98655,362.789
3.81555,2.92686,486.578
3.57863,4.90921,660.546
2.00084,4.61882,309.281
3.29287,3.95217,396.512
2.07848,4.97032,387.76
4.09141,3.02002,634.192
3.25183,5.8909,827.446
3.35434,4.42628,488.31
5.61199,2.20065,2155.18
4.28709,3.66494,815.461
3.81792,5.38183,873.375
3.64159,2.91949,411.363
3.22178,2.85479,272.935
5.37881,2.36692,1808.79
4.13308,3.75195,727.606
3.72625,4.19524,582.637
5.11225,2.7446,1486.75
2.11494,2.74515,97.1783
4.19461,3.90296,784.921
3.5329,5.27097,728.22
4.80309,3.85572,1256.88
3.70954,3.19389,460.67
3.21094,4.48986,459.661
3.22057,2.43425,247.862
2.46639,3.46136,185.672
5.15577,5.65115,2016.91
4.98505,4.25684,1500.11
3.83379,3.37408,529.768
3.22151,3.978,381.171
4.82386,3.22788,1209.54
3.63666,4.64495,626.161
3.9447,3.95742,652.369
3.2523,4.35562,446.23
5.48253,3.06199,2001.07
4.94206,3.1755,1326.19
4.34715,4.67046,1008.37
5.33449,5.07083,2087.18
3.83851,3.33567,528.312
2.51041,3.18922,163.507
5.67835,6.87241,3253.17
4.74519,3.84344,1200.27
4.83365,4.82887,1450.53
4.45524,4.55728,1066.59
3.04316,3.31026,262.469
3.27704,2.80456,284.297
3.52361,4.57579,571.233
3.81285,3.58545,542.341
4.72483,4.58097,1295.66
1.22685,3.7942,156.284
4.26103,4.93087,1005.79
4.65517,4.36481,1194.5
4.29865,2.6961,741.85
3.14333,3.49311,304.745
5.22129,3.96193,1734.27
3.7513,5.2794,816.624
3.29745,2.98396,299.644
3.99143,3.64279,637.07
3.20923,3.41805,314.625
4.60827,3.557,1044.74
3.91796,5.69022,1012.45
4.67045,3.61529,1104.48
3.34359,2.98802,317.617
5.9608,3.44756,2857.33
4.92594,4.3736,1454.17
