3
2.67691,4.29438,390.308
3.83539,4.10704,335.685
4.40325,2.94625,112.84
1.66417,5.01384,698.092
2.8701,1.96149,29.4696
5.52091,4.15183,369.763
3.26128,4.34354,409.804
4.949,0.801513,27.0073
3.70582,4.62352,522.146
3.83849,3.81336,259.147
5.70615,3.75345,268.612
4.47042,4.2008,371.225
3.81553,5.73542,1185.85
3.62034,4.64575,530.101
4.50754,4.87692,641.593
3.60152,4.79246,593.454
3.78664,2.60049,74.3237
3.09597,4.17606,352.926
6.04309,3.85522,297.861
4.42226,3.28727,161.099
4.81095,4.02449,322.637
5.01917,5.37574,935.731
2.87709,5.51546,1013.59
3.14482,4.57595,496.955
5.35505,3.73021,259.044
3.61532,4.32541,404.789
3.49451,4.4675,454.394
4.94596,4.09523,344.218
3.24148,2.46667,61.3439
5.26247,4.828,627.504
2.92585,5.6113,1083.57
5.73436,3.90249,303.518
3.69658,4.25805,384.255
4.84683,3.70048,241.047
4.20175,3.99907,308.311
3.67333,4.99343,694.448
3.64131,4.6737,540.311
3.29386,5.09555,748.188
5.58349,4.24964,402.825
4.32535,3.98026,306.708
3.84209,3.75875,245.262
4.79664,3.96366,307.879
4.29101,5.99274,1409.84
4.40304,4.01237,313.92
5.1014,5.94833,1378.77
5.47677,4.654,553.93
4.05859,3.76715,250.44
4.37281,2.32997,57.7845
3.26541,3.27492,150.528
4.64145,4.41396,444.644
7.13391,5.11699,823.049
3.52247,5.12721,767.142
3.76162,4.37296,423.675
3.40112,4.56867,494.902
2.53725,2.48154,59.9853
3.66452,4.74033,569.358
4.97175,2.33891,67.5054
4.6708,3.69154,239.348
4.07529,4.71936,563.96
3.37324,3.31889,157.272
5.03472,3.83146,275.786
4.25962,5.06372,736.85
2.96698,3.62449,211.538
4.38691,3.21407,147.724
5.70339,5.02237,734.801
3.90007,4.35612,417.455
3.40512,6.1289,1532.02
3.75183,3.43177,178.666
4.86448,5.31972,895.579
3.73685,2.98172,111.517
3.12462,2.94727,105.064
2.48858,3.3873,162.788
4.42978,6.33528,1753.21
3.69967,3.77918,248.026
4.25234,1.30902,23.0885
3.92615,4.69316,551.385
3.97321,4.0583,325.092
3.65229,4.52873,481.323
2.28441,3.93922,281.991
3.24944,4.89148,638.143
4.56404,4.31304,409.414
4.89505,4.72958,578.786
4.26481,3.78454,255.198
5.328,4.5525,508.628
5.31565,3.43907,197.194
4.76592,4.27899,399.287
4.07521,2.97736,114.429
7.56294,4.93051,734.812
3.72199,4.25763,382.818
4.74434,2.29038,60.8351
4.56024,5.46078,985.011
4.87503,2.41572,69.8311
4.00032,4.84105,620.893
2.28416,4.86034,622.238
2.58947,5.12437,760.534
4.90468,3.82743,271.341
4.62941,2.27513,59.8011
4.06768,3.99578,306.442
6.47619,4.345,451.935
4.13069,3.99314,306.202
3.69088,2.73329,84.35
3.72628,3.88191,275.232
4.4161,3.84545,271.8
4.75369,5.91282,1344.32
5.57211,3.30468,177.709
2.69329,4.65823,528.212
2.72211,3.3222,155.049
4.15874,3.63149,219.333
5.68056,4.51433,498.78
3.90284,4.48151,462.429
4.67793,4.86074,635.788
5.40795,3.70611,250.599
4.38987,4.06447,329.884
3.72603,2.9671,109.456
4.34514,3.49183,194.215
2.67985,4.77582,581.523
3.82383,3.73983,241.265
4.52483,3.66508,230.769
3.16676,3.39011,167.328
4.82301,3.3882,181.116
4.88541,5.05558,738.071
2.38639,2.97801,106.328
3.30362,4.49098,463.657
5.26022,6.59943,2069.09
3.89522,6.72054,2207.13
4.47568,3.47133,189.505
4.79901,4.32094,414.288
5.39006,4.13963,364.756
3.46838,3.25875,147.784
4.44058,3.73702,246.148
2.98752,3.77493,245.132
3.92456,2.94571,108.34
3.68319,3.78976,250.712
3.26489,4.00646,304.322
2.50724,4.80921,597.821
5.40996,3.16319,155.217
2.96112,3.34943,161.181
4.98183,4.37459,436.174
4.89944,5.23573,843.56
2.91747,5.51041,1009.96
5.10065,4.57467,513.181
2.71418,3.75397,236.67
2.68372,4.78916,587.204
4.09516,5.31221,883.741
1.62167,3.83012,251.77
2.348,3.29099,148.051
6.0867,5.18159,830.011
4.37277,4.58639,512.338
5.10375,3.57353,219.031
4.44899,3.56263,208.58
2.88896,3.25753,146.388
1.251,4.55948,483.51
3.31071,2.4338,59.2996
3.81707,4.7017,554.768
3.18429,5.15195,779.335
2.27545,3.5616,194.135
4.07604,4.52441,482.34
4.35386,4.02103,315.535
5.41247,4.92364,678.315
4.25039,3.67915,230.485
3.297,5.32919,889.033
2.59048,3.34957,159.644
2.38506,5.02505,703.568
3.88895,4.05166,319.663
4.23522,3.3598,169.804
1.6068,3.09082,118.382
4.69279,5.67708,1145.39
2.81229,5.25585,839.775
3.16709,4.06558,320.066
4.48966,4.13831,352.601
1.78242,3.91619,277.137
4.493,3.21639,150.61
3.9221,2.289,52.5549
5.46481,2.56789,91.0568
4.41788,4.01003,314.71
4.5823,3.02578,123.9
6.31657,4.23178,410.57
1.85828,3.07074,113.709
4.44297,3.91435,287.952
5.40573,4.15703,370.577
6.41237,4.24975,419.137
3.47971,2.29263,50.7757
3.52885,3.81728,256.588
3.75499,3.43682,176.799
5.0564,6.16027,1577.17
4.00322,2.81525,94.8866
3.55711,3.60667,210.169
3.05957,2.72363,81.0816
4.81398,3.20499,152.225
4.58021,5.09197,755.404
3.58443,2.33527,55.4539
4.86443,3.14388,146.032
3.59471,3.8267,260.936
4.94412,5.5565,1057.88
5.42427,4.88939,660.439
3.43891,5.05634,725.529
6.19388,4.36585,453.588
5.49638,4.41514,458.004
4.75717,2.13591,53.7821
5.50645,2.99153,133.096
5.15675,3.42456,191.811
4.22758,4.35711,419.723
2.91464,2.08142,35.3899
2.84644,4.21163,363.543
2.87397,5.58739,1064.21
3.96099,3.86229,271.974
4.08277,1.93377,39.1283
4.21413,6.81761,2341.19
3.57254,3.43514,178.28
2.8618,3.07422,119.562
3.01021,4.91435,649.12
4.5185,2.11877,50.0453
4.42322,3.31576,165.347
2.5407,3.98394,295.591
4.9847,2.50915,79.9262
5.35508,2.51248,84.9305
2.67504,4.09008,323.726
4.93677,5.01569,720.936
4.23088,4.43777,451.359
3.42817,3.74614,239.076
2.90474,3.87833,267.352
2.51985,3.43193,171.152
3.99596,4.44395,450.586
4.22322,3.99669,307.868
3.9184,3.79915,256.09
3.48522,3.24719,145.881
3.45109,4.16187,349.696
5.59778,1.27717,40.8332
2.58007,3.44437,173.16
3.27112,4.1376,342.091
2.10871,3.27453,144.044
3.36467,5.2915,865.258
5.44254,4.77438,606.088
3.08676,4.63312,520.896
3.78156,5.00706,702.49
3.92127,4.94681,672.9
3.93637,4.65978,536.761
4.64765,4.98886,699.74
3.8811,3.72889,238.442
4.59228,2.63248,84.0662
3.26999,3.72661,235.525
3.25679,3.43322,173.719
2.81667,3.6594,215.939
4.23656,3.90805,283.213
4.54998,3.49214,197.177
4.51264,4.87547,641.284
3.23493,4.06397,320.021
3.59313,3.08233,122.611
4.42478,3.53787,204.465
2.77821,4.54213,481.797
3.79158,5.77738,1218.07
5.66162,4.62636,543.771
4.1504,4.54304,488.991
2.48638,5.45633,968.095
3.15082,4.7138,556.077
4.06524,2.24554,53.2346
4.54673,4.55663,499.14
6.10375,4.67672,574.082
3.54661,3.66753,222.626
3.66923,4.42956,443.027
5.33,5.13816,793.622
3.14389,3.32031,155.339
4.52477,4.80082,605.106
4.04861,3.8424,267.559
4.50532,3.54736,206.776
4.50204,4.38076,432.766
4.8213,5.17458,806.009
4.02933,4.67356,542.552
4.11498,3.21423,143.948
2.72101,3.9233,277.794
2.72385,3.81401,251.441
1.62647,3.3196,149.161
4.94856,2.47687,75.5789
4.85157,3.4207,187.354
4.11356,2.44547,65.8378
4.56385,4.39172,436.906
2.56417,3.44262,172.927
2.7044,3.0574,116.178
3.50758,5.57729,1060.6
3.71506,3.4191,175.675
4.72118,5.54409,1047.51
2.60683,3.30141,150.861
3.81856,5.04216,721.841
4.39152,6.25141,1662.09
4.94485,5.1416,789.759
5.95005,5.0081,730.274
4.79378,3.73904,250.779
4.99412,4.15799,363.882
4.75458,3.92201,294.479
3.17747,5.5289,1026.27
3.80797,3.03057,118.162
3.72092,4.68234,545.652
2.5492,3.67763,219.343
3.08035,3.24306,143.964
5.11187,4.00363,322.351
4.76804,3.19949,149.94
4.78611,3.883,283.332
3.61817,3.54102,196.842
2.59074,3.36292,160.607
3.25433,4.48892,461.979
4.00233,3.85902,271.853
2.90792,6.07976,1481.71
3.86489,4.20499,365.917
3.22395,4.40644,431.408
3.42015,3.66343,223.58
2.74818,3.58217,202.043
3.54772,2.82416,93.7409
3.71953,4.06784,323.641
4.40143,2.48752,72.165
2.38948,3.94683,283.588
4.35603,3.88677,282.268
3.79266,4.32205,403.611
5.29086,3.07162,140.604
4.0339,6.12515,1532.14
1.83585,3.57809,198.758
7.38981,5.09862,818.83
4.33872,1.92797,40.7963
3.50439,4.55731,490.283
4.74288,3.17025,146.625
3.84137,3.90595,280.836
4.36669,4.16938,361.292
4.06911,4.03804,317.484
4.70043,3.87865,282.827
2.93816,4.89955,640.742
4.86688,3.13142,143.109
4.77892,3.37422,179.149
4.63478,5.62301,1104.96
5.54092,4.55559,514.306
3.98562,4.29166,397.206
5.41413,4.12738,362.301
3.56567,2.8032,94.7443
4.14745,4.42349,443.952
3.02666,4.71118,554.151
4.71017,3.10354,138.351
4.45479,3.44806,187.736
4.20766,4.98166,692.368
3.69295,4.24114,376.761
4.00224,2.75523,89.0931
3.89997,5.90329,1328.39
4.90091,3.94467,301.53
4.48209,6.34281,1762.82
4.18165,3.22133,148.313
3.10838,3.5967,207.065
3.76362,3.75731,245.433
3.84389,5.50884,1010.77
2.08025,3.41883,169.332
3.02894,4.96047,674.466
3.81399,3.15249,134.179
5.3069,2.61212,91.6623
3.15012,3.07261,119.331
2.86301,3.27582,147.234
3.92429,3.75633,244.313
5.34216,4.10375,353.075
3.1621,6.36008,1770.15
2.90608,3.48268,184.434
5.00679,6.3099,1730.85
3.94141,4.04396,318.408
3.34831,3.47979,183.847
3.74872,2.92349,103.565
4.06571,2.78738,93.9735
4.37378,4.01292,314.148
5.12987,4.17562,371.771
3.67897,5.07937,740.549
3.02216,5.34653,897.526
2.62469,5.76565,1204.02
2.31928,3.2866,146.022
3.90963,4.09635,335.062
2.72578,5.44265,961.942
3.57648,4.39534,427.888
3.13231,3.34212,157.947
4.53773,5.26684,860.22
4.70001,5.27266,864.872
4.0749,3.66851,227.509
4.88857,4.42063,451.072
4.96045,3.38809,184.16
2.76428,4.24543,374.188
3.69653,5.72099,1170.49
4.31485,4.07723,331.152
4.89255,3.12645,142.439
4.3993,3.20551,145.543
5.13232,2.91223,119.3
5.7309,3.25833,172.488
3.13581,3.78547,248.844
3.33648,3.18268,136.365
2.27696,5.14307,771.198
2.65244,4.31241,394.04
2.48807,4.92062,651.206
6.506,5.66641,1170.6
4.82951,2.90917,114.104
3.21438,4.98882,689.669
4.69695,5.18158,808.232
3.39106,3.19159,137.41
2.65768,4.48625,459.282
2.09101,2.47475,56.2638
4.80659,5.84783,1287.73
3.77829,3.77197,248.107
4.04973,5.90936,1330.96
4.41018,4.67608,548.784
4.79787,2.09782,51.9505
3.50405,4.29836,393.596
4.90135,2.96008,122.006
3.73868,3.50364,189.44
3.43046,4.17128,352.299
2.34098,5.58194,1058.16
2.45726,3.26412,143.556
3.92377,2.7365,87.1246
4.33432,3.714,239.732
2.47512,5.99014,1395.47
3.24872,4.15044,345.031
2.6453,2.32053,46.9615
3.77335,6.15893,1564.15
3.84293,3.32316,159.973
3.74408,4.12555,342.069
5.10913,5.10872,771.243
4.73292,3.99302,313.6
4.14805,3.48292,188.562
3.22405,3.58647,206.756
5.77412,5.62749,1123.9
1.85035,5.37191,912.002
5.09339,3.32817,175.605
4.28727,3.62479,219.013
1.84489,2.9897,104.812
4.97356,4.22645,385.921
5.08612,3.41064,187.18
5.42864,4.6695,558.626
4.53346,2.89329,108.752
6.30074,1.75868,65.6328
2.90451,3.94027,284.897
3.06719,3.48153,184.059
4.02035,4.45228,454.448
4.94261,2.60266,85.8389
3.77239,3.21167,143.472
4.87627,1.75799,41.0123
4.10343,3.53709,201.234
4.33394,4.29034,398.953
4.5757,5.42185,959.19
5.10449,3.81946,272.672
3.98279,4.97261,686.136
5.42459,2.84987,115.411
4.81499,4.47257,469.471
5.19007,3.91489,297.211
4.0708,5.13776,777.559
2.46492,4.79148,589.226
3.16226,2.73449,83.0543
2.60361,4.54608,482.91
2.79069,3.17328,133.145
4.73882,4.05432,331.721
4.49335,3.99967,313.014
3.61957,3.69723,232.848
4.4403,4.88115,643.354
3.47005,5.10229,751.684
4.54084,4.94003,673.898
4.42894,4.15702,358.384
4.9855,2.74308,100.919
2.87727,7.4406,3306.7
3.5681,2.39062,56.357
3.53856,4.46902,454.515
4.57429,2.37165,64.7957
4.52754,4.45033,460.402
2.25114,2.89789,96.0558
5.51925,2.73698,106.85
5.39562,2.71413,101.485
4.86432,3.92449,295.932
3.95906,3.57015,207.08
5.15909,5.00014,713.255
4.85477,3.6178,225.662
4.45306,4.01232,314.491
4.12424,2.55992,74.6378
5.70785,2.58915,99.5633
4.50708,4.31028,406.96
4.05856,4.86917,632.693
4.69524,3.78442,259.16
3.43635,3.98015,298.239
2.51341,4.81627,599.697
2.93964,3.40235,168.51
3.33016,2.56666,69.7505
3.64457,3.0104,115.95
3.98731,4.32141,406.695
6.11779,3.91852,315.472
6.50037,2.92962,146.378
2.26553,5.39422,925.136
4.27167,4.77943,594.163
3.25514,2.02772,36.366
3.50768,3.88143,272.267
4.41369,5.78436,1227.62
5.05771,3.69085,243.016
2.85292,3.71171,228.594
3.95349,3.75955,246.606
3.80683,3.52065,194.838
5.05554,3.92389,298.309
5.03019,4.77429,600.213
2.4339,3.48241,180.411
4.39406,5.99142,1410.64
3.57384,3.01091,114.458
4.14315,1.95509,38.0932
4.58994,6.66244,2139.27
4.7419,5.34798,913.432
5.22604,3.74918,256.493
2.47191,3.46808,179.453
3.8803,3.4821,187.955
4.1557,4.47924,466.406
2.38889,3.31677,152.192
5.34219,3.57457,223.015
3.74054,4.19186,361.47
4.72937,2.92701,116.563
2.90731,4.524,476.068
4.92553,3.15673,147.748
3.99308,5.6395,1111.32
4.0101,6.4566,1884.95
2.06288,4.62737,512.656
3.35565,2.99632,109.724
3.25308,4.78903,588.906
4.71677,3.04813,128.695
2.40223,5.87679,1295.49
4.34169,3.32341,165.082
2.51502,4.318,396.438
4.57754,3.5548,208.968
1.68361,3.71297,226.673
4.86824,3.12713,142.107
4.65165,3.52011,201.646
5.05945,2.86671,112.559
3.72884,3.71579,233.684
2.95383,3.08118,118.62
4.90497,2.96328,121.821
3.80786,3.94021,288.799
3.33881,5.07945,737.504
5.16516,2.91923,119.178
2.81254,3.32463,155.059
5.74843,3.13029,155.847
3.56685,2.54289,67.9647
4.65152,3.75416,252.502
3.36629,4.82335,606.985
4.92996,5.04238,733.068
4.65593,3.26574,159.604
6.41801,4.40085,472.747
2.54606,4.88402,633.135
4.24989,4.8662,633.563
3.07164,3.917,278.882
3.26124,4.10255,333.157
5.66855,2.46657,87.2366
4.20216,3.24448,152.196
2.62397,4.12786,335.061
3.48961,3.45301,180.583
5.95144,3.0605,150.462
4.25118,5.69282,1153.65
5.88897,2.0024,65.1466
2.17335,4.18851,354.401
6.48305,2.83795,136.611
2.75632,3.08446,118.9
4.36223,4.15898,356.489
4.87133,4.17903,370.765
3.81259,3.29865,156.681
3.53266,2.60584,72.7572
3.93381,4.08758,332.137
5.72213,5.19033,828.606
1.37376,4.12814,333.782
4.36177,3.98386,306.246
3.51362,3.08254,123.536
1.76229,2.90079,94.2907
4.60952,5.54206,1042.94
4.71813,2.6791,89.7066
4.34342,3.77156,253.815
2.60958,4.81786,601.807
4.85391,2.48066,74.4554
2.99775,4.62513,517.475
4.35471,3.93014,292.625
4.39375,3.1576,140.238
4.58787,4.99088,701.613
3.38471,1.65694,24.3649
3.84882,4.73043,565.411
3.76109,2.84947,99.815
6.07141,4.78273,622.339
4.91174,3.88283,286.874
2.32927,5.10115,747.741
3.89355,5.29867,873.739
4.42727,2.01194,44.6801
4.63745,4.66176,542.45
4.29118,5.76105,1208.69
2.60334,2.5641,63.1428
3.74372,4.61795,517.067
5.27802,3.53385,213.532
3.19184,3.2927,151.403
3.50444,3.7483,240.445
3.37286,4.13195,341.092
2.85408,4.45971,450.677
4.15437,4.02251,314.916
3.64482,2.58543,70.9024
4.22067,5.00089,702.312
4.04674,5.13592,775.759
4.18341,4.33837,414.37
3.3553,2.28051,50.0273
2.48917,2.77511,84.8881
4.99139,6.13924,1556.38
4.86872,3.62135,224.371
3.34603,2.80501,89.3436
5.6719,5.32552,912.277
3.89199,4.29159,395.862
3.35365,2.7596,85.9563
3.18565,1.4589,17.8512
2.75634,3.66516,218.829
3.95026,4.54572,490.707
3.8968,4.14214,348.831
3.35343,3.83066,259.18
4.44444,3.94201,296.527
5.19706,5.55584,1061.06
3.90134,4.65993,537.263
4.59569,5.10844,765.186
3.88002,4.27169,387.8
3.88102,3.64642,221.057
3.80712,2.86725,99.5945
4.38119,2.97507,116.844
4.88286,5.38528,939.037
2.77534,5.22886,824.279
4.58686,5.42152,959.614
4.66437,5.56508,1061.41
3.55468,3.08578,124.716
5.66902,2.16142,67.8313
2.4301,3.77538,242.609
3.98848,4.29899,400.1
6.0647,1.67245,58.5928
3.52678,3.88612,273.409
2.60836,4.40784,430.004
3.55531,4.52306,478.105
4.40362,4.25025,385.486
3.79124,3.16843,136.187
4.15201,3.69147,233.414
3.55135,4.55267,486.825
2.50266,5.17135,789.021
4.27202,3.10614,131.292
5.35467,4.72378,581.804
3.38975,2.60643,73.335
5.12461,3.61544,226.581
6.00046,3.34399,194.024
3.86559,5.15616,786.439
2.44683,1.21247,12.2438
6.03657,5.35989,942.296
4.29896,4.70373,557.996
4.53156,4.80308,607.218
4.13118,4.60812,516.881
4.36579,3.69607,237.409
3.07837,4.93901,662.237
1.78306,3.42899,169.882
5.64765,4.18309,382.903
2.09707,5.83653,1259.41
4.63385,3.54282,207.484
3.66344,2.54006,68.6148
2.53666,3.86385,263.255
3.42833,4.77575,584.473
4.41615,4.25984,390.442
2.39749,4.38313,420.833
3.77417,6.62808,2088.07
4.2806,3.94219,293.315
5.48293,5.59278,1093.14
3.86279,2.49761,67.2759
4.233,5.63192,1107.08
4.89963,2.96,120.91
2.2325,5.21035,809.812
6.25207,3.74179,276.241
4.07578,3.79212,251.636
3.86911,4.16661,357.318
3.28213,3.78605,248.731
4.73006,3.30826,165.74
4.04858,4.35409,417.562
4.07792,4.80975,605.056
4.68875,4.11169,345.55
2.93878,4.64273,524.318
5.16387,5.16519,805.553
4.10342,3.79252,254.23
4.55966,1.74694,36.939
3.15119,5.76037,1200.97
3.83053,4.1806,359.784
3.32398,2.63193,75.0226
3.9007,3.97569,299.054
3.71449,2.20986,48.2776
3.45785,3.39445,171.594
4.17402,4.13066,347.149
3.51822,3.96954,296.755
4.06248,3.73232,241.04
5.93416,3.669,252.609
2.98643,2.01039,33.8854
4.57682,5.03396,724.125
3.0505,5.22774,823.531
4.45777,3.92027,290.935
4.59417,4.55828,499.465
4.85424,3.33335,171.817
3.8243,2.7859,91.1452
4.65022,3.78007,257.856
4.48607,3.41083,180.263
5.29523,4.27337,403.733
3.73146,3.13102,131.132
5.90791,5.26747,881.595
3.71368,4.84948,622.218
3.81684,3.50712,192.927
6.66879,4.55911,540.687
4.33445,4.54002,489.972
4.63612,2.21379,57.1276
5.69273,4.75734,600.098
4.4251,2.21568,53.7955
4.5847,3.92764,293.187
4.96621,3.14829,145.761
5.52314,3.80737,277.353
4.20267,1.44973,25.536
4.84544,5.19988,820.558
2.44395,2.89053,94.465
4.24939,5.60292,1084.48
2.84822,4.78786,587.198
4.15204,1.8555,36.5475
1.47718,4.12614,333.897
5.21489,2.96141,126.656
5.55077,4.5072,493.91
3.54301,3.48547,186.764
3.8557,4.76521,582.219
2.48685,2.88231,93.6042
4.43539,4.04543,323.9
3.06605,3.43441,175.399
4.79448,3.78694,260.88
4.8464,4.17433,367.826
2.51886,4.29059,387.355
3.43284,2.66639,78.957
3.57707,3.77642,248.099
3.42762,4.50227,467.563
2.87973,5.10884,752.182
3.41206,3.98097,299.306
4.62283,2.33095,62.1575
3.4323,4.06461,321.144
3.7624,4.73397,569.426
1.98568,5.39816,928.685
2.74759,3.91516,277.026
2.19925,4.75243,570.023
2.77408,4.51057,469.398
1.82367,3.59852,201.729
4.63053,1.81835,38.3275
4.36527,5.14564,783.94
2.82834,3.91512,275.408
2.40888,3.56142,195.709
4.08173,2.7098,84.8563
4.64023,4.53216,490.001
4.23875,4.37077,425.509
4.23126,4.88784,644.942
5.50328,3.39518,192.909
3.0216,5.41343,941.83
5.02072,4.23699,388.495
3.37896,4.10379,332.761
4.83419,4.28555,402.837
3.61724,3.12868,129.476
3.90568,5.068,736.405
3.14048,5.39852,935.071
5.14598,4.06405,337.58
4.3112,4.15928,356.758
4.12015,2.21572,50.7269
4.85989,3.42247,187.326
3.79364,4.99416,694.721
4.82199,3.69462,241.648
4.90757,4.06308,335.263
3.47442,3.66144,222.823
3.16543,4.43465,441.708
5.69605,2.78219,114.673
3.35218,4.28281,390.633
4.52887,3.27311,159.782
2.03101,4.34823,406.156
2.27578,4.42945,435.676
3.25958,3.14122,130.295
2.91857,4.83591,609.77
4.78403,3.15316,143.78
3.71692,6.09653,1502.22
4.04528,3.49485,192.249
4.63181,4.83721,623.516
2.71216,3.86523,263.689
3.40382,4.88674,637.648
3.55888,1.43209,21.7728
3.37471,3.78461,249.513
4.2375,3.67249,228.404
3.65038,2.84371,95.6663
2.33797,2.70414,75.5821
4.74023,3.13653,140.539
5.45214,5.24239,855.767
3.38049,4.86809,628.687
3.73255,3.72234,235.953
5.23825,3.96871,312.756
3.55979,3.29317,154.878
4.45827,4.05435,326.954
3.39523,3.89688,276.414
3.49375,5.63627,1103.76
5.89752,3.21798,170.474
4.1539,4.77783,590.601
4.00014,5.02884,714.138
4.78812,4.30941,411.383
3.02979,3.77329,243.979
4.30943,4.00919,313.361
3.33216,3.70031,227.252
3.82368,3.88283,275.402
3.5155,6.3054,1714.07
5.50435,3.21827,162.79
3.44712,3.91722,280.285
2.70616,3.32213,152.836
4.18462,4.31623,406.254
3.75258,4.17987,359.376
4.56111,4.38887,436.518
3.42651,3.50116,188.556
3.96769,2.67638,82.4271
3.17516,5.27251,850.446
6.5257,3.57138,244.882
4.26685,2.81688,98.0054
2.66766,4.48824,460.73
3.59848,2.32885,54.5084
4.72024,2.90816,113.613
2.21297,2.9508,101.506
4.41456,4.81613,611.404
4.89391,3.27383,164.916
5.27695,2.31603,70.8141
3.16792,1.75346,27.2452
6.07591,4.72888,597.72
4.13279,4.98039,690.17
4.10473,2.94372,111.662
3.51073,4.20091,362.286
2.27879,3.02981,112.152
6.83696,6.09828,1553.16
1.86281,4.17486,347.663
4.99338,5.54501,1051.62
5.06692,4.83007,624.067
4.56489,3.77632,255.498
3.05419,3.1592,131.418
4.14803,3.31545,161.793
5.33898,4.19528,381.495
3.89251,5.01345,707.31
4.51062,3.27613,159.739
4.36352,4.40022,439.595
2.75096,6.69988,2173.71
5.47946,3.49026,209.258
4.93063,3.56367,212.822
5.5769,3.69,250.182
5.31492,4.10994,353.671
3.4411,5.20711,813.548
6.50494,2.93548,148.529
4.71415,4.35095,423.356
5.06452,4.33321,422.976
3.98035,3.37913,171.051
4.70216,3.44166,189.74
3.34663,3.65173,218.167
4.95201,3.4629,196.669
2.46185,4.08681,324.946
2.67262,5.43595,956.426
4.89298,4.03352,326.483
4.0109,3.19561,142.785
4.15299,4.33981,413.97
2.31757,3.72555,229.022
3.78047,4.44741,449.796
4.02211,3.54462,200.373
2.67909,5.00139,692.463
3.46035,4.82084,605.25
2.26897,4.45199,444.225
3.44076,3.06121,119.831
3.62105,5.11025,756.899
1.53045,4.13932,337.749
3.39943,3.98121,300.064
5.55804,4.79868,617.184
6.13459,3.9153,315.326
3.48132,3.46187,182.191
3.77041,4.14937,348.686
4.99909,3.96272,307.565
5.26017,2.98662,130.848
5.20617,2.78413,104.521
3.4176,4.73594,567.122
2.40923,4.65624,525.617
2.50455,5.2525,836.875
3.59592,5.42381,954.491
3.90157,4.28614,393.905
2.35831,1.54089,16.0947
3.95221,2.69784,84.2171
5.15883,3.61746,229.932
3.51297,3.08136,125.72
3.82925,5.79815,1234.93
4.50748,3.39184,177.449
2.59913,5.236,826.935
5.41604,3.38422,187.133
5.71969,2.19474,73.308
4.68391,5.44008,973.334
2.5858,4.90401,643.677
4.27162,3.45503,188.772
3.713,3.76568,245.061
5.23269,3.34139,179.016
4.52455,4.46478,464.94
5.09039,3.66218,237.773
5.8695,4.57409,525.806
2.81358,2.20584,42.5047
4.5185,7.09221,2739.77
2.26427,2.67648,74.1959
3.7778,3.89933,280.019
2.70924,3.91374,276.238
2.79407,2.83415,90.4775
2.499,4.16791,345.947
2.09144,4.32767,398.427
3.51829,4.21067,364.394
3.53762,5.6702,1133.14
2.84315,4.10011,329.521
4.95409,3.36899,179.539
4.49824,3.84083,270.475
5.13969,4.54972,503.91
3.11811,6.48201,1907.31
4.07203,3.05664,125.012
4.23219,2.45267,65.4943
3.10374,2.12313,39.7431
3.44378,1.9421,32.847
2.33174,4.82014,599.607
6.79557,5.1562,834.945
4.00117,4.92021,660.816
4.25281,4.50417,473.288
2.44351,3.25547,143.196
4.01873,4.23957,378.692
5.65278,3.53311,221.263
5.04115,3.901,291.871
3.91943,2.75775,90.2061
5.69147,3.53711,222.528
3.66225,3.05999,122.087
3.47127,4.51583,475.151
3.28877,4.75964,577.905
2.62547,3.24581,142.496
3.81871,4.03009,313.945
4.70121,2.1959,55.695
3.32103,2.70373,81.1088
4.16734,3.98428,303.071
4.3008,3.19012,145.181
3.07372,4.52886,479.579
4.64886,4.66492,546.726
4.3979,3.8073,261.919
3.9669,2.84363,98.9186
4.40766,4.96234,685.511
2.04178,4.76402,574.399
4.29746,2.62186,79.8707
3.20288,4.87891,631.879
5.36236,5.34541,920.994
3.14643,1.66045,23.6009
4.1608,4.05186,322.352
5.39058,3.79846,273.14
4.4769,6.27281,1687.07
5.1435,5.16109,803.875
1.98633,4.88281,629.867
4.3806,5.73812,1188.68
2.22608,4.59117,500.299
5.30338,5.46391,999.181
4.65948,2.10396,50.6336
2.15128,3.0809,118.002
1.28423,4.49007,456.938
4.20849,3.06222,126.446
3.73473,4.89931,647.025
4.14987,4.329,410.019
2.29592,3.63646,210.032
3.62506,3.51414,193.497
4.39003,5.24884,844.503
3.56693,5.72124,1170.81
2.82005,4.25484,378.61
3.85094,4.31434,405.015
4.75332,2.95727,118.863
4.68498,4.40473,442.537
2.68184,4.51804,470.114
4.5315,4.99383,703.6
3.49237,3.18554,137.497
3.09994,3.99401,300.021
5.0643,4.52258,493.594
4.5334,3.34372,172.587
3.57501,4.99226,695.097
3.26657,4.12845,338.679
2.41325,3.63414,210.567
5.71666,3.64501,244.262
4.89945,1.98819,47.8543
3.21627,5.36285,907.99
4.40222,7.03628,2653.61
2.71922,3.28293,149.972
3.15334,2.22664,44.5411
4.05492,4.50337,473.643
4.92807,4.65779,545.747
4.54581,5.69904,1159.99
4.5809,4.11103,345.367
4.25278,4.5656,500.03
4.49781,5.34859,908.686
5.14202,3.87842,289.107
4.94215,2.89284,114.62
5.25406,4.76785,599.999
2.89968,5.16457,786.225
3.30342,4.84909,620.015
4.49716,3.34526,169.977
4.36269,2.89023,106.136
6.27894,2.56707,107.894
4.01156,3.8416,265.563
3.80066,3.66422,223.496
5.84987,2.25937,76.8859
3.43623,4.33166,404.686
5.61837,2.66943,100.798
5.06803,4.17682,369.999
5.37463,3.2718,171.112
5.12956,2.25282,62.2328
4.02038,4.02247,312.883
1.68174,2.90293,95.8552
3.61868,4.58441,502.972
4.63704,3.61312,219.146
3.81853,3.75295,242.084
3.41525,4.31831,400.878
4.19017,4.35352,418.607
3.71411,4.66832,539.224
3.24261,4.40387,431.795
