3
3.38969,2.70052,387.123
5.50711,5.26398,2428.04
5.14568,3.7225,1798.42
3.60631,4.72324,566.005
4.0213,5.79267,886.621
5.39011,2.95163,2117.21
3.9455,3.31746,677.105
5.62489,3.86113,2529.87
2.83533,4.13739,267.873
3.65239,3.81961,537.121
4.91365,2.96781,1484.89
2.58631,4.78387,257.174
4.96782,4.63192,1626.37
4.91863,3.08964,1494.77
3.2134,5.91124,516.265
3.17547,3.2327,325.113
6.20156,4.89206,3762.08
5.16781,5.33418,1932.85
3.53783,6.33058,691.817
4.47438,5.91647,1237.73
1.94086,3.88896,120.787
3.53357,3.82739,481.66
3.65548,3.71875,533.003
3.50901,3.29086,450.96
4.68017,4.40191,1299.24
4.17068,4.58096,881.265
6.30813,4.75223,4007.33
3.46819,2.70499,417.303
4.23609,4.84945,947.837
1.83416,4.49799,144.32
5.31225,3.2441,2009.25
4.66259,4.85438,1311.58
4.40208,3.3438,996.889
2.85849,4.91936,324.885
5.15495,4.77859,1869.67
3.9396,2.86895,656.582
3.22959,2.50742,323.449
4.72304,4.5747,1352.11
4.99971,4.23429,1639.88
4.0512,3.75672,756.459
2.48872,3.91822,189.75
3.89389,5.69646,798.942
4.525,4.27306,1144.6
4.92111,4.54834,1567.15
4.0811,1.2796,723.421
2.72327,2.39785,184.506
2.74398,3.21739,210.458
5.52869,6.11648,2548.18
4.1905,2.91119,820.115
4.21766,3.82121,873.346
3.96913,4.51744,744.758
4.10923,3.00309,766.145
4.08661,4.60302,825.988
3.10174,4.11674,339.075
4.34712,5.01999,1043.04
4.25623,3.22162,877.118
3.44934,3.74159,443.775
4.19074,2.33128,809.056
3.07024,4.48429,350.793
4.19709,2.23631,811.984
4.6019,2.00981,1143.94
4.48559,4.1043,1102.97
2.35581,4.55695,203.636
3.72496,2.77257,535.014
3.32927,5.02579,474.844
4.3752,4.92697,1060.43
1.65822,2.71927,59.3803
4.13004,3.07514,783.155
3.42185,3.6495,428.029
5.78686,4.11658,2836.35
4.8346,3.95579,1435.78
3.11281,4.67679,377.292
3.08749,4.43622,351.443
4.31312,4.17189,963.289
5.72046,6.98388,3000.81
3.9228,4.83037,741.474
4.30942,4.8409,1003.79
5.22716,3.25108,1889.96
5.29252,4.27367,2027.83
5.01474,3.04586,1609.32
3.88871,1.61061,607.404
5.19881,5.57355,1996.01
3.61028,4.6912,567.796
4.5389,2.91054,1102.74
5.38886,3.99276,2153.88
4.57573,4.90123,1231.74
3.88208,4.518,693.791
3.14195,2.80157,300.281
3.84478,4.29975,658.916
5.57371,5.14639,2525.38
3.49882,3.01674,439.031
3.44343,3.82386,444.399
4.14129,1.8051,765.894
5.09226,3.82394,1732.74
2.76137,4.48079,273.324
4.71476,5.0709,1379.36
3.61304,3.99129,526.885
3.36445,3.24393,389.218
2.93973,3.85128,281.689
2.25004,5.12614,231.493
6.32814,4.81493,4061.72
4.58341,3.17719,1150.16
3.5023,4.81842,526.83
3.09247,4.76639,377.22
6.01164,3.72285,3267.74
2.57454,2.89966,164.164
1.22457,2.92357,45.1341
3.55883,3.20177,470.608
3.72158,4.12438,584.043
4.25321,4.81274,956.402
3.62459,3.6815,517.822
5.80709,4.54369,2901.02
4.35534,4.81987,1035.64
4.6911,2.4637,1236.35
5.60442,3.0323,2464.23
5.20793,5.25155,1979.19
4.75981,4.08938,1363.37
1.61544,5.54459,215.642
5.67256,4.22259,2632
4.00678,3.4696,715.669
5.19479,4.0668,1880.34
2.73392,4.98336,299.792
3.42513,3.56039,426.655
4.54361,2.76681,1101.52
2.78022,3.65977,234.071
3.01632,3.19221,277.247
4.02916,6.20047,935.199
3.68507,4.14065,568.111
6.26837,3.20869,3834.21
3.61325,4.92371,583.299
3.81002,3.37558,598.496
5.90878,3.10016,3033.77
4.50217,5.58671,1224.21
4.2432,5.64778,1020.73
3.53503,4.7122,532.892
4.62594,3.00071,1184.92
3.62822,5.00171,597.158
4.60524,3.00878,1163.58
5.04113,3.73465,1663.57
3.70034,6.11147,741.434
5.09545,5.96991,1901.42
4.75963,6.25788,1547.06
4.69878,2.85064,1253.04
3.29977,4.64759,435.534
3.89803,4.53819,705.673
4.84055,3.44564,1419.12
3.81415,4.62148,664.693
4.78955,5.57612,1501.79
6.12009,5.52901,3626.18
4.24472,3.62545,884.078
4.45269,4.10196,1073.2
3.38288,4.06293,431.653
4.68667,6.02558,1444.5
4.93973,3.45502,1533.21
4.41053,5.30553,1120.13
5.14753,4.38931,1834.74
4.5151,3.00502,1081.89
2.40465,3.96352,177.888
4.75427,2.70265,1305.7
2.50832,4.31545,212.807
3.94653,3.05664,665.94
5.42251,4.93932,2265.74
2.71688,3.21581,203.502
4.42967,4.04289,1049.22
3.98386,4.32463,742.243
4.56287,4.81088,1213.43
4.31702,2.68304,909.94
4.11649,3.5655,791.725
4.66711,3.96411,1261.7
3.87778,3.23509,632.626
4.49493,4.95398,1163.49
3.42912,4.66628,487.17
2.28216,5.48202,267.499
4.41695,5.82022,1177.48
4.39912,2.81308,979.119
2.90471,3.20599,245.548
3.69042,4.69775,605.234
4.4178,4.61226,1074.14
2.05864,4.44456,160.402
4.1276,2.66043,770.788
4.58256,5.39713,1277.45
4.80213,4.39714,1423.06
4.62964,4.89753,1283.03
3.4319,4.47028,474.848
4.08697,4.94039,849.695
2.57142,2.85062,163.46
2.82865,5.25463,344.999
4.13186,2.89739,780.046
4.42763,4.38943,1067.32
4.47083,2.64261,1035.45
5.32927,4.2006,2076.33
4.03694,3.40481,733.668
4.50786,3.09915,1080.25
2.81448,2.87929,217.985
3.79773,5.04826,685.719
1.85715,4.56115,148.711
4.50965,4.68345,1156.64
5.84674,6.30215,3142.74
5.38341,4.27668,2160.99
4.0286,2.65305,706.397
5.34133,3.08908,2048.42
3.65026,4.39533,566.423
4.16166,4.89834,899.229
2.14314,5.47822,248.857
3.05558,2.82708,277.292
3.61804,4.33815,547.097
2.7218,3.14905,201.97
3.30281,5.87525,546.188
6.17483,3.79936,3633.59
2.86369,3.55242,249.207
3.70644,3.90204,565.687
4.00058,3.6696,720.263
4.5485,5.54155,1262.69
4.94073,3.60943,1539.11
3.49865,4.3486,494.854
3.71292,4.66554,613.903
3.16436,3.71131,339.059
3.31446,4.52503,434.162
3.75382,3.93669,592.375
4.74648,3.0286,1306.85
4.51949,3.50718,1103.46
3.7784,2.83445,565.244
3.44615,2.81607,409.37
3.81721,2.18429,575.226
4.73944,3.32383,1308.21
4.31926,5.52019,1066.98
3.39978,5.51739,543.992
4.70722,5.72097,1432.43
4.74865,4.80296,1395.89
3.59695,3.61525,500.725
5.82019,5.51782,3004.33
3.29161,2.92122,355.991
5.91405,3.13925,3045.87
5.28509,3.54621,1983.16
3.47988,3.58518,448.404
2.47481,3.75003,178.894
3.29042,2.98699,355.044
2.74706,6.58517,475.774
3.66677,2.19807,496.095
3.73025,4.25399,596.277
3.20814,4.74772,413.082
4.80551,3.96341,1403.59
3.43715,5.21129,530.689
4.31598,5.13583,1029
3.83935,4.4969,669.788
4.64944,4.58455,1279.69
3.90621,3.33224,651.779
1.63506,3.57563,85.2878
4.2853,2.76882,887.461
2.71332,4.75795,280.173
3.74406,4.68155,630.397
5.29174,4.10476,2016.89
4.1791,4.73597,897.722
3.76222,4.40113,622.201
3.90858,4.89534,735.979
4.08913,5.86746,937.783
3.32372,2.57519,359.553
3.29318,2.95619,356.253
5.00069,4.77773,1673.74
4.12805,7.2815,1158.09
3.07719,2.97039,287.111
2.81981,5.87894,404.544
4.12134,3.02123,776.084
4.10765,3.22469,772.322
3.66991,4.36684,572.661
3.46308,3.68162,445.344
4.28563,3.11697,897.615
5.25221,3.38385,1929
2.92648,2.13919,225.829
4.8672,4.46392,1499.39
4.5594,4.82954,1212.53
4.36761,4.59007,1032.65
3.83759,2.52288,590.713
1.58686,2.62426,52.834
3.73435,4.44637,610.088
2.84986,3.35229,238.822
4.38235,5.10512,1081.14
2.38494,2.87504,137.496
5.4746,3.78664,2275.76
3.82639,4.44919,659.731
3.46788,2.90183,422.06
5.3051,3.88497,2025.33
6.80978,3.01098,5324.96
2.58691,4.72368,252.021
3.74796,2.52365,542.088
2.69424,4.89469,287.421
3.37018,4.088,428.837
3.69089,4.10223,569.101
3.4779,3.82372,458.534
3.37948,4.08808,430.837
4.55151,4.69926,1194.83
5.21237,3.0835,1865.44
3.61324,4.20679,537.869
4.51351,4.87179,1174.11
2.86541,5.27526,355.057
4.77436,4.2795,1386.81
3.43564,3.11089,414.702
4.44016,7.06121,1361.09
3.22014,4.53369,401.481
4.38135,4.58903,1041.44
1.75439,3.43633,85.6898
6.34977,2.46766,4015.79
3.65265,4.45558,569.091
3.14704,5.45536,447.174
2.99146,3.05526,265.33
4.75099,4.56648,1379.6
4.07028,3.00746,741.059
4.1525,2.58956,787.799
4.86899,5.17113,1552.63
4.51384,4.15132,1128.12
6.30915,2.67981,3919.56
2.62344,4.02748,218.097
5.07319,5.37523,1811.94
3.57233,4.10398,514.221
4.41171,4.5553,1063.94
3.70273,3.96747,567.789
2.01013,5.51376,239.37
4.87904,4.41599,1507.92
5.69374,2.50179,2609.08
3.25236,1.62125,319.533
3.26183,4.91839,441.684
3.32163,4.30368,424.035
4.18284,4.43643,880.574
3.2829,2.84855,349.747
4.75899,4.85113,1407.37
4.27253,5.81912,1062.61
4.40808,4.17816,1038.59
6.16609,5.37503,3719.25
3.93663,4.61664,731.712
3.14146,6.47931,564.771
2.95293,4.92119,349.155
2.95347,5.2012,369.232
4.60083,3.85701,1192.21
5.19118,4.2896,1887
4.09191,6.0379,960.783
3.9957,4.86496,785.742
3.92965,4.63491,729.906
3.9684,2.14789,659.393
5.79669,3.80781,2839.72
4.47611,3.11399,1052.55
5.33284,2.32295,2018.76
3.94484,3.63774,684.893
3.4906,3.13221,437.187
4.87991,4.06923,1490.99
5.47188,3.13575,2249.73
2.32717,3.82049,158.867
4.43443,3.57848,1032.25
6.03251,3.87334,3319.93
3.1481,4.71188,390.423
3.61711,4.59048,562.66
5.55557,4.94817,2479.79
2.99414,1.55746,241.57
3.60571,3.57484,504.599
4.7289,3.88638,1319.85
1.3503,3.2293,57.3625
3.64884,3.72097,529.935
5.07616,3.5941,1702.56
4.89207,4.12006,1507.11
4.55432,4.13302,1163.68
6.2784,4.3666,3907.92
2.82195,4.18614,266.486
5.84054,5.39677,3033.72
3.64154,4.47101,566.254
3.39339,4.87716,486.187
2.71078,5.66269,357.07
5.38951,5.63556,2276.7
6.27935,1.6789,3830.07
2.26064,3.18331,126.827
4.31589,5.45331,1057.76
5.65771,4.54841,2624.89
3.39869,4.32708,452.859
4.09263,2.67621,748.89
4.35523,4.19703,994.908
3.55503,3.71826,488.207
3.04385,4.73404,360.94
3.09082,4.15004,337.314
5.0217,4.74727,1697.91
5.4481,4.84525,2299.29
3.63993,2.26918,484.521
4.65726,3.95221,1251.63
3.98689,5.02586,793.542
5.02841,2.94662,1621.96
3.95119,2.93239,663.616
4.74221,4.42752,1362.83
4.23638,5.25667,980.916
4.5749,3.94385,1173.77
4.32705,2.37923,911.989
3.9853,3.27636,694.942
3.76995,5.48663,710.904
1.99988,3.45609,105.909
6.14499,4.20689,3586.45
3.98837,3.79574,718.396
4.26694,3.33222,890.722
3.90492,4.91353,734.262
3.72714,3.70449,565.844
4.13816,3.45029,801.909
4.00508,3.34176,710.562
4.57843,4.97254,1241.12
6.12636,5.38899,3629.83
4.2548,2.92826,871.404
4.50112,2.57045,1061.32
3.89074,5.27742,754.304
5.50396,1.47122,2270.66
4.84374,4.02395,1449.14
3.99115,3.35334,703.145
3.71527,2.94464,536.584
2.92523,4.64647,322.021
3.29998,3.19289,366.319
3.38387,3.68589,415.27
3.53117,4.54287,520.24
5.86895,3.37966,2963.39
4.10076,4.54457,831.759
4.18543,3.11899,822.966
3.63798,4.07686,541.505
3.41746,4.72856,486.58
3.03863,4.34804,334.522
4.99565,5.23109,1705.2
2.91716,5.01821,348.641
5.47035,4.48656,2308.51
2.7005,5.64373,354.432
4.86498,3.10672,1435.31
4.56621,3.24228,1136.29
4.12562,4.89691,872.366
2.74241,3.59625,222.33
4.60027,4.90426,1256.27
3.16329,4.2228,364.271
2.17897,4.00745,150.276
4.30013,3.76988,930.883
4.53837,3.1339,1107.94
5.51167,4.16952,2356.36
4.48219,3.85637,1086.56
3.3804,1.70995,368.434
4.80947,4.49035,1438.78
5.73815,4.09855,2745.58
3.66531,5.0109,613.771
4.04776,6.37946,971.533
3.35404,5.1026,488.191
2.25325,3.6016,140.137
4.67679,5.29862,1360.85
4.38674,5.60541,1130.16
3.43812,3.27935,422.479
4.15298,2.30839,781.225
4.06256,4.33125,792.405
2.50445,4.77884,242.952
4.49978,4.00065,1108.52
4.21037,5.46752,978.632
4.53832,4.92095,1199.2
3.39008,4.82646,484.135
3.50301,3.86116,471.324
5.67902,4.78111,2680.72
2.95197,2.17968,233.843
5.54435,5.72401,2531.4
4.0157,3.59527,728.374
1.69357,3.87954,99.6352
4.79246,4.57091,1424.49
3.7964,4.91579,675.19
4.34352,4.81708,1028.51
5.67603,4.00492,2629.01
3.63742,4.1991,549.244
3.5576,2.3512,448.76
3.4143,3.35558,415.678
3.11956,4.0831,341.676
3.94941,3.23701,672.799
3.53194,3.82998,481.766
3.58498,5.05983,580.994
3.29602,4.4317,420.574
3.66338,4.11972,556.955
3.59691,5.85374,662.77
4.8045,3.59453,1386.28
5.12921,3.9595,1786.56
4.23725,3.85023,888.045
4.84812,5.5503,1562.77
2.69924,4.72638,276.517
2.98168,3.13144,264.146
3.161,3.48255,327.998
3.4254,4.68498,484.97
4.31567,3.11696,919.967
4.57542,4.80373,1224.08
2.41114,4.95007,240.878
4.61019,2.35556,1155.79
4.83415,3.46118,1413.61
4.34581,4.30966,997.007
4.45972,5.42433,1170.77
5.17255,3.39208,1822.08
4.26838,6.0563,1084.64
2.81321,3.94176,252.837
4.12952,3.59274,800.201
3.34823,3.86443,408.619
3.96701,2.12159,658.902
5.12143,4.22337,1790.18
4.89377,5.21566,1584.43
4.06069,3.31815,744.331
4.82705,6.57911,1660.38
3.40998,3.3748,412.002
2.77958,4.09122,252.954
3.76912,4.02139,602.745
5.24035,4.50953,1967.77
4.14536,2.40332,778.048
4.12094,4.07863,816.506
4.86229,4.99583,1531.71
3.94422,4.11426,707.598
4.00792,5.88774,885.115
4.56228,3.44742,1141.33
4.23216,4.32332,911.654
3.89816,4.01782,676.908
3.08724,4.86859,381.654
2.50348,3.90958,191.162
2.7076,4.1262,239.295
5.59522,4.24411,2499.72
4.1758,6.44157,1065.44
4.31735,6.02923,1120.06
5.49256,3.085,2281.63
3.68605,3.78954,551.116
4.35165,4.73757,1027.62
4.53451,2.36277,1086.26
3.83571,2.8722,596.926
5.05173,3.07218,1654.4
2.79898,4.43017,277.129
4.47821,3.87292,1082.23
3.22091,3.85356,363.901
3.99808,4.92508,792.386
3.89248,6.9852,963.389
2.3928,4.43497,201.578
4.11733,2.32197,757.7
4.17002,2.73402,802.692
3.91204,3.67522,667.707
4.33268,3.81941,959.843
5.2534,4.60527,1993.29
4.61709,4.62894,1251.51
5.92869,4.99378,3172.37
4.01589,3.75372,733.159
3.30246,2.91758,358.099
4.50635,5.27034,1199.49
4.81212,4.75981,1458.83
2.53738,4.62836,239.152
2.18507,3.70775,134.386
3.74066,3.57845,570.779
3.02557,4.43289,336.747
4.24793,3.54642,884.938
4.15235,4.64392,872.524
5.61358,3.58181,2499.02
3.06451,4.14716,329.848
3.09456,4.03315,333.196
4.50398,4.212,1123.06
3.59892,5.93225,670.959
4.94218,6.3605,1762.36
4.38302,4.98459,1071.05
3.75228,3.70778,579.943
3.90858,4.50495,707.22
3.71604,5.26209,660.985
3.74908,4.51909,620.754
3.39791,4.7979,483.653
6.01,3.87635,3271.51
3.22945,6.0312,537.317
3.62486,3.04753,495.864
5.23008,2.42605,1873.78
4.70808,4.45044,1329.33
5.50774,5.03949,2409.9
2.93946,4.44026,311.912
3.15172,3.36,321.049
4.05586,3.91747,767.896
2.38715,4.74203,222.398
4.94352,5.73277,1689.75
4.91769,3.87058,1523.83
3.9024,2.60845,629.351
4.69299,4.69004,1328.91
3.0886,2.50032,278.715
2.36226,3.09787,137.459
3.42731,4.82347,496.341
4.18894,5.08822,932.148
2.62789,2.60515,170.248
3.31633,5.68478,529.124
2.30768,4.09043,168.854
4.72203,4.98526,1380.3
5.58033,3.05577,2425.64
4.07618,3.87121,778.279
4.74934,3.99294,1346.59
4.28687,4.48298,960.455
5.53441,4.27613,2400.59
5.94572,4.25707,3158.13
2.98621,4.44758,324.932
3.64837,5.44488,644.466
4.29923,3.37336,915.995
3.26971,5.86439,533.505
5.45027,3.92313,2247.08
4.4863,4.37921,1116.23
3.13184,5.24509,427.059
2.88872,4.25597,287.776
3.17166,5.44574,456.962
3.13569,5.31756,434.515
2.5497,2.05743,147.456
4.378,4.8607,1057.09
5.36811,4.08097,2127.68
2.93745,4.19708,297.867
1.62854,4.92494,162.189
2.92748,4.15338,292.752
3.81775,3.20514,596.972
2.94482,5.32058,379.005
4.02268,0.725861,683.834
4.25358,4.90233,964.865
5.14395,5.69575,1933.46
4.36043,3.07274,955.298
6.67287,5.60756,5066.19
4.78154,5.19284,1459.97
3.99266,3.79711,720.708
4.87351,4.55025,1512.26
4.36805,4.48364,1023.5
4.14688,3.12722,796.251
6.07044,2.15027,3352.78
3.26911,5.29372,476.297
3.28323,3.83697,385.601
4.20442,4.46164,897.454
3.28105,2.20779,338.314
5.59378,4.07132,2487.67
4.14846,2.08225,772.494
3.73009,6.10164,754.795
5.52274,4.12666,2372.54
5.38238,4.50941,2173.12
3.48685,5.62827,589.972
3.72415,5.15296,655.598
4.31743,4.33848,974.424
4.20336,4.66874,911.139
3.97914,2.34086,669.521
2.54429,4.1638,210.618
2.9918,5.31479,390.381
2.51627,2.09626,140.215
3.5707,3.45571,482.942
3.02304,2.62407,261.993
3.39229,6.35905,634.744
4.0157,2.76604,701.165
5.8405,4.70463,2975.97
4.35774,4.69307,1029.55
3.71724,5.03004,642.848
4.85622,3.32676,1432.1
3.30413,4.64508,438.212
3.73967,4.63385,625.583
4.53394,2.98419,1100.98
3.42591,3.81013,437.146
4.32362,2.42341,909.091
3.26519,3.66043,372.623
4.6236,3.2942,1191.75
3.70471,5.20308,649.562
3.19402,3.68135,348.454
4.46317,4.25321,1090.35
4.608,3.45097,1183.31
3.57342,4.23045,521.517
4.08315,4.58282,821.544
3.09805,4.9554,392.066
4.12334,4.74813,860.354
4.23369,4.41372,916.199
4.24256,3.7046,886.921
4.03919,5.57258,874.037
4.42052,2.60543,992.338
5.85008,3.78154,2942.93
2.72472,2.36051,184.485
4.17927,2.92886,815.246
3.40508,2.63262,389.487
4.74664,4.82657,1394.36
2.62482,4.34105,234.391
2.76053,3.63239,228.056
3.82426,4.36832,650.06
6.20889,4.07632,3726.86
1.78912,4.75809,159.02
2.76967,3.67365,232.231
3.9614,6.80491,977.622
4.62879,4.55213,1257.8
3.66001,3.19864,514.92
2.43285,3.70539,171.529
5.13623,2.94761,1757.71
5.00818,3.76734,1626.63
3.73696,3.91225,582.286
3.72854,3.66938,569.473
1.75805,4.54413,142.115
5.09816,4.33181,1766.34
2.74205,2.96582,203.189
3.60851,3.75514,512.629
3.93475,4.91918,753.621
3.16219,2.90786,311.142
5.03475,2.8377,1625.04
4.02733,2.44904,702.646
3.79532,3.21724,585.597
6.89551,2.15706,5582.48
5.45343,3.53274,2235.72
5.19445,4.45648,1901.3
3.12654,3.48844,317.067
3.55448,4.15085,507.265
2.81494,4.49529,284.479
5.35305,4.75107,2146.36
3.06323,4.32416,340.679
1.99729,3.42231,105.265
5.94712,3.2067,3114.92
3.19878,5.13916,439.141
4.05003,2.79585,723.772
3.62557,3.13278,497.64
2.98436,4.9484,359.187
4.26639,3.78155,907.485
4.34034,2.72814,930.051
2.95473,3.02534,254.71
4.38519,4.91964,1068.62
3.40449,4.46635,462.599
3.73691,3.15879,553.053
3.79709,5.20236,699.144
3.78264,4.16269,619.088
2.26355,3.12373,124.893
5.20059,4.45197,1909.19
5.27547,4.99409,2051.13
3.97071,1.69638,654.97
3.78201,2.82648,566.705
3.54506,4.57467,528.439
2.80108,4.87963,308.434
3.3422,2.97552,374.163
3.15241,2.5159,299.126
2.47708,4.83799,244.829
4.05814,4.4328,796.595
5.59346,3.06523,2447.02
5.31942,4.75798,2096.72
1.15018,2.62685,37.4493
4.60095,5.27462,1287.18
3.65395,4.6486,583.101
4.83154,3.76677,1423.27
4.51862,4.25587,1137.25
1.81132,4.30615,131.89
5.3204,1.81779,1993.41
4.07617,4.44082,807.521
3.95125,4.22165,717.932
3.71784,3.39258,550.325
3.6827,4.71836,602.3
2.90263,4.84738,329.633
2.88946,4.35092,293.004
5.09642,4.61391,1782.69
3.58357,2.68827,466.107
4.55214,4.85176,1205.93
2.14285,5.52476,254.107
2.9914,3.51741,280.554
5.33213,3.07791,2033.83
5.05585,3.33838,1666.73
5.28931,2.24343,1953.78
2.92293,3.82931,275.685
4.87116,4.48651,1504.91
4.47999,4.17072,1098.85
4.98345,5.22636,1689.28
5.12936,4.05995,1793.16
4.37009,4.24551,1011.55
4.85776,6.14273,1638.13
3.53145,2.67199,442.883
4.50415,5.72567,1241.14
2.28719,4.4052,186.933
4.0892,4.4478,816.721
2.78027,3.82796,240.267
4.58816,3.51617,1166.06
1.28725,4.49345,114.388
5.93051,5.00866,3176.88
2.98211,3.33212,271.331
2.83365,3.88972,256.667
2.60223,2.58898,164.359
3.51972,2.37546,434.215
3.69132,5.5137,671.908
6.52989,4.81753,4590.3
4.70367,3.80253,1288.96
3.98151,3.84781,717.475
4.20707,2.38349,821.094
4.17911,4.03229,855.265
3.50422,3.82588,470.418
3.09731,5.46695,434.112
4.53469,5.19807,1218.66
4.66051,3.30647,1228.72
6.0624,2.51846,3341.04
2.88427,3.18517,240.228
3.84393,3.42676,619.618
4.71462,2.90155,1271.18
4.45755,4.62222,1105.81
5.90529,2.79148,3017.34
4.28267,3.27565,900.232
4.511,2.31529,1064.01
3.60305,1.92796,462.031
3.36922,3.42164,398.543
3.58259,5.4253,611.277
3.86744,2.1789,601.073
4.67734,5.52986,1383.93
4.29335,3.80947,930.304
5.52679,3.9067,2368.25
4.69365,4.67149,1328.6
3.28447,2.28509,339.359
5.28064,2.85295,1951.52
4.6177,1.95842,1155.76
3.04304,4.35618,337.436
3.54205,5.12167,565.212
4.48472,1.65187,1032.45
4.29636,3.41004,914.969
1.79425,4.42377,137.202
3.60211,3.50502,497.961
4.95026,4.86403,1620.18
5.2577,2.25295,1910.16
2.46348,5.03105,253.455
5.92783,5.32916,3198.01
3.664,3.62986,532.2
4.94372,4.50206,1588.43
3.70094,5.30138,657.107
3.7074,5.05622,640.594
3.32241,4.20699,416.348
2.64356,3.06959,184.833
3.8993,4.14605,681.826
2.27758,3.981,162.059
1.3847,2.16201,34.1844
2.77957,3.42667,226.684
5.20579,2.59936,1845.06
3.52552,3.70742,473.385
3.73472,3.77635,576.065
3.32051,2.97712,367.983
5.15111,4.57254,1849.46
3.41048,3.16784,404.769
4.24543,5.16676,980.15
3.9577,2.70389,662.442
5.96988,3.95413,3191.55
3.33109,3.78343,397.999
5.57702,5.85808,2600.82
3.83049,4.94891,694.571
3.32035,5.48232,512.058
4.50913,3.10678,1081.82
3.94235,2.91949,659.239
3.03365,3.3206,285.66
5.15338,4.97938,1881.42
3.14859,4.00225,349.676
3.69925,3.75618,555.414
6.58384,3.57169,4671.88
4.24863,4.84577,956.638
4.08585,4.33671,807.417
4.58212,3.31423,1154.77
2.42777,2.93542,144.426
5.76957,4.02143,2799.81
4.21779,5.11555,953.389
3.88696,2.6438,622.212
4.37379,3.0499,965.706
2.3568,2.98883,134.934
3.60966,4.01111,524.737
4.16914,4.09461,852.957
3.36004,4.94625,477.526
3.10129,4.30454,348.818
3.93202,3.83729,686.204
6.43037,4.90803,4329.58
6.18729,3.65682,3656.95
3.7088,3.72366,560.73
4.1651,5.35273,938.085
2.11028,4.07554,145.316
3.76146,3.63228,581.695
5.51457,3.74736,2342.03
6.43455,3.9364,4282.13
2.92213,6.15159,461.217
3.87231,3.55048,639.571
5.47253,3.99183,2285.1
3.75932,3.52414,576.858
3.8844,2.913,624.939
4.4923,3.32395,1073.34
3.56414,4.8827,558.988
3.6519,2.98672,507.311
2.04006,3.04189,97.282
3.20986,5.06879,435.733
4.7678,2.74629,1321.79
4.25032,3.67969,891.57
5.41967,4.67188,2241.51
5.09598,3.62855,1728.89
4.4242,4.35966,1062.75
4.67034,4.91776,1324.46
4.97469,6.21604,1781
3.61954,3.81266,519.041
4.72581,4.58092,1354.26
4.51073,3.76175,1107.19
4.32231,4.09835,966.842
5.07895,5.45077,1826.62
3.35925,3.21301,387.438
4.16875,4.37768,866.305
3.11443,4.30281,352.464
3.59372,5.34957,612.565
3.46369,3.06388,424.336
4.1131,4.20953,820.515
3.45995,4.45674,485.875
3.39728,4.77632,483.582
5.4309,4.31393,2235.99
4.67657,3.69568,1258.3
4.50548,4.61864,1149.57
3.99391,4.85485,784.012
3.8578,3.00018,614.456
2.30091,2.93495,125.989
3.47692,3.57171,446.941
4.24632,4.35899,921.5
3.36021,3.12746,385.557
4.31769,4.29821,972.713
5.11163,3.67175,1751.5
3.64128,3.27492,509.018
5.31228,2.8306,1999.96
2.78813,2.93135,207.418
3.14997,5.06431,416.06
4.11619,4.36611,830.958
5.00913,4.35324,1658.19
4.55427,3.26215,1127.18
4.44357,4.8402,1111.97
2.36664,5.43153,274.012
3.75016,3.53629,573.286
2.37608,3.30348,146.764
4.12872,3.48298,797.821
4.61988,1.77427,1155.73
5.34126,6.17682,2263.47
4.40718,3.40698,1003.14
4.79963,1.88806,1339.93
3.5715,5.55987,622.376
4.04631,3.69453,748.865
4.59564,3.61558,1177.61
3.07167,4.77976,369.812
4.66297,3.37016,1232.91
2.92921,2.34596,233.672
2.8293,4.43547,284.54
6.12271,3.12207,3490.67
3.64636,4.7221,585.111
4.21119,3.75696,864.453
3.18408,4.34272,375.992
3.75041,5.34011,685.79
3.711,4.57586,606.039
4.57566,2.40617,1125.74
5.10191,3.88724,1749.3
4.18043,5.55734,967.598
3.5404,3.97333,493.235
4.09886,6.06468,965.713
3.07973,4.00715,326.472
4.30529,2.29129,893.259
4.07532,5.49805,891.095
2.50098,3.77792,184.581
5.61253,4.65305,2555.92
6.1621,3.44763,3590.76
5.37422,5.68047,2258.81
3.92288,3.39804,663.255
3.12573,3.70345,327.453
4.22233,3.92176,880.549
2.88867,3.36412,247.97
2.93829,4.61754,325.794
3.49017,3.30843,443.351
3.30522,3.55126,378.881
4.44275,5.1595,1134.48
2.18822,4.79034,198.428
4.6356,4.79482,1281.1
3.487,3.37187,444.6
3.85488,3.47435,626.686
2.0795,2.94151,98.5652
3.85995,5.95271,805.878
1.8873,4.48941,148.78
3.23627,4.04732,380.268
5.46507,3.46141,2250.66
4.24899,3.13131,871.74
4.18627,5.04297,925.265
3.53028,4.46798,515.879
3.61439,3.54443,506.97
2.49877,3.14092,160.463
4.30295,5.7234,1074.64
3.79802,5.01229,683.387
4.92351,4.18167,1546.11
4.35678,2.98647,950.926
3.90017,3.18386,643.863
4.85692,4.43968,1485.81
3.3132,4.92458,460.232
4.72465,4.59229,1356.99
3.3239,5.24109,491.541
4.97622,4.12759,1605.2
4.94786,3.62085,1547.37
4.04316,4.00362,762.357
6.15186,4.57006,3624.29
3.6844,3.19985,528.704
4.59253,3.5789,1175.1
4.2215,3.04496,849.86
3.59336,2.62047,469.165
3.55028,4.09019,502.103
1.73007,4.47665,137.25
4.05001,2.85093,723.155
4.71953,2.84225,1273.78
2.34967,4.12642,177.828
4.52829,3.43817,1107.44
4.74849,2.85364,1303.76
6.22911,4.77229,3817.37
4.22487,3.83179,876.93
5.38788,4.73322,2198.41
5.04437,4.17424,1691.24
4.82688,3.76377,1417.37
4.31971,2.28652,904.151
4.70541,3.29424,1270.48
2.09949,4.66104,180.655
4.5451,5.73009,1275.09
5.29399,5.20192,2094.83
3.66199,2.80533,505.609
3.33796,4.34115,430.33
5.55254,3.57239,2395.34
4.14385,4.27572,842.387
4.65279,3.90649,1243.71
4.67686,3.14123,1237.24
4.26744,5.27602,1005.42
3.43353,6.23188,635.881
3.19786,4.88391,418.854
4.22468,3.26818,855.826
3.51917,4.27333,499.058
3.18267,2.93196,317.884
3.63117,4.1365,541.426
2.52697,2.97851,162.011
6.24727,4.28191,3828.92
