3
4.11812,1.56588,521.13
5.79236,4.71906,2466.16
5.01785,3.20001,1279.21
2.69397,4.13481,80.7808
3.71575,2.74126,325.89
3.06937,4.68691,140.053
4.88841,5.13442,1136.26
4.61197,4.13809,873.655
4.80188,4.36177,1046.13
3.69866,4.56178,323.451
2.90502,1.82912,109.751
4.40027,5.06084,704.107
3.70589,3.97887,324.928
3.10464,3.85081,147.158
4.54358,3.10137,815.015
4.1335,3.71491,531.048
3.91608,3.45684,415.714
3.73516,4.78873,335.777
5.49004,3.5033,1930.11
4.12375,4.27983,526.863
4.1057,3.27129,513.444
2.34177,2.92825,43.4873
4.25541,2.81731,604.929
4.88546,5.3077,1133.72
2.47823,4.24956,56.66
4.19479,2.97687,567.138
2.37464,2.43363,47.0804
4.46034,2.3735,749.235
4.64449,5.60184,901.849
3.45379,3.8732,237.649
5.56226,4.23457,2048.16
2.41812,4.46533,51.3932
3.26863,2.69518,183.612
3.08941,3.54005,142.386
1.44644,3.84531,10.3613
4.22104,3.8226,582.704
4.9737,3.54594,1228.22
3.44942,2.71306,233.857
3.96939,3.35575,443.665
4.97609,3.32851,1231.54
4.43563,2.63637,730.753
4.3814,4.51484,690.546
5.53927,4.0323,2011.43
5.9146,5.22713,2711.9
5.74413,4.82469,2373.26
3.6748,4.10922,313.014
2.8721,4.92986,106.192
1.71165,4.96062,15.6727
4.18056,4.41545,558.735
3.64412,4.23791,302.963
4.2559,4.58487,605.934
5.31824,3.89653,1667.61
3.42342,3.97887,228.396
2.2647,5.9658,39.6004
3.60457,3.03128,285.035
3.76224,4.6331,347.546
4.66364,4.50759,916.485
3.90917,3.14566,413.483
4.20496,3.93951,574.389
3.99628,3.72577,456.068
6.51064,5.75072,4212.45
3.56476,3.91433,272.705
4.58336,4.43939,848.155
3.88433,6.14335,400.308
5.32504,4.19379,1677.77
3.45445,3.27218,235.956
4.04371,4.99415,479.408
3.74279,3.54885,338.878
3.29822,4.78698,191.962
5.34007,2.72056,1699.12
3.74294,2.81036,338.803
4.60617,2.15307,867.023
3.28414,5.12418,192.155
5.22904,3.40145,1546.56
4.59984,4.62492,863.31
2.76748,4.78019,91.0372
5.08394,3.94073,1359.4
4.36101,4.40669,676.667
4.15806,4.05666,544.391
3.12293,4.65168,150.814
7.28294,4.45515,7040.83
5.76613,5.34424,2413.29
5.63469,4.96679,2172.78
4.83284,2.29375,1078.02
1.90864,3.63753,21.4801
3.94959,3.41107,433.21
3.51481,4.47062,255.917
2.66757,3.55061,76.0635
3.75058,3.92779,341.776
4.74426,5.26237,990.876
4.34302,3.51513,663.707
2.73751,3.59562,86.1852
3.6438,5.63143,301.965
3.58832,3.14311,282.195
5.26675,4.23085,1595.88
3.09009,3.56721,146.219
4.99001,3.37667,1246.15
3.36298,3.96348,209.629
4.03967,3.11323,478.576
3.75612,4.32866,344.221
5.08139,3.68771,1355.56
3.29175,3.99362,190.641
4.63895,3.76913,894.753
1.39823,3.86198,9.82047
2.14011,3.95187,32.3114
3.66341,5.44409,307.789
1.71943,3.33838,14.7194
4.02793,5.296,472.77
2.81284,5.04295,97.1384
4.04913,5.19455,484.205
3.08652,3.96627,145.018
6.0929,4.27212,3107.62
2.28793,4.53706,41.8004
3.8837,3.21063,400.018
4.68063,3.77524,933.09
3.41212,3.3826,223.689
3.58404,4.13195,279.089
4.81924,5.0333,1064.56
3.96007,2.32802,437.526
5.93406,4.30162,2752.95
4.6075,3.79714,866.45
3.40344,3.74525,221.995
5.39382,4.82413,1780.53
5.68448,5.08248,2261.94
4.19952,3.20847,570.382
2.48568,5.21367,56.541
3.9696,5.08192,442.78
3.18689,3.61855,167.263
3.61122,3.54003,289.903
2.86184,4.03442,105.336
3.92058,4.27819,416.646
3.89509,3.4164,405.304
4.50489,2.41364,783.59
4.9978,3.67038,1255.56
3.59479,2.75437,282.257
4.26645,4.47845,613.416
5.16394,3.82015,1460.32
4.54011,3.88477,812.563
3.55451,4.9564,270.141
4.19572,4.57623,567.633
4.46947,3.872,756.086
4.93339,4.40889,1186.25
4.26225,5.4411,611.343
2.90182,5.0125,111.23
4.49798,3.77917,778.247
5.17034,3.94777,1467.68
4.65512,3.5441,911.389
5.18994,2.78841,1492.43
4.53324,4.71269,805.583
3.91816,5.57239,418.093
6.79671,2.89827,5128.34
3.04773,2.33037,136.307
5.1986,4.74178,1505.27
1.76337,5.08125,16.6974
3.82862,4.29382,376.39
3.87622,3.87927,397.642
4.58821,4.22781,851.184
5.43457,4.39674,1841.52
4.06964,4.5474,494.087
3.44053,5.12689,232.908
4.38639,5.26762,694.539
2.37793,4.69453,48.2163
2.76149,3.14547,89.3736
4.28561,2.82932,625.13
2.83859,3.89344,100.804
2.76981,4.36839,90.3774
3.96209,5.27817,438.054
4.19622,4.34941,567.87
2.95031,2.87863,117.093
4.15272,3.98175,542.554
4.09612,4.50642,510.163
3.91493,4.34373,414.885
3.55972,3.25035,271.116
4.30877,4.74235,641.325
5.38435,4.86334,1765.15
4.26454,3.88175,611.918
3.86345,3.95323,392.155
4.72768,5.32635,977.13
3.38754,2.63106,217.422
3.79037,3.39834,358.996
3.02702,5.05783,133.291
6.26995,2.85144,3542.66
3.56156,4.98391,271.526
4.45718,4.01056,747.701
5.81102,4.40428,2503.01
4.33553,3.91218,659.056
3.82235,3.51103,374.019
4.24313,2.92965,596.355
3.2682,3.49053,185.019
5.35694,5.38619,1726.78
4.12951,4.91522,527.811
4.55507,3.87178,823.043
3.09905,3.90821,145.419
2.88151,3.3233,106.224
4.32212,5.13982,650.826
3.2878,4.46653,190.314
3.4813,2.95458,245.233
5.2888,3.45231,1625.1
4.87811,3.61356,1127.14
4.02983,4.69559,472.907
5.49661,4.13682,1940.08
4.38378,3.52447,692.229
3.77996,4.22932,353.988
4.12203,3.40639,526.858
3.95028,4.27258,433.451
3.24884,3.50728,181.465
3.63947,3.89572,301.075
4.11164,3.48483,518.43
3.00321,4.74751,129.255
3.18425,4.93587,165.675
2.77475,7.42167,92.4138
4.76658,2.90295,1013.88
1.52064,2.11075,11.3767
3.67458,3.10381,313.352
5.25767,2.64084,1584.01
4.29087,4.11362,627.096
2.73324,3.51614,84.9018
3.50379,4.18906,253.034
1.22779,3.47008,7.16393
3.47315,4.82576,244.283
4.57496,3.67154,841.983
3.84295,3.64467,381.462
2.22181,4.6744,36.8895
4.34093,3.35405,661.87
4.22519,4.01017,585.996
5.35316,3.31678,1719.78
4.99302,5.80864,1252.97
5.56613,4.15123,2054.3
5.14513,1.53947,1433.36
5.09682,6.09178,1375.5
3.8523,4.74568,387.473
3.81063,6.01209,369.036
4.48328,2.66801,765.676
5.57467,4.45496,2068.59
3.09831,4.53021,144.429
4.82946,4.3788,1075.69
2.50919,3.94974,59.4165
3.5543,5.12463,268.001
2.7653,6.32481,91.4761
4.4356,3.49447,731.393
3.84357,5.54836,383.931
2.98987,3.41837,124.928
2.38043,3.89913,47.9525
3.63436,4.13443,299.361
4.46149,4.13133,748.425
2.87093,3.66953,105.617
5.52391,4.64812,1983.11
5.22297,3.55845,1536.26
4.04704,3.37322,482.373
3.82858,2.09123,375.872
3.81929,2.56168,371.82
2.03591,5.17019,26.5792
4.22732,2.7636,585.569
4.31149,5.04381,642.909
4.97808,4.5952,1235.1
5.18603,4.52946,1485.4
3.21861,3.77877,174.683
3.67418,4.46523,314.146
4.51698,3.6601,790.415
3.73045,3.81271,333.346
4.13124,4.77562,530.169
5.34947,3.37038,1713.22
3.77853,4.34204,352.676
3.75247,3.97804,343.294
4.90478,5.56937,1156.43
5.32005,4.42076,1672.48
4.2035,5.39175,572.289
3.7874,6.11175,359.213
3.7956,4.31995,361.918
3.5572,2.71772,269.463
3.99951,3.91598,457.03
3.52883,3.29103,259.939
6.17198,2.68972,3295.86
4.90641,3.16714,1156.5
3.74088,6.02373,339.152
4.64156,4.00125,896.973
3.73921,3.56506,337.76
6.19844,4.08173,3362.35
2.9315,2.76784,112.937
2.74088,5.47625,86.4768
2.89643,5.09388,108.97
4.30202,4.11663,636.646
5.44754,3.68223,1863.35
4.15686,4.65021,544.765
2.45243,3.92459,55.3785
5.54016,2.53451,2011.5
2.40653,3.79037,50.5133
5.86527,6.18255,2612.09
4.24161,4.00567,597.175
2.31518,4.94067,43.5932
3.69968,3.85947,322.229
3.96063,4.41209,437.806
4.84624,4.95486,1092.61
3.31905,2.58581,197.259
3.05507,3.73042,137.716
4.5494,3.25168,818.164
4.80205,5.39716,1048.48
3.71807,3.84095,328.814
3.89328,4.99696,405.904
2.35991,5.10803,46.838
4.31707,4.43649,644.918
4.46973,4.29578,757.2
3.74788,5.3271,341.242
4.28606,3.35496,625.006
3.26202,4.00358,183.613
4.07995,1.96051,501.106
4.32365,2.41089,650.867
6.09518,2.85818,3112.57
3.54611,2.90399,267.09
2.75995,5.09032,89.2478
5.21925,4.74769,1530.7
3.20196,3.74874,170.367
4.20197,4.89207,572.505
3.04482,5.34941,137.355
3.21287,4.20318,172.493
4.67384,4.24426,927.635
4.83914,4.56795,1085.69
4.51124,4.5148,789.259
4.74024,2.35841,987.415
4.71624,4.83084,967.366
3.85678,3.76027,388.235
3.79948,5.11056,363.729
3.78301,2.30603,354.844
3.17103,5.00603,161.456
3.92759,4.53051,421.367
6.12525,3.71293,3182.35
4.29677,4.41466,633
4.69773,3.33211,949.279
5.71967,2.80504,2326.9
5.03073,2.16706,1295.69
1.57085,4.38471,11.981
5.03578,3.18677,1300.25
3.96853,4.10432,441.545
5.73887,3.68014,2363.08
5.59335,2.9295,2099.66
5.8642,2.98996,2608.31
4.6918,4.08525,942.493
3.90467,3.36103,410.091
4.89219,3.38237,1139.52
2.2698,4.49165,39.6481
5.6762,3.52684,2247.83
5.00547,3.3989,1263.35
4.43004,3.75868,727.554
4.49899,4.23023,778.344
3.61953,3.64484,292.887
4.48468,3.9069,767.298
0.965737,4.57228,5.4532
4.03897,4.5147,478.627
4.135,3.0195,530.462
3.01897,5.42469,131.333
4.05392,5.31051,486.731
2.70503,6.29373,84.0906
4.70743,3.30865,956.661
5.07996,5.10745,1353.87
3.81272,4.08332,368.477
5.40094,2.42233,1790.13
4.04951,2.72964,485.073
4.41241,3.42225,713.253
2.07729,4.10933,28.9251
2.91955,2.23181,112.178
3.86697,4.51966,392.456
4.34193,4.57423,664.286
5.21967,3.04579,1531.42
3.99455,5.46124,455.966
2.34704,5.4349,46.361
2.66754,4.49983,76.0463
2.94057,3.82974,117.717
4.02161,1.80035,469.619
2.12525,3.60009,31.2688
3.51199,3.46246,255.01
2.66632,3.83008,76.0859
3.61711,5.69463,290.635
4.11844,4.46678,522.285
3.32392,3.48458,199.534
5.58679,4.5502,2091.95
3.81997,4.02273,372.134
5.90676,3.28335,2696.23
5.49363,2.16754,1935.92
4.02233,3.56531,468.443
5.34176,3.85524,1704.23
4.44326,7.27489,736.533
3.09545,3.72395,146.745
4.87414,3.34824,1120.59
5.72545,3.81574,2337.93
3.78391,2.61852,357.03
4.52111,2.94423,796.349
4.80919,2.60202,1055.27
2.98521,4.62179,123.539
5.83343,3.98076,2548.97
4.58667,2.896,851.147
3.98376,4.27456,450.192
2.18316,3.70622,32.9737
3.70258,4.34104,324.059
3.0886,3.02775,143.919
5.67904,3.25478,2250.98
3.25542,4.2805,182.021
4.57114,4.12601,837.928
4.80753,3.6042,1052.81
2.97751,4.54917,122.833
5.44056,4.64317,1851.35
4.98143,4.2092,1238.32
3.21718,1.69582,171.936
5.5442,4.07949,2019.02
3.83071,5.81418,378.713
3.75139,5.29195,343.279
5.03828,3.67094,1302.45
3.14314,4.80266,155.218
2.88343,5.94588,106.108
4.87617,5.19784,1124.17
4.34866,4.97488,666.281
3.99707,3.80985,457.005
3.87741,2.53511,396.881
3.0119,5.08574,132.439
4.15416,4.10396,542.768
3.10225,3.34343,149.44
4.87678,4.9796,1125.06
4.85049,2.1141,1096.3
3.85585,2.18924,388.669
1.91469,3.55267,21.7446
3.52789,2.55216,260.224
5.61045,2.94481,2129.64
5.23319,3.76612,1550.04
3.82453,3.62533,373.54
3.289,4.83281,191.491
3.99764,2.95485,453.918
4.65331,5.06541,908.391
3.29402,5.38373,191.805
4.07573,3.22606,497.416
4.01564,1.45335,464.457
4.09861,4.38094,510.77
3.80161,4.78229,364.129
4.20704,4.97585,575.017
2.73966,4.96265,85.8698
3.53748,4.19295,264.224
3.08677,5.33564,146.363
3.64949,4.4505,302.664
5.12598,4.59074,1412.21
4.54215,5.07988,812.241
2.89693,3.47226,109.186
4.51754,4.63169,794.02
4.31002,4.58289,642.579
3.00809,3.82318,128.786
2.09915,4.82056,29.9192
5.57033,4.73092,2061.58
3.6708,2.41677,310.249
5.3373,3.77852,1696.61
3.26221,4.80738,185.231
2.81437,4.65977,97.0518
4.04655,6.0435,480.798
3.40221,3.25742,222.54
4.0527,4.16972,485.949
4.69043,6.28686,941.578
4.73919,3.57767,989.936
5.14444,2.71553,1433.68
3.42756,4.80389,228.797
3.84915,5.44035,382.222
4.5303,5.42691,803.654
3.90161,3.49984,407.333
3.90512,3.97473,411.755
2.03447,5.06786,27.0646
2.27278,3.98771,39.0944
3.45217,3.46159,238.588
2.05737,4.07914,26.4248
4.3482,3.32304,668.249
4.52397,3.06268,796.707
6.30631,3.24661,3637.69
4.41935,2.1285,717.66
4.77446,3.74465,1020.43
3.62702,2.45863,295.619
3.41452,2.77038,224.009
4.7179,5.14139,967.076
3.86126,4.3133,392.146
3.69869,4.94197,321.541
6.68283,2.41382,4743.85
4.19161,2.22226,564.218
3.54394,3.02217,265.127
5.52863,4.57879,1992.42
4.46553,3.53689,753.549
3.02592,6.45846,133.081
4.34735,4.71156,668.992
4.84503,4.83309,1090.38
2.25769,4.51499,39.9572
4.93995,5.62901,1191.64
4.68948,4.16531,941.26
2.68983,5.16198,79.7855
2.90853,2.95236,111.285
4.39439,2.57122,701.02
2.62292,2.81988,71.3191
3.8531,5.84,387.597
5.47985,3.73731,1912.31
4.01149,4.04248,462.747
2.84744,2.60151,102.609
4.64208,5.2861,897.384
4.49733,6.30972,777.714
2.68939,3.55508,79.853
3.42757,5.67324,230.299
5.17645,3.72016,1473.98
4.68759,2.28221,939.26
3.8702,5.18251,394.988
3.66416,3.20579,310.311
2.99792,2.91339,126.68
3.18387,5.33663,165.499
3.045,4.72428,136.125
4.08162,3.52589,501.205
5.16564,3.58245,1461.05
2.96033,2.78673,120.241
2.86553,4.42269,103.895
3.19598,4.02216,167.458
4.06155,2.04793,490.023
4.91485,3.68361,1164.64
2.85325,4.54152,102.475
3.86766,6.12221,394.545
4.23788,4.41101,593.68
3.66232,2.8691,307.363
6.56236,5.40487,4365.15
5.3639,3.74516,1735.27
4.31016,3.21597,641.178
3.88884,4.31622,402.404
4.65922,3.1198,911.975
3.7511,5.25259,342.208
3.42743,4.23199,227.222
5.59202,5.36478,2100.78
4.42778,3.60796,723.857
2.9507,5.14582,119.694
5.46554,4.35837,1891.01
4.20148,3.48174,571.774
3.10098,3.99928,147.777
4.42636,4.26848,722.506
4.67546,4.68649,927.319
6.49869,2.94682,4175.61
3.79798,5.02824,364.291
4.69675,3.92103,946.944
6.22698,3.87726,3433.92
4.00054,3.36293,456.122
3.15186,3.2878,159.239
3.89627,3.3228,406.284
5.76881,3.73727,2420.27
2.40381,2.96249,48.6989
3.81665,3.05716,369.566
4.77736,2.41004,1023.59
5.11157,3.89342,1392.74
3.88227,4.85581,399.097
4.61727,3.33713,877.274
3.86835,3.46371,395.023
3.1674,3.97847,162.269
3.64596,4.47417,300.964
4.42747,5.19433,724.229
2.79825,4.9432,94.1114
4.24193,4.67554,596.664
4.48555,2.93857,768.747
4.16173,6.10062,549.364
5.89188,2.45179,2664.11
4.14678,4.55322,537.341
4.25295,3.32958,602.862
4.24391,3.74333,596.008
3.73364,4.09118,335.759
3.24435,4.61051,178.731
4.97583,2.82444,1231.3
4.27852,3.02739,621.557
2.48739,5.1376,57.0983
3.92066,3.70868,417.447
4.29148,4.1195,628.769
2.42452,3.10635,51.4542
4.75008,3.5512,997.266
5.68229,4.86206,2257.62
5.46736,3.11852,1893.57
3.7156,3.90589,327.456
3.22335,4.02985,176.497
5.60856,2.43452,2127.35
3.08983,0.135428,143.546
3.27927,3.56975,188.212
2.50395,4.57271,59.6824
4.23868,5.93383,592.419
1.17087,4.06567,6.50714
4.7367,4.2206,982.886
4.73238,4.32246,981.656
4.34143,2.24831,661.382
2.94025,3.03679,117.802
5.42255,2.75,1823.05
4.36714,3.43344,681.321
3.65672,3.17389,305.858
4.36186,4.97046,676.712
2.61641,4.60151,69.9498
4.0604,5.68,490.029
4.23086,3.69937,589.123
3.94106,3.28524,427.398
4.48027,3.34563,766.245
4.56967,3.13384,836.321
3.38386,4.49404,214.897
4.14121,2.31245,533.327
4.97238,5.10211,1228.94
4.72062,3.10495,968.94
4.90315,3.56321,1153.8
6.5513,3.54321,4334.9
5.17973,4.51222,1480.41
2.84686,3.82054,102.526
3.08053,4.21391,143.223
3.51513,6.04315,254.948
3.67493,5.83998,312.354
4.18469,4.07309,562.678
2.08483,4.49037,28.4648
5.28547,4.03782,1622.86
4.956,4.64544,1207.79
4.76343,3.35265,1010.61
3.59454,3.29288,282.862
3.00047,3.6501,127.135
5.76644,3.07155,2414.25
3.85214,2.5167,386.948
4.04083,4.66713,478.362
3.05328,2.95616,136.654
4.63878,1.04147,893.378
4.1997,3.93583,569.372
3.52848,3.60994,260.004
4.20605,3.97911,574.712
5.13122,4.78545,1417
4.30986,3.88042,639.726
4.48202,3.33729,764.246
4.18577,2.41907,563.372
2.66625,5.83031,77.864
6.12606,4.89376,3185.63
4.71823,2.91627,966.676
4.00227,4.32439,458.093
2.89881,5.1816,109.14
3.87551,5.06476,397.904
3.47543,3.25276,242.67
4.28896,4.33913,629.234
2.25163,4.83236,38.9217
4.17873,3.93261,558.815
4.5709,4.35178,836.924
4.89714,3.84047,1146.17
3.59095,4.12765,283.261
3.11482,2.91165,149.264
4.39556,4.0328,700.279
4.24964,3.53553,601.966
5.51904,1.07564,1975.72
3.58456,4.68658,279.551
3.6807,4.49262,315.315
4.2697,3.92826,614.009
2.8786,4.08417,106.947
4.33317,4.16608,655.573
2.43009,4.13606,51.5762
5.92038,5.77764,2727.14
3.88551,5.58491,402.692
3.7853,4.35458,355.494
2.49616,4.0756,59.3416
4.16964,2.62421,550.313
4.96426,3.11533,1218.53
4.42843,3.18993,723.978
5.73605,1.70856,2357.35
2.37278,3.04778,46.3272
3.00523,4.74445,129.028
1.39935,3.63402,8.27252
3.69627,3.83433,319.389
4.58385,4.59246,848.159
3.59462,3.74148,282.157
4.56816,3.28358,835.937
3.80506,4.98786,366.77
4.55379,4.3031,822.982
1.9348,4.90727,22.8987
3.90625,3.18678,411.461
4.28545,2.86371,622.743
3.91795,4.25117,416.804
3.95884,3.39845,436.409
2.95065,1.08197,117.931
4.40394,5.39338,707.905
4.38775,4.13085,695.107
1.75593,4.71345,16.5748
5.20381,6.22174,1513.41
4.14661,2.92878,536.902
4.62356,3.68825,882.252
4.6453,5.69396,902.328
5.52091,3.3037,1977.65
1.16387,2.96346,7.65372
2.78315,3.84739,91.8251
4.18393,3.4703,561.764
4.64226,5.39604,898.505
2.38412,3.84984,48.7096
5.24911,4.44456,1571.05
4.25779,5.21263,607.524
5.59712,3.214,2109.42
6.0035,4.40363,2906.34
3.3115,5.97594,197.916
4.16582,3.22171,549.84
4.11977,2.61799,523.589
4.85996,4.0565,1107.59
4.72823,4.6644,977.998
4.49742,2.66349,778.096
4.22963,4.57193,587.912
4.00489,2.91778,459.328
4.7495,3.17815,997.034
4.00612,2.36446,457.669
4.77682,5.46984,1023.08
5.34802,3.06768,1713.18
2.95183,4.33229,118.243
4.47881,3.71693,764.145
2.04293,3.27747,26.9292
5.12558,3.67521,1410.17
4.00793,4.30164,460.705
4.43812,4.62471,732.54
3.22293,5.77772,175.002
2.50394,4.94246,59.8361
5.28059,5.73099,1617.38
4.28644,3.78898,625.255
3.44899,2.82514,235.304
3.43345,4.39517,230.912
4.33066,3.86556,655.373
3.09512,3.33572,145.183
3.47679,4.39189,244.219
3.79897,4.39616,362.644
5.18668,3.42259,1489.64
3.25411,3.93681,182.055
3.34513,4.10158,207.479
3.11502,4.06101,150.595
4.33214,3.11243,656.379
2.91843,1.51065,113.899
4.28843,4.10023,627.21
4.54865,5.57821,820.724
2.38419,3.21791,47.8689
3.91833,3.19561,415.361
4.39451,5.28922,700.694
4.4693,2.79233,756.392
3.23736,1.77933,176.829
4.60958,3.20588,869.977
3.77113,2.45052,348.79
0.540595,3.51373,4.30999
3.29528,2.93143,192.014
4.92376,3.12524,1173.21
2.01284,3.34281,25.0827
3.57737,5.24767,279.037
5.37805,3.6148,1755.41
2.67268,2.39949,76.9031
3.74723,3.95276,342.52
5.81178,5.46129,2503.69
2.84242,3.53622,98.1561
4.09313,2.8837,507.942
4.22262,5.90273,584.886
5.57197,4.20642,2065.27
3.68479,3.36957,317.614
4.3251,4.03657,652.249
3.00564,2.74213,128.333
2.38181,5.25377,48.3942
4.08248,3.2057,501.647
3.15773,3.95738,158.923
4.34872,5.5479,670.576
5.46116,3.97929,1883.89
3.65672,2.36512,305.995
4.67293,4.37701,925.903
4.61974,4.803,878.899
2.95109,3.05679,116.461
3.64917,2.9796,302.237
4.62164,1.72804,880.196
4.47086,4.86762,759.589
4.18923,2.68353,561.832
4.11647,3.16315,521.901
2.67031,5.9151,77.7106
2.41336,4.68854,49.2158
5.17451,3.78372,1472.86
4.39489,4.59264,701.114
5.42418,4.68275,1828.16
3.31083,3.80552,197.408
4.44092,2.35778,734.9
3.62999,5.07869,296.924
5.33329,2.91482,1689.91
3.19029,3.13027,166.937
4.82381,2.91137,1068.37
2.56138,4.49184,65.1406
2.93434,5.46494,114.528
6.30224,3.28044,3627.2
2.63027,3.89155,72.1538
4.92791,3.43108,1177.98
6.03228,2.76994,2969.41
4.75095,4.72817,998.979
4.81227,1.58129,1057.08
2.91195,4.52637,110.141
4.02658,5.54539,472.002
3.62494,5.09266,293.094
3.78212,3.27867,355.64
5.6602,3.10239,2217.5
3.48666,2.02457,246.096
5.42065,3.6983,1819.74
4.26846,3.20379,614.046
4.58121,4.98633,846.781
6.12735,4.1829,3190.12
3.5535,5.08563,267.363
4.83874,3.17243,1084.06
3.78792,4.76627,358.935
2.74527,4.25732,87.301
4.55771,4.73942,827.46
3.86134,3.61903,390.186
3.28101,3.58968,188.653
2.62184,4.83122,73.221
3.5909,4.38789,282.47
4.44853,4.37531,739.832
4.05762,3.68338,489.87
4.57818,4.17487,842.736
3.66063,3.65056,306.082
3.90724,4.71421,412.284
4.6948,3.86273,946.947
4.53384,3.31514,806.157
4.01925,4.23854,466.575
4.95697,4.31811,1210.45
4.43828,3.66975,732.764
3.23279,5.52939,178.465
2.14072,4.46755,32.2505
3.86952,4.80767,393.932
3.21248,3.44618,170.363
4.06818,3.78376,495.064
2.64445,4.17806,72.1957
3.03222,4.45594,133.044
4.68394,5.59395,936.882
5.08913,4.59148,1365.81
2.87362,2.63748,105.069
4.76841,4.3866,1015.13
3.80635,3.46199,366.059
4.47097,3.36775,757.17
4.14361,1.94185,536.246
4.46542,3.54776,754
2.84165,1.46326,100.649
4.41767,5.40131,718.439
4.81658,3.03307,1062.14
3.77149,3.45119,350.455
4.52171,3.42844,797.359
3.48002,3.26998,244.314
4.66293,4.13275,916.709
4.48427,3.55669,768.007
4.31805,4.42589,647.701
4.49762,4.75714,780.541
3.95181,5.87791,434.805
3.3624,3.97045,212.174
2.32878,3.08158,42.9177
4.60484,2.47894,866.245
3.22058,3.39597,174.653
3.05594,4.78862,138.28
4.86759,3.97655,1113.16
3.56396,4.70799,271.88
3.84272,3.53307,382.266
2.89883,5.21782,108.812
5.10362,4.50373,1382.81
4.41741,5.39318,716.995
2.82032,3.26204,95.7635
2.9769,3.25373,123.377
5.3102,3.97348,1656.92
2.81759,3.48676,97.7977
4.47572,3.81765,760.302
4.83844,3.57723,1084.38
3.47744,3.46751,246.018
4.8647,3.43059,1111.69
6.12758,5.15344,3190.23
3.09824,2.2359,146.146
2.94412,5.51153,116.404
1.85931,4.35877,18.1548
5.30312,4.03398,1646.95
6.77611,3.71782,5056.15
4.62445,4.33042,884.005
4.7984,4.43183,1044.29
4.62622,4.54535,883.15
5.46438,6.00684,1888.62
4.41249,1.996,712.865
3.86358,2.99906,391.64
6.44905,5.22499,4032.14
1.71104,4.19357,15.9592
3.11512,4.59954,150.292
3.33979,4.08019,202.785
4.92014,4.40392,1169.14
4.86059,4.1428,1107.84
4.61389,4.15695,872.81
3.5843,3.40538,279.559
4.06949,3.99098,494.555
2.59048,3.44899,70.0536
6.06577,2.08792,3042.05
4.9514,3.24117,1205.59
4.74555,2.92882,991.489
4.52806,1.83976,801.332
4.87202,3.6176,1118.93
3.36527,4.3356,210.981
2.41761,2.41709,50.1536
3.27365,4.02834,187.116
5.55625,4.90706,2038.33
2.5238,3.91162,61.0926
5.16671,3.37112,1465.24
4.03763,3.82633,477.253
3.23703,5.15911,179.367
1.68178,2.88579,12.9635
4.38204,3.93266,690.185
3.54522,4.03179,265.183
4.64257,2.60414,898.639
3.71983,4.26189,331.212
5.53748,5.3025,2006.02
3.99886,3.97436,458.641
4.59121,5.73377,854.528
3.64184,4.01515,300.615
3.23372,4.89184,177.596
2.27499,3.09632,40.8659
3.92884,3.45807,420.139
3.95096,3.96939,432.176
2.93134,2.65827,116.742
3.77491,4.03621,352.578
3.69787,4.7948,322.138
3.49187,4.28972,249.148
4.72379,3.902,973.252
4.34484,3.52652,664.505
2.59839,3.41727,68.6918
5.22439,2.57885,1538.68
5.59762,2.99403,2105.15
3.11653,5.1625,151.8
5.65735,4.47834,2213.08
3.64521,2.9714,299.225
3.90453,5.02081,411.974
4.9169,4.71241,1166.64
3.72763,4.95512,334.044
4.86413,3.45162,1110.62
4.87888,5.41641,1127.76
4.60047,2.50052,860.558
3.95524,4.08345,434.201
3.41855,5.72918,228.647
3.68466,3.99031,315.452
4.0709,3.9313,493.823
3.7798,4.09308,353.874
2.65522,3.35117,75.9336
4.20351,3.46541,572.14
3.69399,3.97621,320.358
1.43325,4.70866,10.3708
3.62736,3.98669,295.574
3.21696,2.42287,172.369
2.25686,4.45265,37.7966
5.28036,5.47583,1615.21
3.45001,5.92967,235.691
2.65393,4.38161,77.0047
2.93873,2.99171,115.987
4.33722,4.02761,660.138
3.87031,4.32608,394.028
4.79189,5.17791,1035.7
4.43088,4.43203,727.897
1.93532,5.23825,21.6539
3.01134,2.82754,131.899
4.18432,5.22182,561.246
2.12246,3.00087,29.2193
4.53302,2.58521,804.998
4.45753,4.60243,747.287
4.39176,4.05869,698.954
3.46849,4.62295,241.691
1.9923,3.30106,22.9027
2.68907,3.14798,77.8571
5.02133,3.77852,1284.09
6.13748,3.35415,3213.44
5.25815,3.46385,1584.99
6.35851,2.54345,3777.01
3.75968,3.67673,346.624
3.43748,4.49283,231.761
3.38168,2.88917,215.998
6.54079,4.45745,4301.43
3.73055,3.93023,334.042
5.36244,2.38311,1733.59
3.64401,4.48641,301.003
2.69512,3.68926,79.5364
3.77809,1.69858,352.445
5.01891,3.42324,1283.56
5.04469,3.57612,1311.85
4.20247,2.84812,571.514
3.68499,3.91916,315.639
2.0484,3.34384,26.7032
6.1806,2.80829,3317.06
3.65016,3.79757,301.936
4.27653,4.05696,621.053
3.50964,2.35218,253.689
3.10314,4.14994,147.825
4.94549,3.78669,1198.03
4.77547,4.49153,1022.23
1.13471,3.2299,6.32927
4.68154,2.54991,932.946
3.10399,4.74457,147.916
2.98762,2.03136,125.561
3.26971,5.37476,186.217
2.37473,5.06841,47.0179
4.14898,4.77459,539.89
2.54654,2.78675,64.8295
5.80571,5.25256,2492.31
3.44453,4.2966,235.251
3.43178,5.36037,229.662
2.6621,3.15314,74.221
5.88631,4.518,2654.32
2.66048,3.79837,76.952
4.00084,3.63813,457.421
3.03629,5.97135,135.831
4.64013,2.63414,893.771
5.81135,3.23236,2502.04
3.38677,3.14601,216.549
5.60782,3.48098,2125.25
3.18333,1.03288,164.959
3.47026,5.82866,242.728
3.02606,1.5321,133.324
4.36638,3.65001,680.745
2.72928,4.76816,82.9076
5.54553,4.54677,2020.51
4.11951,3.33176,524.265
4.18486,2.87834,561.754
4.33574,2.0381,657.972
3.97048,3.49331,442.113
6.04179,2.80682,2990.26
3.62347,3.31232,293.155
