3
3.28949,3.25838,148.98
5.09786,2.57196,74.6047
4.47262,4.12968,313.063
3.20068,3.77028,235.422
4.41967,4.74241,490.456
6.02731,2.05713,42.6033
3.93445,6.04396,1115.19
4.70997,4.61127,448.016
3.84022,3.72936,226.009
5.47484,3.57028,197.627
3.48151,4.43748,393.779
3.66557,5.55576,836.156
4.16274,3.81044,242.621
6.67196,4.01434,287.051
3.71457,5.02258,594.411
5.10454,4.96722,573.209
3.6419,3.75614,232.198
3.50342,3.80042,240.365
3.33251,4.13718,313.634
4.67916,4.4992,412.757
5.08074,3.57486,197.121
2.52121,3.0183,119.148
4.8168,4.15235,318.04
4.30612,4.51897,419.237
4.81781,5.87087,1010.89
2.75212,4.09739,305.056
4.59441,3.50171,186.349
4.2724,3.39562,168.993
3.7651,3.41747,171.946
2.30071,4.47409,404.567
4.36775,3.4091,173.519
5.1984,2.63233,80.506
4.5137,3.2489,146.772
5.01187,4.66269,466.264
2.85954,3.25148,147.64
2.79793,2.72939,87.886
4.47936,3.1728,137.971
4.79248,4.54622,426.795
3.55693,3.77225,231.753
4.14348,3.10283,127.22
3.29472,3.62483,207.426
5.56213,2.32193,57.0957
4.90085,3.44196,176.397
5.5234,3.41978,172.509
4.19737,3.7897,236.996
3.75464,4.01648,285.701
3.39198,3.35133,161.881
2.46679,2.18776,48.5571
4.8966,3.85875,252.33
4.45868,4.68296,471.591
3.2252,3.08544,127.788
3.48728,5.1773,659.159
3.91603,4.98259,578.231
2.58435,2.71153,84.1642
0.0280656,3.30346,155.668
4.85634,3.45136,178.068
4.93267,4.95982,572.025
3.54005,5.04635,604.24
5.21467,3.8343,247.259
5.3374,3.30457,155.547
3.08604,2.93706,109.176
2.30161,3.8437,249.886
5.77071,2.88893,105.899
5.04474,3.74672,229.304
4.10993,4.64751,459.98
5.01982,5.05527,608.714
5.33633,3.93539,269.144
3.50601,5.19854,667.749
4.5332,3.25707,149.405
5.47007,4.39114,383.169
3.10702,3.8559,251.482
2.52688,4.64413,457.039
3.76376,4.05948,295.685
3.91628,4.76083,498.071
2.99054,3.47794,182.681
3.3588,5.49341,805.504
3.88922,4.31605,361.931
2.77687,3.63948,210.099
5.50971,4.00941,285.943
2.60526,4.04011,292.449
5.40629,3.83519,248.206
2.35924,5.11173,631.938
3.98404,3.28499,153.111
3.78337,3.2353,145.735
5.06806,3.65305,212.832
5.26613,3.8967,262.036
4.63104,4.93764,560.724
2.97162,3.53357,189.834
2.42036,4.18252,324.688
4.94154,1.72149,28.1016
1.57875,3.18854,137.214
4.38601,3.26158,149.131
4.39596,3.13681,131.881
4.15231,3.52024,191.261
4.31753,3.35678,162.823
4.10075,4.3771,378.484
4.90889,3.68835,215.958
5.14865,2.19437,49.6646
2.88245,3.84879,248.479
4.75189,6.34219,1318.73
3.72702,5.53918,827.898
2.79604,4.05129,294.075
4.40562,3.8801,256.988
5.02061,5.6067,863.382
3.51312,4.02505,288.117
4.15824,3.83185,247.414
3.23891,3.99065,279.953
3.78236,2.69096,85.7258
4.9163,2.47631,67.093
4.45604,3.24403,146.994
4.43134,3.28988,152.883
3.47217,4.63234,454.969
4.42159,3.30296,156.169
3.50739,3.62467,205.94
3.72828,3.94756,270.46
4.67444,4.95201,567.879
4.46503,4.23275,339.138
3.32919,3.97562,279.388
5.96839,4.87651,540.173
4.59522,4.98731,581.425
3.99459,5.79796,967.168
3.54305,3.8202,242.694
4.62122,4.72718,486.082
4.15633,3.77513,236.669
4.18911,4.43813,397.287
3.99212,3.49678,185.551
4.96466,4.70451,478.136
5.30097,2.74011,87.8343
5.78203,3.46235,178.48
3.38081,4.66951,467.215
5.32655,3.09698,129.761
3.24582,3.31954,157.093
3.70826,3.56847,196.833
3.90449,3.53889,191.739
4.93502,2.76244,92.1541
5.16665,3.87929,256.849
4.07248,4.04852,294.923
2.65754,5.73299,931.191
3.64022,3.84021,246.236
4.09274,3.48161,181.041
4.24656,4.45654,399.139
5.09435,4.09167,304.863
3.91825,4.72578,486.31
5.31771,5.02765,598.905
4.74349,2.72706,89.3912
3.66081,4.43942,395.976
3.34964,5.5164,816.245
2.68647,3.00538,117.415
2.387,3.8109,241.462
3.11624,3.55879,196.161
5.04797,3.28947,155.967
4.55824,4.91751,556.378
4.95685,2.53254,71.1748
2.68924,3.54364,192.366
2.72636,5.73101,928.686
4.09089,4.19099,326.937
4.64043,3.7738,235.106
4.36724,5.46441,789.918
5.24365,4.3553,371.729
2.70823,5.06522,611.984
4.91879,1.48977,20.877
5.18693,3.53584,190.26
3.39831,3.63915,209.4
3.02895,3.16921,135.918
3.94542,5.01019,589.207
4.07437,2.21759,51.2385
6.04572,4.62629,454.985
3.73823,3.34351,161.641
4.97695,5.11096,632.008
3.41931,4.82182,517.604
5.40933,3.28164,153.484
4.82672,3.66007,211.898
4.99253,4.57672,438.24
4.47573,3.34925,162.909
2.91331,4.99311,584.261
3.49926,3.31338,157.244
4.59962,3.06987,125.57
4.41868,3.2669,149.174
5.14477,4.28192,352.004
4.48631,2.77729,94.1936
3.29689,4.10501,306.639
5.01905,4.0669,300.066
5.99543,4.29917,357.71
5.02701,3.46084,180.097
2.45084,4.11336,311.05
3.09619,5.12292,636.711
2.53434,4.33199,364.1
3.81956,6.54171,1467.15
3.76555,3.92645,265.279
4.70838,3.09648,127.19
4.33343,1.42447,18.5564
4.21167,2.56404,73.4813
3.0174,3.6348,207.726
3.55705,4.73667,488.775
3.9309,3.86211,254.012
4.4391,3.10513,126.791
1.7659,2.09573,41.608
3.90925,4.39967,383.728
3.79711,5.0795,618.155
4.53128,4.92832,559.678
4.21851,3.54797,194.026
3.97836,5.09176,622.556
4.58426,4.11406,308.574
3.00358,3.6265,205.997
6.52661,4.24734,343.921
3.40181,5.816,977.188
1.45238,3.5456,190.672
4.09295,4.48398,409.353
4.80785,5.78223,957.552
3.30719,3.81446,242.335
3.83079,1.72714,29.4152
4.68364,4.7582,499.574
4.86435,4.57336,437.023
4.73032,3.6861,217.862
2.87691,4.05876,296.735
5.16449,3.80045,240.044
3.52237,4.47811,406.921
4.36106,4.42031,390.247
4.01856,5.3793,750.231
3.30278,3.00673,117.973
5.90273,2.40629,64.6009
2.82738,5.02751,596.986
2.34669,2.93701,108.856
3.21391,3.36714,164.121
4.1172,3.70923,222.719
4.60283,3.71122,221.847
3.24749,3.93459,267.889
2.17515,2.09298,44.1414
4.19761,2.77595,95.6754
3.63739,2.10321,43.1435
3.61831,3.62908,207.422
5.09012,5.45578,786.593
5.44207,1.61496,25.4525
4.80393,1.55374,21.9933
1.42092,3.95363,271.697
2.66536,4.32046,360.309
2.92583,3.16506,134.676
5.38026,3.53263,190.385
1.80208,5.79778,967.062
3.58802,3.45941,179.354
3.53411,4.58227,440.084
4.80203,4.36141,374.681
3.65454,4.03517,289.338
5.11196,4.29969,357.029
4.11204,3.59853,200.798
4.29574,3.92921,266.2
4.45906,2.99778,115.784
2.83471,5.01974,592.462
3.96464,4.93114,559.341
2.79532,4.84671,528.61
2.32755,6.06822,1130.26
5.28101,4.06761,298.435
5.68599,3.40939,173.356
2.88045,3.81768,243.624
4.24526,3.73293,226.65
6.04345,4.75501,495.918
3.03136,4.47164,405.159
4.5656,4.174,322.13
3.28531,5.53825,826.04
4.80904,3.3209,157.928
5.18906,3.0545,123.234
3.89204,2.36665,58.687
4.25339,2.58518,76.23
2.82681,4.11205,311.621
5.61493,3.3436,161.687
4.80176,3.72572,225.49
1.21177,5.30036,713.125
2.81546,3.62864,206.697
3.55317,4.87635,541.277
1.63762,3.64912,211.64
2.89447,2.52518,71.2067
3.79848,5.07771,615.904
1.92969,3.69,217.036
4.22951,2.61208,78.7252
5.32746,4.66952,466.073
4.75079,4.75738,497.008
5.85462,3.48291,182.636
3.41196,4.72327,483.749
4.19756,5.12051,636.19
5.6791,5.10987,631.341
2.6359,2.81298,96.3291
3.42493,6.12774,1171.04
2.825,3.87441,254.542
4.8099,4.03616,291.124
3.00308,5.00006,584.786
3.93635,1.145,14.0011
4.07194,3.41986,172.99
3.84448,2.99043,116.439
6.35252,4.01841,288.157
4.01259,4.01904,287.157
3.95181,3.30719,153.725
4.10614,4.51635,419.033
3.51264,3.39516,167.856
3.65375,2.03804,42.0491
5.62247,4.51792,421.622
2.72007,3.68674,215.87
3.05671,3.39046,169.141
3.45614,4.81999,517.498
3.72745,5.68163,903.528
2.89469,5.22782,679.623
2.71326,3.92784,264.36
3.38057,5.11744,634.143
4.35372,5.62787,873.514
2.67069,2.84927,99.4212
3.78092,3.86252,252.097
5.15258,4.02773,290.103
5.95206,4.41945,390.728
3.6241,3.50326,186.44
3.29447,3.41117,173.417
4.43893,2.30845,58.2124
2.36006,3.02983,120.314
4.2411,2.99785,117.24
4.62389,4.87942,539.727
3.65434,2.78196,92.3772
4.73942,4.44535,396.585
2.70889,2.40688,61.6722
2.9515,4.2304,338.63
4.42644,4.41479,389.035
1.67627,3.95777,272.975
4.70168,5.60264,859.64
5.3304,3.55022,194.465
3.17383,4.06768,296.629
3.25932,4.72663,484.793
5.3609,3.96458,273.3
3.27194,3.88015,255.138
4.46806,3.45172,177.141
3.97243,4.34284,368.837
3.77286,4.46841,403.396
6.01523,4.66359,465.32
2.22827,4.25912,343.948
2.70901,3.30933,155.051
5.01692,3.11256,128.85
4.55049,4.36988,374.969
6.18294,5.63502,879.053
3.24942,4.21807,334.311
2.28393,3.27716,153.506
4.96711,3.29846,155.954
4.3898,4.04169,291.929
4.51706,3.22405,145.45
3.82725,3.45777,177.915
3.24826,4.56131,432.564
5.44026,3.47869,181.565
4.56759,3.05396,123.185
3.00619,3.05438,122.516
4.15826,3.83717,245.516
3.20018,3.33942,159.978
6.52216,5.99373,1084.28
2.52237,4.11523,309.836
3.9453,4.90778,552.713
2.12798,4.17961,324.387
3.87072,3.12171,130.725
2.88619,3.08543,130.574
4.88018,4.31205,361.042
4.04068,4.76311,499.944
5.12244,4.09774,305.291
3.40034,3.86514,251.555
4.04085,3.78232,236.395
4.47114,3.86789,254.649
4.81415,4.18862,328.909
5.5458,3.92871,267.943
3.67883,2.9958,114.759
3.00668,1.91589,36.729
4.67889,3.62033,208.491
4.69438,1.65385,24.6995
4.25162,3.57939,197.718
3.4038,5.23144,682.638
3.73779,4.20756,333.264
3.23375,2.46327,65.7687
4.69312,4.44208,396.962
2.43685,5.07355,614.216
4.06352,5.36605,745.009
4.40706,2.8344,98.9835
2.87158,4.66391,464.915
4.79046,3.99746,282.67
4.49983,4.1782,326.829
3.66557,3.55917,196.658
2.48696,5.1576,650.962
4.12554,4.58337,438.954
5.41304,2.46868,67.4058
5.01365,4.30047,357.976
5.5406,4.52635,420.021
3.60328,4.11635,308.14
2.42303,2.88878,103.097
4.54359,4.42428,390.181
5.68099,6.60874,1521.34
4.59232,4.69579,474.299
3.21288,2.5298,70.6582
3.37972,2.96044,111.244
4.42813,2.36129,60.4294
4.48979,6.12043,1164.92
3.01931,3.69298,219.553
5.37305,3.20605,142.856
4.02706,3.08248,125.557
4.98261,3.73101,227.99
5.12823,4.1809,324.444
6.42844,4.26499,349.655
4.45089,3.87421,254.482
3.85355,2.99024,115.063
5.27769,4.9745,576.74
5.04833,4.82368,522.353
4.65779,4.39677,383.189
3.20709,2.34465,58.5957
2.59751,4.32658,363.58
3.901,3.46919,179.813
3.35242,3.26903,152.011
5.25236,2.6392,80.8094
2.06328,2.80831,95.2165
5.86887,5.41333,767.588
4.74445,4.68773,475.102
3.11997,4.96492,572.086
3.91252,3.61718,206.343
3.50313,4.77728,503.528
4.7913,5.55846,838.807
2.58108,3.25813,149.257
3.75023,4.12279,311.58
4.78848,3.50735,185.801
4.1293,3.66481,212.931
5.06384,2.37647,61.5681
2.28285,3.06548,124.563
4.51695,3.85486,251.09
4.50299,3.93593,267.443
3.62629,4.73206,487.229
4.19236,4.79581,509.059
3.45268,4.32396,364.256
4.8556,4.12321,311.804
3.97195,5.71776,924.276
4.73285,4.82791,521.073
2.97171,4.02622,288.657
3.86317,3.56882,196.405
4.49002,4.12066,310.028
4.63463,3.12905,132.516
1.92913,2.98852,115.96
3.34138,4.09866,306.725
5.67456,4.58152,439.052
2.42568,2.88691,101.991
5.2286,3.51256,190.365
5.10136,5.07277,616.823
4.45323,5.68794,906.443
5.51905,5.32614,725.981
4.10902,3.13518,132.735
3.55371,2.72766,87.0965
4.16246,3.56974,196.188
3.69142,2.98701,114.512
2.23933,2.21064,47.4653
4.50262,4.25261,345.888
3.4628,2.50132,68.5033
2.95286,4.81098,515.445
3.38764,4.06094,297.506
3.29379,4.84586,527.735
3.4094,4.70623,478.481
2.94056,2.04881,42.1067
3.7668,3.85215,251.06
3.67507,4.07307,299.8
5.03065,3.16246,135.447
4.27624,4.58458,438.751
3.80117,3.80284,239.858
4.00132,5.07376,614.311
4.42685,4.76294,496.747
2.87786,4.45298,401.602
4.01277,4.08847,303.754
4.71148,3.30518,156.193
3.21541,3.94874,271.066
3.68877,4.56645,434.164
3.25241,3.7694,233.813
4.7451,4.1716,324.76
3.08261,3.38585,168.106
4.67335,5.09932,626.564
3.81388,3.37504,166.819
3.84465,4.03713,290.507
5.06663,5.60454,861.456
3.66734,4.40498,386.275
3.27903,3.15857,135.258
4.21246,3.38797,169.612
3.65047,3.42978,174.273
4.48073,3.10709,129.954
3.85023,2.93935,109.628
3.82878,5.37969,751.527
4.78151,3.85281,249.501
3.17852,3.57368,196.509
4.52506,5.49802,806.469
3.12748,3.29462,154.551
3.97981,4.05443,292.388
5.51039,4.77895,503.694
4.58858,4.09336,303.339
4.27978,3.10333,126.805
4.59333,3.9945,281.725
4.88812,3.16698,137.212
3.06633,4.09281,303.231
3.6514,2.9949,114.717
2.22814,3.60805,203.683
4.12371,3.44775,177.506
3.85709,4.76975,501.507
4.26757,4.33616,367.072
4.61672,2.46567,65.5646
4.93466,4.74467,492.52
3.69963,3.75797,230.073
4.22423,3.77612,235.944
3.04394,3.96936,274.835
4.00745,5.38927,753.559
3.76233,5.16849,655.797
4.70422,3.26261,149.348
4.02899,4.19831,329.192
4.43028,3.10599,129.1
2.73321,3.92967,266.243
2.94845,3.35825,163.88
4.6638,5.56002,838.119
4.0857,4.66165,464.203
3.03617,3.94172,268.786
3.21233,3.9998,284.303
2.62391,4.49878,411.013
3.2272,3.79144,237.905
4.42395,4.93337,560.172
4.05622,5.50816,810.838
4.59837,2.8808,102.884
4.26611,4.02227,286.465
4.92667,5.23483,684.329
3.99953,4.56511,434.574
3.25775,3.21755,143.505
3.47429,3.00716,116.414
3.88164,2.22093,51.2154
3.1601,3.69927,219.829
4.47276,3.67313,216.086
4.03558,5.29971,713.302
4.24432,4.44616,398.058
5.27115,4.0044,283.931
4.3038,5.49952,807.108
4.26226,2.27958,53.4198
2.10469,5.25642,694.267
5.04663,3.22738,145.598
4.76996,4.62072,451.846
4.61458,2.82017,97.8458
3.50043,4.94214,564.149
3.81157,2.63339,80.6446
5.67769,4.04229,292.039
4.53327,3.23921,146.946
5.03774,3.51745,187.408
4.04566,4.10478,306.402
7.38165,2.89357,106.155
4.0135,3.56475,195.273
4.15734,4.08927,302.924
6.57276,4.28909,354.944
3.25143,3.96109,274.656
3.93394,2.9213,108.023
3.65773,2.88771,103.968
3.26541,4.31948,360.947
4.52127,3.92836,266.755
2.24739,4.55795,429.708
3.48626,5.02379,595.408
3.9643,1.82011,29.8841
2.86308,4.53991,424.119
4.50984,2.202,50.2042
4.44029,3.60574,204.452
4.31017,2.6119,78.5037
3.10341,4.20174,332.404
3.43174,4.21361,334.196
4.7084,6.40037,1359.8
4.01323,6.3067,1291.2
4.41854,5.03901,601.983
1.90254,5.5722,845.254
3.76333,2.61834,78.1669
4.2235,3.08277,126.045
1.51357,0.749068,9.03951
3.46441,5.80928,973.424
3.81035,4.27927,350.298
5.12204,1.70555,27.595
5.20706,4.98154,579.278
4.63184,5.11315,631.665
4.20517,3.7665,234.207
3.02696,4.87045,537.894
3.55635,4.86227,536.223
4.129,4.36501,374.421
5.06556,4.32758,363.511
5.29527,4.82931,522.782
4.45049,2.27213,54.2051
5.24708,2.46588,67.5873
3.22056,5.4747,797.209
3.60572,3.31939,158.107
3.76069,5.44369,781.886
2.55089,5.03009,600.582
3.53354,3.47241,180.476
5.07069,4.08991,303.895
4.13114,3.4644,180.841
3.19729,3.48387,182.073
4.60547,4.30373,357.62
4.11573,4.70063,478.394
3.7532,5.30016,711.601
2.582,4.27673,349.714
5.0302,4.3628,374.489
3.66082,1.60234,21.7759
5.0906,3.98673,278.476
2.16252,4.98201,578.451
3.92905,4.82937,522.506
5.38236,5.35276,737.861
3.122,3.6026,203.247
5.08365,3.99114,281.786
3.10809,4.70257,478.074
3.52073,5.12353,637.272
5.21248,4.12437,312.472
3.87518,3.70093,220.909
4.85523,4.69274,475.932
3.5127,3.9034,260.237
4.25006,4.0815,302.85
3.83703,3.26042,148.177
3.91917,4.96917,575.519
2.75638,5.00525,589.768
4.23049,4.28909,354.136
5.36741,3.65592,212.439
4.17235,2.2645,54.0563
2.95638,3.66564,212.618
4.52118,3.34867,161.627
3.96753,3.64121,210.672
3.76078,4.65458,460.335
4.37401,5.11828,633.649
4.37493,5.2659,697.626
2.12847,3.50754,187.189
5.2806,3.37336,166.198
1.45311,3.58192,197.783
3.69279,4.87636,539.803
1.83642,3.24754,145.966
4.4299,4.07292,297.831
2.84261,4.46463,402.632
2.60617,4.65284,461.058
4.22149,4.96993,574.954
4.54384,4.0091,285.753
3.10952,4.53867,424.548
3.81057,4.24235,340.778
4.79781,3.08169,127.571
2.65704,5.54829,834.611
2.87734,3.02294,118.587
3.57843,2.19905,48.4703
5.29105,4.07331,298.966
4.21025,2.38242,61.5153
4.68071,2.96748,111.714
4.38396,3.62537,206.965
4.7323,4.44278,396.531
3.6369,4.98912,580.505
3.88195,5.24464,687.335
4.76109,3.58211,200.357
2.35296,3.56345,196.359
4.92312,4.19277,330.354
3.41496,3.78905,238.205
4.85569,5.19978,668.433
1.77958,2.39501,59.9721
3.14394,4.4306,393.638
4.61612,5.20719,673.632
3.42747,3.90189,260.791
4.63888,4.20312,331.356
4.10149,2.7798,94.3857
2.25163,3.6918,219.202
4.74157,3.69879,220.221
4.63651,5.1724,656.507
4.57941,3.6062,204.979
5.84927,3.47534,181.152
3.4787,5.34784,734.216
4.03563,4.18157,325.49
2.79232,5.92763,1043.75
5.02135,4.99653,586.863
3.11827,3.22069,143.711
5.11828,5.94112,1053.85
5.65913,3.9474,272.093
4.4218,4.51184,418.097
5.01204,2.69812,86.0102
1.82601,3.55177,193.749
4.3261,3.54393,192.136
5.32373,3.69323,218.465
4.81781,2.4115,62.8622
3.30638,5.01765,592.562
4.85821,3.90977,262.091
4.73865,4.86341,534.613
4.91818,1.87259,34.2302
3.43419,5.30718,716.839
3.01057,5.14774,648.727
3.85314,3.39421,168.738
1.91647,4.64037,458.832
3.74584,2.55977,74.6816
2.527,4.05538,293.947
3.26521,4.08958,302.236
3.6452,4.59702,442.027
3.18706,4.97451,576.554
5.03307,2.76297,92.6657
3.55548,4.94589,566.984
3.73159,3.45122,177.042
3.54404,2.34679,59.2269
4.97887,3.6294,209.793
3.17911,5.58355,852.136
5.4057,3.82407,245.558
2.99392,2.76352,91.9598
4.64813,2.6638,84.4006
4.60045,2.15261,45.5229
3.25119,3.09833,126.105
4.53092,4.09313,305.132
2.51636,3.37093,164.785
2.74589,4.90387,548.718
3.93927,3.21625,144.577
5.33592,3.95513,273.442
3.3898,3.29423,153.591
4.98053,3.39291,168.76
4.63839,4.34036,368.395
3.85611,4.02428,287.089
2.79435,3.57286,197.731
3.39214,6.13375,1173.31
1.77521,4.86808,535.688
3.05733,4.65657,463.158
4.16994,4.34417,368.137
2.99972,4.47985,406.186
2.32475,2.01024,38.3805
4.6323,4.65827,466.018
5.30511,3.94819,270.806
4.73782,4.07047,299.069
4.96902,3.14089,133.977
3.02072,2.86492,102.865
4.85148,3.45683,179.012
2.6949,4.82402,519.3
4.63302,3.64922,209.667
3.29864,2.86226,101.243
3.99402,4.90563,550.293
4.40937,3.10926,130.284
2.35604,4.52641,419.535
3.9942,4.07394,299.542
3.3764,4.69793,477.217
2.96969,4.61463,447.951
2.69532,3.63107,207.153
5.06142,2.91773,109.545
3.68645,4.53893,425.794
4.087,4.25899,346.273
4.58725,5.52658,822.343
2.39375,4.28952,353.511
4.77515,2.87018,102.382
4.0405,4.57663,438.558
5.46867,4.74073,492.303
3.85764,3.64225,212.378
3.64915,2.25052,51.2578
4.53746,4.7564,498.014
3.94707,3.23191,146.089
3.67654,4.35756,370.977
4.2548,3.11751,129.831
5.28848,3.53851,192.49
3.09948,4.33438,366.194
6.47047,3.4514,178.85
5.35588,3.91904,265.79
4.35026,3.76539,233.684
3.89593,3.8475,249.415
2.77201,3.56082,195.087
2.88939,3.25145,146.992
4.04973,3.05138,121.399
4.41492,3.3891,167.96
4.34898,4.39145,381.978
3.14913,4.22021,335.246
4.84049,4.6922,474.604
3.18384,3.70594,221.402
5.38237,3.44682,177.617
3.38939,4.05407,294.758
4.39177,2.75963,90.9282
2.96459,3.05164,124.165
3.22094,4.61297,448.998
4.57745,4.59749,443.165
3.42459,3.5141,186.511
2.29975,3.83329,247.457
3.21782,5.2997,711.092
2.96829,3.55078,192.908
2.74504,4.36455,372.475
4.27593,3.34274,161.46
3.95346,1.80791,29.4482
4.29725,3.18576,139.86
3.83811,3.61946,206.376
5.1408,5.64585,883.331
4.37407,3.35769,163.194
2.90522,5.25683,691.731
4.49819,2.92286,108.629
3.80429,5.8972,1024.12
5.59002,5.99995,1086.56
5.15456,4.35968,375.098
2.77071,4.51969,419.516
5.30667,2.49774,71.3154
3.44421,4.2271,336.975
5.30884,5.46109,789.488
4.79526,3.63114,210.348
4.80018,3.18188,137.227
3.84959,3.8269,245.84
4.95268,4.45132,400.396
3.3491,4.99682,585.619
5.86348,2.73187,87.5171
5.26465,5.61107,864.911
4.88677,5.51572,816.29
1.42234,4.09739,305.151
3.71175,5.10964,630.921
3.33927,3.59028,202.158
2.81081,2.56158,71.2398
4.44689,3.73401,228.913
4.43609,4.16273,321.961
4.91454,4.61238,448.245
3.80897,2.8652,101.864
3.10116,2.8123,98.1567
6.33692,3.75339,232.136
3.5676,3.43791,173.65
5.41207,4.18363,326.019
5.91507,4.0854,304.352
5.22953,5.18055,661.19
4.38259,3.90354,261.498
3.67932,3.53239,191.408
3.90433,2.50893,69.0924
4.58087,4.26055,346.562
3.63882,2.24341,51.7129
3.42657,4.60841,449.014
2.99279,4.31585,360.176
3.23309,3.03202,120.723
6.71994,3.46604,180.752
2.9815,2.60886,78.4095
4.15389,4.47067,404.83
3.64677,2.67908,82.1873
1.4107,5.1687,654.646
5.26519,4.13322,314.472
2.40153,3.12114,131.569
4.63826,4.6049,443.762
3.34854,2.20166,50.3177
5.24228,5.40985,766.294
4.77895,3.95687,274.738
3.43987,3.44733,175.546
3.70497,4.61773,450.042
4.52949,3.634,208.544
5.67703,4.04514,293.387
4.90258,2.95603,112.584
3.36623,3.76402,231.352
3.91453,3.23185,146.353
4.15835,5.11616,631.481
3.47117,4.8049,513.993
4.57507,3.9259,265.75
3.20152,3.24731,146.519
4.88063,4.69978,477.85
4.61398,3.8611,253.766
4.60781,4.54883,428.726
5.25068,3.23249,145.725
0.505573,4.02369,285.777
3.09569,4.28555,352.11
3.65802,3.89994,260.449
3.83522,3.79133,237.269
4.97342,3.54173,193.199
5.29757,3.87552,254.348
4.95817,3.84273,248.836
3.74071,5.76324,947.105
4.85291,5.28959,709.185
3.0707,3.40554,170.757
3.46485,3.6405,210.864
4.63754,3.61724,205.09
3.85499,3.23511,145.098
2.88336,4.12433,312.94
3.10983,4.52516,423.655
4.15378,4.16356,320.051
4.42904,3.56082,196.203
3.98078,2.8807,101.659
5.03798,4.37303,376.757
4.17365,3.19821,141.549
3.36666,4.65765,462.679
6.50974,4.94315,563.98
4.37368,3.18039,137.807
4.34658,3.65804,210.466
3.22589,4.10317,305.377
4.32807,2.76519,90.9623
4.16595,3.81381,244.196
2.65797,4.8524,530.792
3.36316,3.35555,162.777
3.97031,3.09782,127.817
3.59931,4.73559,489.59
4.12747,4.6113,448.38
4.97586,3.69964,221.202
4.76244,4.35932,372.12
4.54625,3.83003,247.335
4.6487,4.95404,569.283
4.21029,4.27412,349.251
2.39478,3.42456,173.687
5.2197,3.92105,266.222
4.59087,3.76981,234.664
2.7972,4.52129,420.767
3.84231,3.87352,254.21
2.7242,5.55246,832.844
4.57868,3.87474,253.606
4.05625,2.53767,73.1872
4.29913,4.18147,325.973
4.015,3.58483,200.054
2.57527,4.42398,393.04
4.19907,4.37637,377.215
4.3911,3.24306,146.666
5.04887,3.68927,219.306
2.89217,4.42917,392.683
4.59865,4.6199,449.443
5.39187,3.23934,146.322
3.12616,3.40311,168.995
4.87858,3.94432,271.469
5.42862,3.75118,229.065
3.32122,3.2868,153.861
5.58707,5.19732,668.637
3.03327,4.12355,309.458
3.79887,2.81819,96.9368
5.37522,3.33453,159.929
5.71639,4.81872,518.41
2.96219,6.2264,1237.85
2.74508,4.32435,363.847
4.66131,2.96332,112.007
3.22586,3.62773,208.529
4.70225,4.17408,325.442
5.37011,5.72098,925.114
3.10193,2.42869,64.0084
1.40941,2.83369,96.7499
4.63563,3.58512,199.901
4.31728,2.74596,88.6366
3.58334,4.76349,498.429
3.70135,2.04533,40.8197
2.31722,3.92327,266.927
3.85696,3.36002,163.902
3.56733,5.89523,1023.6
2.77244,4.39977,383.497
3.24109,3.7488,230.126
5.58207,5.34678,736.374
4.18927,4.24433,341.71
2.89444,2.91332,107.844
3.25843,4.16858,323.854
4.33468,5.35499,737.547
3.17889,2.95272,110.947
4.43688,2.65277,81.48
2.46484,2.76953,93.188
2.86026,3.01188,117.587
3.56858,3.45363,177.847
3.26223,4.06794,298.702
5.04862,2.51473,71.8215
5.10623,4.30602,359.83
4.27367,2.94737,112.226
4.57597,1.49297,20.0057
3.51382,1.16206,12.7521
4.28824,4.45006,397.803
3.75567,4.74673,493.573
4.04741,4.75157,495.672
4.43597,2.84959,99.8346
5.50195,4.54425,427.93
3.89633,3.57708,200.607
5.21854,4.47252,407.837
3.96256,4.28254,350.566
3.8926,3.57531,200.19
5.15374,3.80412,241.256
3.76864,5.6886,905.281
2.27776,4.15362,318.956
3.77975,4.38209,379.841
2.7911,3.8738,256.163
4.06922,5.04022,601.958
3.34671,3.41438,170.646
5.0071,6.60903,1519.87
4.63639,2.59164,76.6886
2.71049,3.63656,207.413
4.68137,4.22958,337.735
3.29509,3.75596,229.225
4.76093,4.06597,298.831
4.38776,5.77843,955.957
3.11657,3.75878,231.291
3.26212,4.29997,355.294
2.96709,2.52989,71.8981
3.62883,3.40001,168.165
6.71065,5.82941,988.739
4.6731,5.65308,888.762
5.06744,5.08509,620.858
3.27322,4.27579,350.577
1.3922,5.06225,611.129
4.7015,3.7545,232.565
3.77713,2.71275,86.999
3.60258,3.26273,149.879
3.39178,2.92523,107.89
3.35622,5.63366,875.223
3.86829,5.5207,818.09
3.71232,4.67301,468.366
2.4294,3.51627,186.428
6.3266,4.41962,390.625
3.67049,4.11167,309.129
4.67026,5.33574,730.056
2.39452,3.14571,133.568
4.35841,1.82318,32.5494
4.37815,3.01068,118.148
2.69409,3.76614,233.638
5.30826,3.95668,273.426
4.53722,4.70886,480.705
4.31603,2.55885,74.8791
4.41804,4.84954,530.172
2.56088,5.00235,588.055
4.71938,3.98707,279.935
3.32653,3.127,131.685
5.01898,4.46352,402.587
4.34893,4.11847,311.036
4.58275,3.37927,166.552
4.2288,3.64971,210.677
2.18151,2.7859,92.8767
3.11277,5.65593,888.549
1.89618,3.45568,177.647
3.43345,3.51887,187.926
3.87467,3.67665,217.012
3.30783,4.77866,504.125
5.00811,4.93946,560.83
3.66061,3.07205,125.656
5.1052,4.99986,586.2
4.30885,4.8575,532.308
3.77503,4.00705,283.38
3.68063,4.78025,504.622
2.97503,5.13102,636.728
4.77037,4.64687,461.273
