3
1.68797,5.6831,173.063
3.93591,3.761,55.7252
2.43098,5.94878,197.739
3.9295,1.47589,10.7349
3.29565,1.73938,11.5146
3.63587,3.45762,47.2092
5.68719,5.181,136.997
5.64952,3.12813,37.1704
4.37496,3.74058,55.2898
2.99627,3.61189,50.9748
4.42739,2.83384,28.0984
5.23598,4.73862,107.067
3.00417,4.5993,97.92
5.71661,3.25618,42.155
3.52023,3.68177,54.0213
5.70638,4.6324,101.434
3.1805,5.02978,123.558
2.85107,3.47447,46.5778
4.25431,4.99749,122.834
2.33939,6.56454,263.202
5.6624,2.43271,23.1649
3.74384,4.53464,93.9968
4.92083,2.76075,27.1262
3.83505,2.88926,28.0681
3.11516,3.23769,38.927
3.85227,3.63735,51.8987
5.54799,3.97601,68.1649
4.39243,2.91513,31.3461
3.10119,3.76266,55.6015
3.75348,5.15068,132.288
5.10873,2.87209,29.8359
4.35518,4.24062,78.2997
3.13178,2.93893,29.358
5.11782,6.18436,223.631
3.61808,5.05328,125.622
3.98332,3.82282,57.6373
3.56341,5.04513,124.343
2.36065,5.04796,123.969
2.90307,4.42412,86.5551
4.48815,3.03582,31.7943
3.64563,3.26136,41.2604
2.45401,4.9234,116.813
2.51215,5.34949,147.152
4.12867,5.55262,164.18
4.09266,3.31621,41.5118
3.51072,4.64125,99.7389
3.5128,2.79627,26.0963
3.46391,5.03424,124.661
4.7921,2.7739,28.2397
5.47279,1.91134,15.479
6.37839,3.1591,38.8355
4.89099,3.14494,37.7086
3.76243,4.87457,111.618
3.76425,3.57056,49.2111
2.87679,4.85418,112.07
3.27678,2.79172,23.5425
3.2006,3.00719,30.9072
5.19188,2.22728,19.0939
5.51386,4.47598,91.3345
5.7306,4.87566,113.324
2.96289,4.22084,77.5195
3.36915,4.92383,115.865
3.57528,4.29988,78.4407
3.48097,3.78044,54.4559
4.7194,3.12591,34.9363
4.32494,4.47082,89.583
3.55012,4.56552,95.1188
3.39604,2.869,27.4709
4.77758,3.82986,59.1336
5.98882,5.14399,133.507
2.89364,5.16864,133.633
3.69909,3.6747,51.6787
2.73068,4.41091,86.3123
4.8357,2.83928,30.7679
4.33895,4.61789,98.9274
4.59153,3.58195,49.5092
5.4313,5.61369,172.608
5.12982,2.65776,23.998
5.12399,3.16737,37.2317
4.32579,5.06556,127
4.21262,3.12042,36.2956
4.58551,4.78706,108.322
4.14883,3.56862,48.2674
5.41106,2.89222,29.4307
3.88852,4.03419,67.7554
2.95874,4.89184,113.5
5.48566,4.32623,81.6612
3.87016,3.81496,58.4956
5.1432,4.64158,100.154
4.29057,5.47983,158.953
3.69723,2.99472,31.8884
3.56444,4.42499,87.9617
3.02033,3.79773,55.4112
4.04823,4.42539,86.5144
4.2281,4.87926,115.125
3.99849,4.46917,89.2377
3.42762,2.59553,21.8327
4.68832,5.08994,128.236
4.32352,3.19013,38.9208
3.63024,4.26227,78.0805
4.31939,5.281,141.879
3.81064,3.08319,34.1367
5.66317,4.77051,108.611
3.66672,4.08617,70.1449
3.37542,4.31109,78.6661
5.12506,3.02288,33.262
3.73587,3.2243,39.4861
4.7404,3.48413,46.798
2.53604,4.76285,106.252
4.36754,4.55903,95.6078
2.99131,2.88262,29.5431
5.70068,5.60939,170.523
3.87762,3.55433,48.4813
4.37596,2.106,15.1435
3.42744,4.95255,118.097
2.54862,5.37973,150.187
2.99685,3.55222,48.3981
3.938,5.10474,129.346
3.61118,3.96877,63.9111
3.6398,3.667,51.6219
3.47064,3.81091,58.6966
5.18174,3.85693,60.6866
2.61381,3.77733,55.4033
5.77385,1.89477,13.6359
3.42233,3.77327,57.682
5.88184,3.16296,38.1834
6.20278,5.50926,162.689
3.94446,3.70402,54.1936
5.55046,4.49852,92.2905
3.93904,2.81024,28.3541
2.33513,2.9236,29.6686
2.94852,5.77455,182.903
5.27311,1.50811,9.69715
4.23031,4.53045,93.8156
2.73907,4.42855,84.2607
5.26801,3.79921,58.4923
3.25093,3.73691,56.7101
3.51281,4.27557,79.5753
4.41462,4.84609,111.914
3.99475,5.643,171.721
3.71747,2.61998,23.2909
4.70097,2.96878,32.4041
4.85965,4.05062,68.0209
1.78041,5.95781,199.306
5.09245,3.95557,65.2607
2.76208,5.3844,151.55
4.10024,4.99166,121.13
4.96155,4.88518,113.903
5.25318,2.67951,26.4786
4.18467,4.7037,103.725
4.70511,4.10093,71.199
4.3193,2.14548,14.7401
4.07304,5.75412,183.13
4.73634,4.13284,74.7007
2.65008,4.98374,118.824
5.04797,2.59156,25.4
4.46236,3.09493,36.7665
5.13399,3.45614,47.5662
4.17633,4.15305,73.9331
3.43041,5.57227,165.882
5.18679,3.66719,53.3126
3.9677,3.54474,49.3689
3.4675,3.245,39.4757
5.41787,4.47343,90.107
3.25179,4.18457,73.7107
5.34614,3.16251,37.0559
3.09942,4.01883,67.1415
4.48409,5.4491,155.173
3.09216,2.78486,26.4957
5.51409,4.38029,86.3712
3.10431,3.41832,44.4632
4.12179,2.80503,27.0657
3.39362,4.39588,86.69
3.0149,5.62098,169.498
4.09919,4.65116,99.6808
3.32875,2.97161,30.7466
5.15463,4.4364,87.0398
3.68472,3.43239,46.0435
4.65323,4.7483,106.464
2.46196,2.36293,18.089
4.51271,4.59178,98.0243
2.59499,5.12297,128.954
2.52757,3.29231,39.0621
3.97122,5.88636,194.531
2.99779,5.80463,184.943
3.13742,3.44238,44.814
4.58826,4.16684,74.5165
3.4361,6.67584,278.358
3.60009,3.90039,61.0151
3.14466,3.73111,53.0521
3.1866,5.15473,131.492
2.76018,4.04094,68.1275
3.80403,5.16646,135.846
3.75931,5.11097,129.242
4.01787,4.63435,100.517
4.58736,3.39816,45.0053
2.77325,3.85151,59.0379
3.54829,3.39224,44.5233
4.96273,5.39797,151.358
2.7945,5.12596,129.819
5.10708,3.5877,49.9052
3.08174,5.09492,127.915
3.9791,3.34569,40.8696
3.14482,5.66337,172.858
3.37719,4.95388,116.574
4.38714,3.83164,60.3893
2.06426,5.61911,168.006
4.44427,4.57904,95.8223
3.98492,3.85142,59.2348
4.50011,5.19426,137.829
4.8852,5.31045,144.735
3.7724,4.66309,98.7357
4.86126,2.01799,13.4192
4.41941,4.07974,70.8148
3.6535,4.40626,85.5408
4.67981,4.34668,83.4083
3.89173,5.0836,128.326
4.92768,3.83144,58.8599
2.45951,5.50857,159.586
4.03286,5.31048,143.253
4.11673,4.00792,67.6143
3.49948,4.09178,70.8124
4.86562,3.37427,44.9342
2.1671,4.60759,97.2756
2.27993,3.87851,60.1049
6.04241,5.20407,138.58
4.75383,4.46116,90.7015
3.21561,4.81674,110.215
4.00431,2.7445,27.8332
6.83424,3.37256,45.7753
3.90998,2.75009,24.5516
1.46726,3.46364,43.5755
3.55005,4.39737,85.1228
3.14828,2.86754,28.782
4.66689,4.0137,67.5572
5.82982,5.4185,154.772
2.23605,4.82623,110.558
4.01945,4.90512,115.565
3.4205,2.63432,24.5019
3.13195,4.78208,107.359
3.66063,2.45021,19.5607
3.27718,5.24983,139.558
4.26058,3.56214,50.356
2.89046,4.72735,103.963
4.70029,3.45664,45.0791
3.42633,3.98366,66.4315
3.38716,4.57542,95.6251
2.44209,3.3393,40.7238
2.59914,4.92512,116.032
5.39375,3.42332,44.7657
3.54424,3.77984,56.3663
4.67319,4.57842,94.8396
2.9623,5.45482,156.705
4.14809,3.67244,52.2616
6.60915,4.32802,84.4315
3.25562,2.56586,21.4553
3.78819,4.53843,93.136
5.78689,3.92029,65.1451
5.32889,2.50088,21.6753
3.54401,5.64425,171.247
4.4459,4.11904,69.254
4.75047,3.20883,38.8048
4.01986,3.2707,39.9736
5.65262,3.54107,50.9512
3.34389,5.04517,124.556
5.17902,3.14236,38.6377
4.23088,5.55537,163.389
3.98087,3.28096,39.0541
1.32684,2.782,25.5556
3.32754,4.38508,84.2729
4.57956,3.71826,55.5546
2.8824,3.46756,46.5458
3.38181,4.47093,90.0842
3.26545,3.77995,56.3939
3.13024,4.76439,107.235
2.9921,2.5068,21.1039
2.4866,4.10604,70.6535
3.97964,2.70328,23.4593
2.85512,3.78008,54.9852
3.36307,2.87805,28.349
3.71539,2.99107,32.8029
2.64543,2.60918,23.9994
6.20809,3.48429,47.7702
3.81807,4.88414,114.242
4.18578,3.19108,38.5477
2.55592,3.5708,50.4555
2.22702,3.47976,45.6395
4.57843,4.24312,77.9553
3.53201,3.7861,57.1632
2.67967,3.81175,56.3825
6.08378,3.37235,42.3633
4.48952,2.9955,31.1585
3.53311,4.00605,66.0486
4.46752,2.70473,27.451
3.64089,4.40482,85.388
3.26302,4.35713,82.9081
2.59307,1.38683,9.00798
3.13319,3.11775,33.5365
4.197,4.33853,82.413
3.6577,4.24306,77.5787
2.61207,2.47802,21.0803
4.58335,4.85668,113.521
5.24007,4.90232,117.241
5.31064,5.4466,155.95
3.91209,2.61636,23.7785
4.77142,4.32961,82.6027
3.84445,5.44785,154.616
4.32227,3.4146,43.3733
4.69982,3.5176,48.7468
4.13587,5.26327,140.753
3.49387,6.46863,255.718
4.71309,2.01122,14.2451
3.62868,1.26274,7.85402
2.80984,3.99501,66.7844
5.46745,4.4519,91.4585
3.71207,4.38274,85.5054
3.23942,4.62757,97.2073
2.66328,4.60936,96.7939
4.73691,2.26626,18.3483
2.9719,4.45159,86.3341
2.12955,5.34569,144.931
4.5198,4.33336,83.9383
3.56458,3.17637,36.7744
4.5604,3.80054,59.5245
4.43171,3.13846,35.2332
6.86736,6.06268,213.005
3.68812,3.89271,60.7858
4.19908,5.89358,195.081
6.32439,3.48739,50.0646
4.95103,3.4485,46.9035
3.22628,3.30849,40.3061
4.25081,2.66375,23.9501
3.38339,4.79383,109.113
3.73673,5.60061,168.173
3.13387,3.99666,65.5703
3.3443,4.45668,87.8342
2.63011,4.01301,66.2525
3.12352,3.59439,48.8572
6.11777,3.87381,63.5004
4.14314,3.55138,49.7823
2.81953,2.71878,24.9493
4.57752,4.15291,73.3071
3.89621,2.62791,24.8618
5.01132,4.39443,86.3281
3.47958,1.90268,13.5777
4.61001,3.0951,35.0396
6.13403,4.68871,104.345
4.34478,3.71978,54.1048
5.68797,4.95455,119.907
5.26859,4.21133,76.6913
3.54907,6.45307,252.572
2.97512,4.63836,97.6302
3.18675,5.82281,187.985
3.27919,5.88859,192.939
2.36599,4.76077,105.412
2.57929,2.7535,26.4509
2.64711,5.58609,166.665
4.19311,2.10201,15.6989
4.99426,3.96236,65.335
4.70982,3.28267,41.2855
4.11844,3.86159,60.0519
4.34792,3.68912,53.3254
3.6777,4.22763,76.3419
6.16797,4.45583,90.3342
3.31223,3.37182,42.2913
3.33863,4.90914,116.444
4.43392,3.78054,58.5389
3.5428,5.34992,147.683
3.7839,4.14716,73.2376
2.3047,4.56881,94.1237
3.02884,4.52154,92.5351
5.02218,4.74102,105.443
2.90914,3.09866,35.4254
2.97887,4.3186,80.3365
3.63862,4.64432,99.1053
4.74598,4.45753,89.9405
3.60687,3.63465,51.7296
3.43506,4.79307,107.026
4.33334,3.35614,42.175
2.93149,2.72707,26.1906
1.60201,4.83696,110.812
4.63961,3.63324,52.5999
3.57872,1.77579,11.4832
5.82324,3.32946,43.0866
4.19014,2.35351,19.5899
3.82762,5.38611,148.94
3.44152,3.92907,63.5448
3.93446,4.96866,120.992
4.80425,3.29568,42.1658
4.24807,3.56838,50.3539
4.21935,4.66665,100.527
5.01385,4.97673,122.601
3.63593,4.04854,68.027
3.39307,4.41682,86.2887
3.88849,2.97007,31.4238
5.00284,2.61566,24.4014
5.46154,3.06454,35.2822
4.27298,5.46569,159.209
3.88839,1.55801,9.23436
3.45281,4.56116,95.5614
4.20755,2.97028,29.4149
5.0887,3.68169,55.2494
5.2898,3.1001,36.5341
3.30796,4.37009,85.4448
4.0487,5.81311,185.48
3.53104,3.32249,39.3724
3.00484,3.09672,35.4147
3.95117,4.96138,119.717
4.18125,3.12516,35.929
3.06908,3.43092,44.3446
4.44771,3.87189,59.772
5.0815,3.44765,45.5236
4.44752,1.10687,9.40071
5.65049,1.94909,13.5129
4.29501,4.5458,94.4341
4.05665,5.28937,141.289
3.30702,6.02539,207.007
3.46408,3.134,35.8863
3.26051,3.85518,59.3431
5.49103,6.38174,244.292
4.10308,5.15527,133.025
3.00809,5.40685,151.812
2.7528,3.61829,49.7443
3.68429,3.64463,51.4579
5.89549,4.04921,69.7206
2.93382,4.72405,103.47
3.72373,3.41063,43.7822
4.39346,6.15257,219.383
3.46399,2.74411,25.7617
4.18114,5.56064,164.628
3.70702,4.99134,121.217
4.08657,3.14337,34.5491
6.15319,5.35277,150.514
4.34645,3.2907,39.8523
5.18339,3.43872,45.2839
4.31836,4.46545,87.7347
3.52781,4.12426,71.7752
3.34779,2.40757,19.4984
3.95464,4.10396,70.8455
5.69836,3.06403,34.4596
3.96788,3.8264,60.8218
2.95883,4.09875,68.2786
3.72909,4.74783,104.993
3.2784,2.41443,18.4547
2.92287,4.50884,92.4416
5.10717,4.69878,103.447
3.9277,5.13122,130.152
2.89989,5.86064,190.383
5.14929,4.85612,113.938
2.59864,5.15975,131.639
4.5277,4.5108,92.1607
2.76459,2.46331,21.2586
4.31437,2.44417,19.548
4.97561,4.15479,73.2106
4.36445,4.55878,94.7912
4.41399,3.79792,59.2695
4.90449,4.57554,95.6015
3.23565,4.37176,82.2427
3.19268,2.35834,16.9855
3.5161,5.81363,186.649
4.01377,4.62624,98.366
3.04622,1.16287,6.85004
4.14359,5.3501,147.076
3.96095,4.4736,90.5911
4.998,4.75964,108.555
4.19418,3.18928,36.7399
4.69157,5.19898,136.782
3.37123,2.95528,32.3137
4.32985,6.25974,232.118
3.09511,4.49408,91.4237
6.43961,5.11615,132.512
5.15739,5.49303,159.663
6.01578,3.16047,38.4398
3.93555,4.84393,112.029
4.18467,3.91425,62.3666
4.44961,5.58977,168.637
2.78487,3.99766,64.6243
5.6762,4.93725,119.297
3.87072,3.70545,54.4766
3.37028,5.27778,140.832
5.12896,5.88766,196.636
5.12103,5.0883,129.913
4.88677,4.16641,75.2671
3.09035,4.46866,88.6746
4.86245,1.83312,14.6512
2.49265,2.97615,30.3185
3.35858,3.08071,33.5308
1.72021,4.87506,115.08
4.15367,3.55583,49.6136
3.66778,4.6247,95.662
4.96957,3.82959,60.4586
4.78367,4.81792,111.141
3.95941,5.88852,191.352
4.23352,4.28231,80.9503
4.60065,4.84579,112.009
3.50171,3.90288,61.2845
3.91197,1.90319,13.7899
1.89923,2.30133,16.9855
2.19499,2.94794,30.2015
4.26559,4.01976,68.3022
4.13612,2.65622,24.8444
6.96487,2.96027,34.0831
4.08573,4.248,77.3233
3.60597,3.96579,64.9033
3.40879,4.12276,71.5485
4.74052,4.46753,88.9631
3.10604,4.28544,78.6726
3.77495,5.91071,196.113
5.29624,3.68504,55.6442
3.21823,5.67777,174.2
4.49339,5.56526,165.318
3.25226,3.75364,54.2395
5.34742,2.83546,28.3852
6.76517,4.91783,120.101
5.8858,5.45412,158.87
5.60232,3.5497,51.7749
2.62276,2.49758,19.8619
3.67466,2.81085,27.0618
4.06387,4.3041,81.8977
2.76906,4.21551,76.9229
3.85352,2.47392,21.3953
3.25097,3.56086,49.8589
3.03966,5.65914,173.098
6.02261,3.7347,56.9223
4.11868,2.90273,31.3322
2.9796,4.41297,86.7372
4.60085,4.8093,110.631
5.79507,2.97476,33.1529
5.99825,2.24826,20.1615
2.84007,7.16998,341.315
4.40452,3.92952,65.6544
3.11986,4.757,105.823
3.1858,3.63286,52.3135
5.42336,5.71906,178.056
5.41733,5.30376,144.882
2.96083,2.89992,29.6078
3.15205,5.29471,140.421
3.46699,3.90734,60.7508
0.256274,4.65773,98.107
5.09332,3.32818,41.4987
4.9082,5.77513,182.43
5.12983,2.66422,25.1872
2.61523,3.08052,34.3407
2.96522,5.5389,162.145
1.84841,4.68627,101.752
4.11134,5.05767,125.334
3.32085,4.62494,98.588
3.57339,3.47989,44.8828
5.57594,3.36619,44.6867
4.22732,3.84504,59.8581
3.30691,3.93489,63.5936
4.19641,3.86524,59.5998
2.91523,3.19725,37.1859
4.04272,3.01702,33.5381
3.13635,4.41452,86.8603
3.2596,4.74348,104.663
4.27117,5.29847,144.599
6.28389,4.51486,95.6192
2.801,3.82922,59.5463
2.93213,3.07935,33.6011
4.76662,5.76757,183.588
3.08616,3.93392,61.5162
3.21832,3.86315,60.2709
3.14751,3.78032,57.4591
4.62637,2.89911,31.2459
4.98746,3.6324,51.4723
3.42007,2.8797,28.0531
4.10104,3.92,62.6285
5.67834,5.99348,206.306
4.12363,3.15834,35.4015
3.25648,3.81367,56.8201
5.18136,3.99775,68.9051
3.51181,4.55014,93.0564
4.8612,3.09522,34.9904
3.96499,3.8537,60.1378
3.32223,3.82547,58.4836
3.87996,1.95285,11.1015
4.01536,3.97188,64.0016
6.60096,3.01113,33.4123
3.95623,4.46042,90.208
4.16455,4.8439,111.552
3.14411,6.34406,237.084
4.39473,3.81876,56.9185
4.58835,2.43339,21.3051
3.6737,3.53821,47.9057
4.89105,3.9097,63.2624
4.13767,3.39625,44.6271
4.46471,1.92066,14.2878
2.69306,5.51788,159.661
2.46211,4.77621,106.663
4.95401,4.26591,81.2722
3.92026,4.58274,95.5947
3.50858,3.16526,36.9619
3.69945,4.43027,85.6431
5.06623,4.35005,82.6379
5.29556,6.13139,219.108
3.6453,4.37917,83.1157
4.87002,1.90368,14.0791
4.16278,3.77694,57.593
4.74112,6.12021,217.783
2.32729,3.07858,34.5541
4.95524,4.62828,100.841
3.20206,4.72784,104.949
4.51758,3.07792,34.5339
5.12332,3.41321,48.1463
3.18806,6.06065,210.031
2.21072,2.34928,17.1404
2.74452,3.08421,33.2277
6.23476,3.54836,51.769
4.52265,3.96341,66.4221
3.78394,3.65077,50.6908
3.63709,3.00451,32.7716
4.73784,3.35411,42.8666
3.51225,6.57639,267.275
1.922,4.16659,74.3195
6.27008,3.84089,62.0131
2.84588,3.57794,49.6545
5.87039,4.90012,117.113
4.94019,4.61422,98.0586
2.52926,4.17695,72.8452
5.11551,5.72218,179.988
4.0594,4.07139,67.857
4.16405,4.72229,104.405
4.82208,4.83939,113.357
3.54868,4.55358,94.7538
4.37733,3.13806,36.5119
6.12115,5.79368,188.796
5.40354,4.1597,74.4511
2.16731,3.95355,63.9181
3.62102,4.0079,65.7966
4.7578,4.0596,70.9962
4.33962,4.1362,72.7837
4.70055,6.03522,208.341
4.74143,4.37656,85.0367
2.36444,5.4168,150.827
4.4118,4.00343,68.3998
3.27078,5.77057,180.428
4.84145,4.04929,69.8233
3.12308,4.11048,70.915
4.46375,6.01703,204.702
4.38946,1.81117,11.8683
4.06132,4.51904,91.7291
4.52077,5.23281,137.302
2.55167,3.97471,63.8325
5.98367,3.61626,53.027
4.18947,3.41191,42.3491
2.91763,4.60534,96.0706
2.99103,3.50971,46.1649
4.05615,4.4318,87.6646
3.39237,4.19221,73.6305
3.29585,5.03469,123.746
4.90623,3.32773,43.3898
2.69923,3.41361,42.8853
3.26814,3.11518,34.3399
2.98663,3.82104,59.8844
3.22349,3.48538,47.973
4.18695,2.87237,29.5333
4.80386,3.68204,53.1397
2.40859,3.33822,40.7469
3.58127,4.77299,105.442
3.85643,3.86294,61.0929
2.85616,5.58291,164.197
4.83507,3.85865,61.0901
4.69175,4.55025,93.9429
4.92272,5.02947,126.037
3.45957,5.24191,139.224
1.91731,4.05717,67.3539
5.34172,4.04702,68.8527
3.49531,5.63862,170.251
4.3866,3.40282,43.9029
4.64068,4.31988,82.5277
3.51308,3.06597,32.5755
3.3122,2.97623,30.2854
4.12457,4.32044,80.7641
5.53282,4.64568,100.651
4.57061,3.95791,65.0255
4.45722,4.8385,111.061
4.58906,3.80562,58.0509
4.33549,4.65515,99.0077
4.63045,3.47186,48.3468
5.2334,4.72956,105.842
5.13125,4.2666,80.7974
3.60856,5.00487,121.069
3.88582,4.01375,67.432
4.68874,4.0295,69.4033
4.45489,3.60243,51.901
4.7588,3.79829,59.2471
3.92991,3.63686,51.6087
3.93761,3.43422,44.2447
4.8018,4.0818,70.3588
2.35498,5.14591,132.502
3.55963,4.40762,84.266
4.45878,2.65519,24.8438
3.67302,4.52693,93.3478
3.22561,5.81637,185.674
2.16518,4.72146,105
3.48037,6.16588,220.737
2.42343,3.46139,44.7696
3.32118,3.29946,40.4028
4.65031,4.47045,91.8907
4.29298,3.44414,43.5
5.69204,4.87455,114.077
3.77789,6.72262,283.276
2.30764,3.04816,32.2021
5.82893,4.1969,76.6043
2.95409,4.88977,111.764
5.01968,4.8977,115.239
5.61411,4.5089,93.2786
3.48067,5.25261,139.603
3.61934,4.89075,115.538
3.26592,4.89424,116.081
3.57008,4.32511,80.4573
4.92227,5.61806,170.268
3.05895,4.96619,118.448
4.1457,4.64166,97.792
4.54216,2.54502,22.681
3.10101,4.69324,102.275
3.82174,4.46156,89.8992
5.73156,4.33954,84.6359
3.29443,4.60933,97.6284
1.98938,5.34526,145.935
4.66342,5.3126,144.027
6.13436,3.32149,43.3065
4.74211,3.15494,37.2728
2.71752,5.13499,129.9
3.97446,3.65093,51.9145
3.47559,5.17685,134.753
3.86174,5.44274,153.805
6.14024,1.55321,12.2946
4.4309,3.46178,46.7347
4.00139,3.87672,62.111
4.27803,5.08997,128.196
5.01002,3.04908,34.4845
5.41604,4.05749,70.4392
4.4683,4.00786,66.4138
3.43979,2.76119,25.3494
3.54601,4.76877,105.102
5.04725,5.16826,133.852
4.49204,2.87638,30.7451
3.18072,3.81523,58.9145
3.76211,3.68932,52.2054
2.49979,2.42744,19.5799
3.84319,2.52345,21.1215
4.01401,5.04176,124.082
3.06804,4.08365,70.1682
1.76409,3.46657,43.1155
3.90536,4.98063,121.548
2.9904,4.91472,114.284
2.80649,4.19986,73.9286
5.0787,3.47232,47.5365
2.91994,5.57463,165.343
3.76101,3.70973,52.1558
3.77633,3.12166,35.0379
2.76801,3.66436,50.6274
4.60732,4.33568,84.6135
4.76082,4.36866,84.2517
4.17958,4.71265,102.644
3.6512,2.85463,29.3359
3.9239,5.60835,169.039
5.72571,4.16135,74.6337
5.49737,2.80164,28.2209
4.279,4.02556,67.8553
4.13874,4.22254,76.4929
3.65154,2.97494,32.0646
3.67445,4.13914,71.014
4.19069,2.55586,21.7866
2.67496,3.92963,62.2751
2.91615,5.80536,185.772
3.57075,3.03702,34.1773
6.68801,4.69355,106.785
3.93438,4.20208,76.7605
5.30846,4.62901,99.5146
4.87838,3.8425,58.8744
3.59639,2.76575,28.8253
2.58695,2.85963,27.47
4.70052,4.36367,82.6614
5.36898,4.67789,102.287
3.72754,6.13311,218.781
2.18857,3.89724,59.6324
2.98514,4.48046,91.0022
3.6454,4.38273,85.3041
3.85169,1.58572,8.88891
2.18946,4.68013,99.723
4.80031,3.63567,50.7329
3.15196,3.40772,42.5341
3.47921,3.66725,52.4081
6.15958,2.55032,22.2651
6.13824,4.48632,92.9129
4.86499,3.37615,44.861
2.78333,4.16689,72.6499
4.01553,5.0373,124.52
4.62606,4.29527,80.0386
4.9783,4.75374,105.388
2.45713,4.10255,70.8427
4.17722,6.50483,258.424
4.83663,3.23562,40.4716
4.06735,3.05636,35.0286
2.32287,3.96857,65.4723
4.43984,2.93581,31.4114
3.14277,4.20973,74.13
4.13053,4.48749,91.5004
4.55485,1.17869,7.96163
4.31582,4.08305,69.8514
3.96714,4.28226,78.6711
3.39811,3.02238,30.724
3.73793,3.70396,53.2737
3.88584,2.04458,14.9209
5.1591,4.53134,93.6286
2.57163,3.59816,48.9522
1.60439,3.25484,40.1882
3.83366,4.52188,93.4037
2.62366,3.54558,49.4426
3.40069,3.78915,57.2076
4.05956,2.46531,20.1212
4.92161,4.71785,102.317
2.7896,4.49286,89.9896
2.75661,4.47985,89.3053
4.31361,4.06908,68.4956
3.34383,3.16478,36.3938
6.6381,3.57859,51.6728
3.68512,6.76571,287.168
5.22972,1.78879,13.2241
2.91025,4.18723,73.9973
3.11406,4.61421,96.4358
4.32184,4.05749,67.7434
2.30776,5.44231,154.93
5.50872,2.84074,30.1487
4.58509,3.19188,38.8081
4.21595,4.63994,99.7574
4.18596,3.06162,34.6925
3.43614,3.96187,64.983
1.84801,4.34394,80.6854
4.0669,5.80637,186.68
3.92826,3.70533,51.5781
3.96093,3.71,55.9626
5.30245,3.91725,63.8874
5.50767,3.79556,60.2694
2.25912,4.27235,78.8459
4.60455,3.44342,46.207
4.11751,4.35398,82.114
3.66192,4.21781,75.4253
2.21217,4.36823,82.973
4.6512,4.26052,80.1843
4.70058,4.61613,98.5954
4.90301,4.79278,109.065
2.73842,3.87565,60.5939
2.40088,5.06684,124.029
4.37805,2.44799,18.8073
5.55152,4.39115,88.2279
2.83001,3.01282,30.6569
4.59682,2.80645,26.921
3.99704,3.48413,47.2419
2.80784,3.59049,48.8083
4.29547,5.24012,140.769
3.71939,3.85341,59.8887
5.19098,6.48646,254.957
4.94011,4.06549,69.3965
5.74308,3.92085,63.9944
3.02985,1.64444,10.6023
4.02481,4.90232,113.761
3.45485,0.328283,5.67343
4.39957,2.48202,20.9153
5.08733,4.47418,91.1476
6.18755,3.25346,41.5763
3.57638,4.58065,96.0171
5.74988,5.1455,133.59
5.87249,3.1909,38.7063
3.6994,3.47706,45.3722
4.09413,2.05447,15.0084
5.09157,3.55389,51.2428
4.47036,3.18666,37.5164
3.04211,5.23654,140.302
2.9183,3.62052,49.8509
4.38185,5.03442,126.055
3.73749,5.77413,183.639
4.6765,3.58889,50.6386
4.51116,3.71795,53.8295
4.40801,4.79992,109.53
4.88202,3.50657,47.2204
4.69598,4.44843,88.9503
4.44257,3.34681,41.1751
4.48321,4.189,75.7609
3.17583,3.89723,59.4014
3.00126,5.01961,122.929
3.84019,2.52003,22.5607
3.19581,3.88606,61.1663
2.78491,3.49011,46.038
5.3838,3.93364,65.3667
5.73671,3.04809,34.0844
3.22388,4.14569,71.1574
3.68563,4.72306,104.043
2.87441,3.30084,41.1855
3.69064,2.5058,20.9601
5.79865,3.1461,38.059
5.78307,4.51534,94.6919
4.83995,4.72984,105.758
4.37665,4.06198,69.0551
5.23752,4.28022,82.9551
3.79657,3.05109,33.0326
3.35203,5.89588,194.16
3.23655,3.07838,34.5443
5.12891,4.16288,74.4129
5.06377,5.21112,139.664
3.14955,3.58102,49.0557
4.63182,4.29926,79.4994
4.35747,5.4626,154.676
3.54579,3.39619,42.433
2.82877,6.03024,205.6
2.36854,2.62987,24.0408
3.32755,4.87379,113.553
3.20256,3.09318,33.1287
3.43593,3.70073,52.9206
4.31885,4.68952,100.92
2.50015,5.22903,137.18
4.17736,4.20232,77.4263
3.93945,5.23674,137.863
4.50038,3.1664,37.126
4.19609,5.5932,166.83
5.66559,2.58815,24.8111
5.66379,3.67521,55.8395
3.08564,5.03245,123.791
5.19775,4.70396,104.151
4.64394,2.76137,27.5938
3.98907,5.22992,139.185
3.77977,5.02316,122.465
4.74315,4.14452,71.8187
4.90229,3.85942,62.5068
5.64703,4.67758,105.663
3.09546,2.57452,23.9909
4.56498,3.31574,40.118
4.3721,3.00336,33.4937
5.64765,4.07403,69.3972
4.49339,3.69961,54.6598
4.69019,4.13126,73.3596
3.23205,3.88297,59.6699
3.48939,2.75921,26.215
3.68617,2.83515,27.7728
4.76102,3.61936,52.0173
5.00664,4.95221,119.096
2.91401,4.27223,78.6417
5.13775,3.93572,65.3621
4.28105,3.3482,42.5752
2.83531,2.68678,26.7269
4.97367,1.85739,13.677
4.44867,3.10275,35.3741
3.54253,3.01868,30.4967
4.38867,4.2448,78.4683
4.26227,3.57529,48.6514
3.93917,4.29874,80.3261
5.55813,4.81164,111.042
3.70636,3.70895,52.6627
3.40415,3.78557,57.5227
4.35722,4.51292,91.362
3.35057,3.76309,55.718
6.00293,6.35009,243.938
3.70558,5.3776,149.906
3.99226,2.88192,30.265
4.82421,4.07095,70.5503
4.22316,3.31892,41.21
4.12793,4.11601,68.6518
3.89375,5.46747,155.894
2.12699,4.02957,67.063
3.65668,5.49058,157.676
2.89562,4.61108,96.8915
2.6962,2.68791,22.2739
4.83712,5.26753,143.512
2.7841,2.91493,30.0207
4.4131,4.06941,69.1194
5.2085,4.22617,79.8489
3.62678,2.68364,24.279
5.26125,5.99942,206.23
4.00559,3.8786,61.9403
3.27626,3.26124,38.3209
2.85443,4.21248,76.974
4.57525,4.30474,81.9966
5.24346,3.7379,54.9677
3.03483,3.5539,47.3694
2.80485,3.58785,49.8177
4.66177,3.42986,45.7109
3.97167,4.71686,103.983
3.79197,4.21233,75.5852
4.71742,2.41234,21.5286
3.73924,5.43354,152.799
4.5878,3.5814,48.5942
5.57009,3.09735,38.5196
5.1289,3.96096,64.2975
3.78977,4.2147,76.6898
5.44315,4.93164,118.109
5.24544,3.97446,65.1513
5.08211,5.37447,151.372
3.39775,4.17344,74.1712
3.1227,2.86365,28.7071
4.68237,3.93727,63.9885
3.53939,4.83643,110.787
3.75961,3.45833,44.0229
1.61896,2.60843,22.965
2.92175,2.25475,15.8939
3.1967,2.55813,21.1493
5.68203,3.734,56.689
4.38717,2.41389,21.1051
