3
5.04332,3.31543,163.46
3.33227,3.4888,80.7763
3.77164,4.23253,127.803
5.40763,3.82613,208.913
5.367,4.36535,230.096
2.98677,2.78624,53.312
2.03598,4.07438,69.9948
2.48495,5.09594,138.143
2.65359,4.49627,103.919
4.68663,4.60859,195.648
4.54891,2.96786,124.452
6.74313,3.98996,349.198
4.22017,4.92438,187.741
4.90192,3.42025,156.783
6.08922,2.49313,237.895
5.52743,3.61311,211.969
5.08198,0.622096,140.599
3.74401,5.13467,184.61
4.13414,4.37683,151.208
4.4794,3.71619,140.655
4.85507,4.43606,197.328
4.5976,4.16414,165.146
4.88417,3.16787,149.791
4.09088,4.15045,137.026
5.67156,4.02712,236.613
3.57386,2.22547,65.3081
1.95907,4.38933,84.6776
1.99016,4.88451,115.254
5.39632,4.70014,251.811
3.5931,5.03741,170.483
4.72403,3.50152,147.963
5.29364,3.75059,194.743
3.13868,3.79693,83.9851
3.34056,3.85623,93.8371
5.16225,4.76159,236.217
4.79885,3.96933,168.713
2.05004,5.27259,145.557
6.07782,3.77667,264.162
4.87079,4.39386,194.611
4.12744,3.08072,103.392
4.13898,2.74343,95.9515
4.02252,2.49226,88.1298
4.56307,4.85071,204.206
5.52935,3.99796,225.455
3.92205,4.41665,142.839
2.35685,4.24641,82.156
3.58857,3.99142,108.422
6.24138,2.5115,253.194
2.84109,4.84074,131.197
5.40169,2.82903,179.559
3.19061,4.2819,105.712
2.21457,4.90465,120.043
3.34012,3.28675,75.121
4.52702,4.44358,176.555
4.54626,3.95576,153.893
3.86485,3.40845,99.3203
4.28791,3.89109,135.763
4.2378,4.39048,155.648
4.37795,3.7412,134.753
4.15286,4.74928,173.489
1.78086,3.75315,54.1564
3.11521,3.26986,65.5576
6.41193,3.48158,291.019
3.85564,1.49288,71.709
4.69922,2.95375,133.02
5.1367,3.69917,182.539
3.5048,5.37613,193.461
3.80994,3.45747,98.8457
3.41025,5.29693,182.692
3.95643,3.45702,103.18
3.65078,5.20098,184.026
4.24473,3.12236,110.814
3.59129,4.68545,145.098
4.35048,4.49489,168.416
3.61145,3.79617,100.203
2.82919,2.43753,43.9055
2.96507,4.78009,131.763
4.02262,4.45839,149.209
3.24289,3.98295,96.1377
3.17995,3.92798,89.229
3.44289,2.92799,69.3397
4.32732,5.33826,226.986
3.86065,3.50993,102.653
5.37586,4.76841,253.095
2.39388,4.72294,111.976
3.15715,3.54695,75.893
2.60082,3.20019,52.3874
4.34723,4.89199,194.532
3.22914,3.49295,74.9147
3.57142,5.8018,235.632
2.80993,3.84814,74.4124
3.17764,3.29862,68.8321
4.14572,5.10306,199.418
4.5778,3.58964,140.472
4.2855,2.43408,100.927
2.12607,5.43143,162.265
2.72562,4.03056,82.4964
3.82535,2.31728,75.3993
3.5305,3.49418,87.3182
4.59281,2.95848,124.928
3.74982,3.54995,99.0701
1.38975,2.85229,23.8744
3.41935,4.67024,137.595
2.77077,3.95403,80.0758
4.41693,3.12619,118.551
2.8236,3.53725,65.5127
2.29904,3.51093,54.2032
3.33799,4.23513,111.032
4.57184,2.40591,117.145
4.03634,2.84782,94.2195
2.70758,4.04645,81.7423
3.52206,2.14117,63.5745
4.33439,4.23748,154.435
3.9342,5.69902,241.399
4.08402,5.08237,192.601
3.54436,3.81753,98.8941
3.56068,5.01112,165.843
2.52143,5.05921,136.969
4.80842,4.27757,185.832
4.22154,4.87427,187.072
4.27513,3.18664,114.295
5.50992,2.92194,190.476
3.03478,5.30503,169.576
2.60085,4.36233,93.4513
4.30078,4.78437,184.223
3.54497,5.88819,245.298
2.7388,5.4068,171.355
2.89613,3.88653,80.6926
3.01234,4.60962,119.121
5.00073,5.8701,320.174
4.351,4.03501,146.045
2.89301,1.57232,39.338
3.56511,3.30642,82.0043
3.81339,5.02633,177.458
4.12141,1.84916,87.125
1.91523,5.36048,152.546
3.38654,2.82568,66.6502
3.55987,4.61978,137.183
5.79124,5.27536,327.907
4.89985,5.05901,239.872
4.84946,4.83742,219.911
5.77358,2.92901,214.567
2.91699,4.61584,117.917
5.05875,4.96771,243.169
4.07507,2.55379,92.7618
2.06733,3.69003,53.9383
5.39236,4.2661,223.741
4.49987,4.54726,179.67
4.11693,5.18891,205.985
4.89257,4.04092,178.96
2.58622,4.45013,100.206
4.87904,5.73702,298.449
4.26755,4.10684,145.464
4.427,4.96753,203.685
4.84745,4.23099,184.497
4.3223,4.98785,199.648
3.80882,4.40017,137.46
2.21658,5.34665,153.64
3.19962,5.29758,174.601
4.07191,3.28163,104.631
2.35565,3.44839,51.9905
3.12141,3.76315,82.6624
2.88689,3.05432,54.1339
4.98566,2.54422,145.634
2.57743,3.42431,56.8111
1.98422,4.32412,81.3663
4.69667,4.36696,181.658
5.46757,4.06163,224.228
3.45313,3.68772,91.257
2.68502,3.80383,72.8498
3.76401,4.97554,170.907
3.66051,3.94651,110.755
5.26806,2.59275,167.192
5.21026,4.60632,232.056
2.52875,4.35962,93.2629
4.083,3.48147,110.619
4.80143,4.25216,182.858
4.62746,4.05311,162.858
2.82798,3.29109,59.9269
4.43446,4.99275,204.681
4.10343,5.4015,220.887
5.90491,3.72175,246.535
3.26405,4.05364,99.3563
4.90376,4.24515,190.05
3.68388,4.58836,141.684
2.15406,3.98679,69.6745
3.88196,3.23819,93.9764
1.79985,4.9847,120.006
4.59767,2.92582,125.98
3.7917,2.80319,79.8696
2.44406,4.13229,79.801
3.88456,4.0118,121.679
5.57148,3.63183,212.52
4.01395,4.80274,172.117
3.13051,4.33718,109.022
3.55987,3.07233,76.5872
4.22604,4.27361,150.371
3.62258,4.9061,160.658
4.05743,4.31104,144.309
4.07562,2.34751,89.1169
2.46374,3.78684,66.8275
5.40025,3.79916,206.39
4.93509,3.18663,152.779
4.58787,3.02973,126.908
3.65097,6.18789,286.892
3.50053,4.10101,107.99
5.14655,2.27214,151.781
3.62821,4.4552,131.781
4.89411,3.07729,147.167
3.38139,2.32763,58.1918
3.2977,4.9615,151.457
4.74745,4.85121,214.107
5.34986,5.2396,286.376
5.97465,2.56143,225.782
2.4404,4.317,89.3828
3.102,3.96683,89.6545
4.31769,5.0445,202.924
3.78216,6.9909,409.548
3.68539,2.65107,74.8019
4.03176,3.7221,115.953
1.24807,2.0978,13.6076
3.94907,3.17565,96.3673
5.04296,3.51094,170.079
3.97442,4.63344,156.909
3.39851,2.64099,63.4517
5.6312,5.08747,296.423
4.24121,3.98853,138.179
5.37022,3.63504,199.654
4.69427,4.52074,190.728
3.68536,4.37231,130.284
4.42378,4.0235,149.088
2.83978,3.89102,79.5354
4.77467,3.50838,152.562
3.21659,3.45357,75.9437
3.72359,3.59247,99.4337
2.91974,2.01361,39.8452
3.55161,4.84052,153.177
4.36665,5.12891,212.922
4.94271,4.72793,220.41
3.1904,4.09475,98.1977
2.63405,5.37726,167.748
3.96601,5.26026,201.572
4.91421,6.13246,346.451
3.89377,3.01205,88.9299
5.3597,4.60106,241.578
3.65324,3.0927,82.6766
4.05113,3.58166,113.156
4.64528,4.41856,179.818
4.1597,3.65236,119.342
3.19698,2.25502,50.7336
3.91373,4.9483,174.048
1.31162,4.47836,81.4146
4.34315,4.55875,173.683
4.68905,3.35682,141.879
3.38052,4.95369,152.768
4.55332,2.82738,121.904
4.10398,6.19189,305.312
4.7727,2.6193,129.004
5.77777,3.33089,225.079
3.01572,4.19715,97.8217
4.04907,4.73257,167.64
4.04354,5.25144,204.566
3.06125,3.46608,68.9901
4.37143,3.01306,113.545
5.9611,4.98293,319.12
3.42241,4.57137,131.947
3.23223,5.59058,205.061
3.18507,3.35455,71.3269
4.24122,4.63658,171.466
1.50292,3.79068,51.701
3.22007,4.4062,113.723
3.00509,2.96692,57.0741
3.47038,3.18698,79.0007
4.96549,3.98507,180.115
4.00013,3.47234,105.666
5.66661,3.85804,230.899
3.37437,3.5759,84.2209
3.68921,3.62267,96.7181
3.92207,3.94092,118.872
5.214,3.72642,188.605
3.51589,3.42954,83.8812
4.95913,5.62094,293.872
3.17577,4.11438,97.0568
4.62753,3.72642,148.651
4.33726,2.84092,110.809
3.61874,4.03269,110.366
2.77615,3.35763,59.794
3.37204,4.05867,103.002
2.75777,5.56923,186.322
3.03815,3.23326,65.1562
2.89347,5.18552,156.297
4.04829,2.17417,84.1087
3.76193,4.19441,123.263
2.51436,3.75653,66.6155
3.39226,3.36794,78.674
3.45944,3.12845,74.8007
3.42424,5.38301,189.712
4.10601,3.50144,113.056
3.36354,3.6414,87.6125
4.65016,4.07272,163.397
4.90729,1.99511,131.801
5.494,4.00627,223.354
2.94282,3.45497,65.7331
3.55426,4.41366,125.223
4.49028,4.90136,202.279
4.19795,3.25493,111.739
3.08952,2.9355,57.7646
5.01542,3.45502,167.081
3.8413,2.77906,84.6512
4.46827,3.92248,147.3
2.56137,4.45023,100.92
4.23513,3.10817,107.138
5.48902,3.20954,196.062
4.82229,3.95282,169.921
4.24903,4.1118,143.694
4.91685,4.34743,193.029
3.44947,4.36569,119.67
3.47057,4.04484,106.487
4.45053,4.87965,197.708
4.37456,2.89898,111.643
4.54185,4.52331,180.433
5.0986,3.48148,171.294
3.42399,3.55587,85.4515
3.99412,3.62528,110.263
2.54032,5.08507,140.692
3.72988,3.69163,101.002
7.28987,5.85852,553.113
4.4055,2.25333,104.346
4.03703,2.6655,90.1545
3.94139,5.89595,263.362
4.68031,3.57362,146.277
5.52898,3.0857,196.535
4.82434,5.88526,309.666
3.88807,3.71123,108.636
3.56286,3.39221,85.6186
3.49735,4.52901,131.806
4.25932,4.1342,144.979
3.63881,2.67864,75.0621
3.58509,4.68967,144.28
4.24059,3.20221,111.886
3.71948,5.46091,208.79
1.24604,2.61913,20.2171
4.553,4.7881,197.715
4.32843,5.44257,235.298
3.39451,4.57454,128.937
4.76683,2.61341,130.472
3.48927,3.34709,81.9645
2.49334,2.20674,32.6853
4.47133,2.82249,114.102
2.28467,4.62633,103.483
5.22386,2.86364,167.308
3.40481,3.46582,81.8893
4.88457,3.88847,171.801
3.78419,5.35956,202.356
3.76666,4.01929,115.828
3.89338,2.46022,82.568
2.83363,5.36622,170.534
4.39565,4.07943,149.153
3.4324,3.37155,82.3922
6.31984,2.991,268.778
4.4897,4.8183,197.402
4.66414,3.83369,155.949
5.15671,5.58038,302.835
6.03346,4.6362,305.847
2.29021,4.02288,72.1899
6.41895,4.33789,325.998
3.12227,4.14048,98.9353
3.31666,3.99167,98.1898
3.61357,3.1215,80.8881
4.49157,6.23454,331.962
4.44555,3.10588,119.851
4.1931,3.91777,133.338
3.82283,3.745,106.548
2.01691,4.26163,76.396
4.47125,3.77325,142.37
4.36809,4.62683,175.623
4.82646,4.12279,176.627
3.96669,3.66513,111.65
1.58551,3.5259,42.5431
2.69019,4.73374,120.06
4.48753,3.84583,145.422
3.89595,4.91629,171.08
3.59829,4.74017,147.167
5.39873,1.40243,165.652
4.62243,4.4856,183.871
6.68582,5.01028,398.656
2.72315,3.24107,56.3931
2.82133,3.735,72.0163
5.15815,3.46643,176.764
4.94165,2.76195,145.461
4.83614,4.45542,195.348
3.98778,6.16424,297.256
4.66578,4.20498,173.044
3.59882,5.90808,249.77
3.21536,3.94757,92.1676
3.89225,2.70353,84.6679
4.18164,4.29452,150.242
4.92618,4.48358,203.676
5.31884,4.22169,220.323
4.03539,3.64137,114.808
4.02748,3.7626,119.056
3.19083,5.85438,230.116
5.21011,3.40768,178.55
4.4977,5.69688,270.592
3.91578,4.87712,170.455
3.94194,3.7936,113.657
5.07595,4.00139,190.371
5.00339,2.89737,152.431
4.61814,2.43408,119.677
4.59183,4.44675,179.852
5.24546,2.83886,169.358
3.68565,3.74756,101.579
3.55757,5.03379,166.537
5.09857,4.15321,197.301
4.34074,3.20653,116.529
5.45781,4.14272,225.052
2.7752,2.47499,42.7638
2.41781,4.53957,99.9868
1.50284,2.49613,22.1589
3.42325,3.62537,88.01
3.33052,3.85683,94.0911
4.16042,4.48149,157.966
5.31543,4.18173,215.641
4.17096,5.13206,201.787
3.98771,4.82107,170.51
4.19175,3.42467,116.873
3.30709,4.16322,106.408
2.17963,3.51981,50.3244
3.47075,2.73814,68.1752
3.0875,4.58693,119.946
4.37381,3.15948,118.528
4.5102,3.9959,154.056
4.12965,4.6675,167.688
4.14211,3.30485,110.108
3.96816,3.04739,95.3564
3.70521,4.42976,133.857
3.54251,4.64543,139.805
3.31119,5.05219,160.903
3.73617,4.1782,121.386
4.54731,4.43001,175.075
1.80607,3.06136,34.284
3.49838,6.39933,306.005
3.27952,1.94522,53.1137
4.20881,3.94874,132.338
3.86274,4.63236,152.086
2.84412,6.19897,259.111
4.30254,4.32353,157.33
4.46397,2.7747,115.358
6.03007,3.16877,244.552
3.77618,4.68001,152.366
1.9827,3.77584,56.8814
5.44109,2.39471,177.587
4.52859,3.37419,132.212
3.46864,5.62174,213.506
5.10157,3.50059,174.006
3.66163,4.33286,127.118
1.75265,3.54385,44.4867
4.97749,3.77044,174.612
4.28557,2.17694,97.852
4.87258,3.34074,152.755
1.149,4.57972,86.1443
4.45639,4.93289,202.286
3.22879,4.07248,96.1395
5.01527,2.78864,150.459
4.28522,5.31469,222.992
5.72707,4.0025,241.251
5.40333,4.04373,216.334
4.29438,6.75023,393.255
2.60525,6.89652,356.99
5.51386,5.01517,283.024
5.37392,5.49761,309.09
4.40517,5.30371,228.608
5.27133,4.39331,222.036
4.66001,4.47464,184.465
5.13693,3.42199,172.756
4.56834,3.2248,131.143
2.95278,3.81986,80.5594
3.92166,2.88069,87.7595
3.89677,5.55088,225.271
3.78389,2.73965,81.7393
2.89561,4.12917,90.9347
3.02449,3.23865,63.751
2.50586,4.25154,86.9118
4.26698,4.17572,147.587
5.10231,4.3184,207.39
4.92935,3.02301,148.323
2.89196,4.46187,107.6
4.34172,3.09422,114.118
3.49513,4.53026,129.973
4.58981,3.85856,150.073
3.54691,3.30991,82.567
3.97062,3.97714,123.556
4.67254,4.88201,213.319
2.55019,2.54856,38.4498
2.70323,3.63129,65.832
4.13753,2.86272,99.0153
5.01559,2.77542,149.938
3.27559,3.40891,75.3403
4.78512,4.09552,174.648
2.13737,3.2059,41.1369
2.98137,3.22908,61.0867
4.65277,4.49967,186.054
4.12595,4.31156,147.084
5.05452,3.62942,174.366
2.1576,4.0661,71.7183
2.68162,5.2949,160.518
4.43976,3.7393,137.585
2.74841,3.79358,72.9378
3.28494,4.8876,146.572
4.99681,4.22261,193.721
3.44005,6.00079,255.833
4.12605,3.38817,112.417
3.066,5.3607,177.224
4.58123,2.03254,111.663
3.98604,3.07988,97.19
5.68711,4.35602,255.011
3.35246,3.35116,76.9186
3.2557,2.17522,52.0858
4.08325,4.46722,153.099
4.20589,4.05887,138.424
1.67898,4.73092,100.445
4.63379,4.52633,185.902
5.31139,2.74198,173.096
4.00122,4.46861,147.459
4.80057,3.88036,167.351
4.23871,3.73264,127.83
3.78656,5.04098,177.38
2.50942,3.56846,58.7706
2.85123,3.05935,52.0761
4.87974,3.31082,153.761
2.51878,5.20602,149.141
3.57613,3.31056,84.7989
3.82649,3.38071,97.1215
5.49845,5.47777,320.536
3.83208,3.10939,90.8242
1.55519,3.54388,43.2656
4.06686,5.48336,226.213
4.19872,4.07205,139.604
3.2379,2.85662,60.9605
4.26376,3.11697,110.051
3.70843,6.00501,264.617
4.12156,4.46351,152.972
5.15993,3.9144,193.623
4.60634,3.78004,148.691
4.78591,4.76227,209.07
3.02168,2.94549,57.3469
3.03862,4.07085,92.339
4.53029,4.12721,159.409
4.12457,3.10592,102.987
3.47961,3.17482,78.2605
4.89359,4.84276,223.966
3.20075,3.02129,63.6407
4.03027,4.32586,142.72
6.26498,5.34103,378.608
4.01729,3.4988,108.255
4.63351,4.82727,204.992
5.22176,4.51519,227.37
3.23846,3.60103,82.1594
3.64558,3.12962,83.4429
2.44278,2.59496,35.4666
3.36746,4.42863,119.851
4.13453,4.42294,152.73
5.31043,2.91814,175.236
4.28861,4.54166,166.926
3.09947,2.43266,50.4251
6.21081,5.21532,361.92
4.08425,5.67744,246.273
4.21922,3.66126,125.018
4.64593,4.15298,168.648
5.58336,5.90289,369.893
4.50868,3.31804,129.857
4.76212,2.46763,129.169
3.56424,3.43836,88.0745
4.40573,2.66628,111.386
3.91252,5.03837,182.433
3.88491,4.85998,168.017
5.41408,5.74983,340.408
3.73198,3.03692,82.7718
3.55446,4.64396,137.312
5.48263,2.69994,183.684
3.41495,4.69797,138.56
2.99181,3.54232,70.7576
4.23188,4.32765,150.272
3.70262,4.65535,147.864
2.95805,4.03044,87.7771
4.56558,3.59913,140.816
4.71554,3.36904,143.201
3.57512,2.98985,76.2136
3.20531,4.51388,121.533
3.05481,4.09846,96.1455
2.79221,3.56599,65.8983
5.27555,3.58954,187.702
4.17093,3.45205,115.227
3.81981,4.65252,152.103
3.88746,4.73362,161.16
1.70773,3.48773,42.982
3.78503,4.81285,160.421
3.52481,3.35397,83.9828
4.04575,4.87606,177.043
3.97813,3.74062,112.297
4.29527,4.66228,176.958
2.70819,1.95316,35.7861
3.8945,2.81421,85.7914
2.96501,3.6826,75.414
3.26895,4.35268,111.697
2.73238,3.18922,54.1184
4.07066,6.98244,420.494
3.81928,3.99817,118.804
3.99932,3.85859,119.606
5.72803,3.53747,225.141
3.60539,5.9629,254.818
5.17749,2.05831,153.5
3.05478,4.1127,95.9919
5.93441,5.11775,327.66
2.79499,2.70885,46.4804
3.47325,3.3947,81.9931
4.68162,3.49132,146.05
3.94101,3.66881,108.906
3.63625,4.59307,142.372
5.28318,3.55351,188.403
3.3769,3.67041,88.1169
2.57597,3.36633,53.7777
2.33448,3.68018,60.052
3.4768,3.96452,101.209
4.12576,2.92354,100.057
5.67582,3.8236,229.11
3.70998,2.66105,76.6771
2.97282,4.08324,88.8356
4.70446,6.40355,366.755
4.63709,3.70165,148.932
3.26209,4.04525,97.4839
5.53475,4.22863,235.361
2.64698,3.28303,53.1078
3.51019,3.6985,95.0676
1.95652,4.16138,72.465
4.41891,4.28234,160.207
4.33072,2.46204,103.252
3.37636,3.71173,89.3136
3.47922,3.31049,80.3135
3.98055,5.14375,192.665
3.67295,3.84829,105.198
5.7694,4.6942,285.128
3.37027,5.48942,195.872
3.32621,5.604,207.79
4.20255,4.8674,184.449
3.68378,3.24404,87.101
4.22545,5.52453,237.079
3.77393,4.08401,120.643
3.96836,3.35764,103.391
4.85513,2.32154,132.533
3.99155,5.03067,186.18
4.06303,1.9544,81.1772
3.15185,4.51628,118.794
4.13616,4.40877,150.41
3.58572,3.77554,99.4661
3.56128,4.40459,127.785
4.21184,3.21541,110.636
5.9836,2.90659,232.417
3.90635,3.26577,95.9976
3.41009,3.78457,91.2899
5.71484,3.57342,224.395
3.9898,4.30235,141.76
3.30255,3.60206,82.598
4.70377,5.12861,232.723
4.69321,4.57835,193.944
2.10377,4.5921,98.0625
5.0917,3.30562,168.241
2.07816,3.81806,60.2105
4.02257,3.50959,110.26
2.68025,5.48293,177.615
4.00889,4.10118,131.924
5.75589,5.56651,350.195
3.78267,2.53676,76.8466
3.9396,3.3024,99.2367
2.29161,5.93998,215.747
3.24104,5.56516,201.1
3.09186,3.83016,83.937
4.84547,3.89921,172.201
3.54314,4.41759,125.445
4.10294,2.92539,97.1863
2.39079,3.17207,45.2274
3.65246,4.39456,129.726
3.19108,4.29633,107.228
5.78524,3.70386,235.541
2.34368,4.49357,97.0458
4.04549,4.45554,151.379
3.9239,3.17607,95.8276
5.48768,3.89555,216.583
3.90511,3.6258,107.855
3.625,4.01938,110.735
3.98541,4.16292,131.528
5.43564,3.19796,191.279
4.74174,4.67121,201.82
4.8681,4.77024,216.78
3.55077,3.08847,77.1726
5.07044,5.12371,257.424
3.41768,4.48468,124.677
4.29781,5.39232,232.04
3.32402,3.69421,87.0004
3.97137,4.64409,157.465
4.86824,3.31886,152.941
3.37297,3.23532,75.2207
3.9569,3.46539,103.854
4.94818,3.11007,152.102
2.99022,3.09518,57.9816
5.01813,3.19353,160.06
4.36942,4.5209,172.123
4.67143,2.08859,118.239
5.87585,3.37691,234.742
4.29593,4.11954,145.23
2.45462,4.69171,110.589
4.83731,5.07091,236.805
3.96973,3.99049,124.727
3.95978,4.0912,127.113
3.21642,3.85478,89.4892
3.51649,2.39798,66.2256
3.33865,3.78423,92.167
3.81159,3.40191,95.5895
3.9588,4.20604,133.899
3.7145,4.32823,129.643
3.39985,4.72688,138.786
3.3035,4.03131,99.5446
4.5145,5.21423,226.939
3.92456,3.74864,114.242
4.89893,2.92033,144.979
3.2287,4.35688,111.337
2.54437,3.08627,47.6937
2.99857,4.19231,95.7507
2.2506,4.71743,109.596
4.42687,4.54327,175.718
4.97755,4.81294,227.154
3.24883,4.37443,113.368
2.55402,5.12548,142.601
5.23067,3.56616,185.762
3.83377,3.27148,94.3836
4.82577,6.25187,356.36
4.27232,1.72471,93.9184
2.48489,3.48235,57.2292
3.66077,3.88376,106.581
5.07781,2.84826,155.187
2.732,1.70782,34.2148
3.96021,2.68247,90.0721
4.80083,5.62977,284.629
5.22544,2.87742,167.113
3.20317,3.13946,65.2837
3.78883,2.50969,76.5229
5.50319,1.88256,178.227
3.03885,5.2595,167.223
4.39427,4.33268,162.709
3.95892,5.04786,185.665
3.32613,5.13056,166.812
3.92317,3.75723,113.491
3.35342,4.94527,154.482
4.66435,2.22473,119.812
3.79068,2.61023,78.7891
5.09026,5.70148,312.19
4.51813,4.05204,157.058
3.784,5.31588,198.898
4.87927,3.06386,145.404
3.77828,4.26118,128.497
4.20737,3.37812,115.477
3.73979,3.5003,96.4461
3.05074,3.28112,65.4194
3.89188,2.68038,84.3754
5.13204,4.36775,210.059
4.18238,5.92591,276.91
4.05735,5.24895,207.656
3.50853,2.61435,68.4667
4.48922,3.07261,123.447
3.87616,4.28818,133.166
3.7099,3.50026,95.2676
3.49674,4.09484,110.643
5.08484,3.50955,172.699
5.55436,4.56484,256.878
4.04622,3.89195,122.638
3.92688,3.77318,113.322
4.0086,4.64783,160.401
3.79242,6.08538,280.306
3.56957,4.56604,137.224
4.61682,1.45575,111.905
4.73539,4.54025,192.799
3.36261,5.48285,196.973
5.14365,4.40147,213.048
5.06401,3.67917,174.914
4.71633,3.71253,154.272
4.25372,3.55448,122.841
3.93326,2.95038,92.0168
4.83035,3.96127,171.845
3.88621,4.27535,134.048
5.38675,3.68317,202.203
3.89669,4.42753,141.473
4.11607,5.14624,201.14
4.14494,5.41424,223.473
2.16797,1.91698,22.8776
3.53671,2.9564,72.7995
3.46461,4.73025,142.676
4.10881,4.79598,173.669
4.8267,3.01854,142.129
4.56936,3.41547,136.829
5.79871,5.2002,321.12
4.7676,5.31589,250.658
2.86574,2.84862,50.3029
5.53303,4.36616,242.367
3.52533,3.86629,99.8059
3.06629,3.84454,82.3799
2.82199,5.32889,167.82
4.33748,4.80311,187.956
4.36666,4.49188,169.651
1.00878,3.33459,32.0019
5.49666,5.39662,312.927
5.00922,4.46838,209.119
3.7335,5.26883,194.464
4.05836,4.96497,185.423
2.86677,2.99227,53.3335
3.98816,5.87272,261.761
3.68071,4.54603,139.52
3.0325,3.25841,63.5507
2.54126,2.93079,43.3872
5.2249,4.64608,233.397
5.66023,2.48475,198.16
4.99606,2.92417,151.599
2.28463,5.0853,135.962
3.8932,2.91012,87.874
2.47445,2.6692,38.2113
4.24797,3.55678,122.273
4.26866,3.58037,122.944
2.57384,4.85741,123.966
4.37693,3.43448,125.738
4.76636,3.86888,161.672
4.2735,2.33652,97.9111
4.20698,4.23792,146.629
2.46816,4.42961,96.1115
3.35118,4.37185,116.903
4.06993,4.06909,132.595
3.20695,3.68266,82.7781
3.37671,4.27156,113.577
3.22899,4.32473,112.097
3.72423,2.63422,78.4178
3.93307,4.51478,148.216
4.80062,5.35138,258.223
3.90118,4.37307,139.492
4.46854,4.09309,155.493
2.76694,2.14763,39.9178
2.55206,4.40099,97.768
2.60751,3.96486,75.6225
5.44554,3.52684,202.849
5.35825,1.95451,167.436
3.63715,2.77241,74.6055
5.30372,2.88462,174.138
3.67502,3.54275,92.7936
3.13905,5.28667,173.422
3.25653,3.99311,96.6627
3.8798,4.79453,164.998
3.66617,2.77915,75.8568
4.41392,2.881,113.872
3.81051,4.32346,130.376
3.51218,3.67717,92.4181
5.71488,6.08279,401.966
4.82531,3.89151,169.576
3.82687,4.24191,129.486
4.34396,4.05922,143.631
3.18139,4.46045,115.581
4.53752,3.50199,137.429
3.73441,6.281,298.784
1.62234,3.98115,59.3943
4.8146,4.62544,203.952
1.41205,2.96072,28.522
4.99266,4.74394,224.374
4.24829,5.33222,225.091
4.33464,4.70842,180.651
3.81969,4.36655,134.811
4.36415,5.55273,249.596
5.01855,3.08161,156.452
4.31496,5.1787,213.645
3.84944,4.27063,130.599
2.05407,4.00185,66.5908
4.1539,3.49443,114.296
3.71348,2.60922,75.4509
5.60671,5.7684,356.412
5.13065,3.45794,175.589
5.96726,2.0417,220.935
4.11983,3.00417,101.719
3.64197,3.54143,94.2093
4.12731,3.13501,103.195
4.61515,4.81537,202.822
3.55891,2.4882,67.8882
3.99639,2.35665,83.8113
3.60344,4.22605,116.966
3.04057,3.58464,73.9678
1.59998,4.67761,96.2992
3.78145,2.251,73.4522
2.9275,3.50537,68.7878
4.84725,5.32633,257.596
3.33849,4.70829,136.684
3.53513,4.84833,152.509
3.74082,5.02123,173.113
2.78231,3.45714,62.516
3.73358,4.7395,152.633
4.60583,4.21703,168.16
2.59556,3.31905,53.7184
3.59755,3.91933,104.276
4.98869,3.81021,175.567
4.72946,3.5485,149.207
4.63897,5.24561,237.201
4.73717,3.16035,137.776
4.53071,5.01534,213.45
3.45042,4.78124,144.731
3.51459,3.97084,103.92
1.68304,6.10962,226.563
3.30487,4.21429,108.678
5.38046,4.37896,230.509
4.56261,0.951103,107.771
4.5631,5.34818,240.396
5.22755,4.66694,236.17
2.83435,2.65416,45.7127
4.73689,4.14794,172.731
3.23022,4.92197,145.104
0.6207,2.02918,7.77699
4.20584,4.52226,162.435
4.57088,5.8148,286.943
4.69691,4.6965,200.962
4.05697,5.29717,209.842
3.09964,3.41169,70.2264
3.77589,3.02364,86.3438
4.70038,5.16539,232.145
2.44387,4.82731,119.439
3.31705,4.31885,112.772
4.04213,4.239,139.614
5.67073,3.44392,217.847
3.3236,2.72803,61.9494
4.00458,3.60939,112.593
3.09125,6.37761,289.88
2.75315,3.43298,61.6276
3.08385,4.39932,110.092
3.45069,3.3584,81.2533
5.60594,4.70664,269.968
3.05952,5.41422,181.233
4.45588,4.68092,186.336
3.45185,3.48421,84.4958
2.10059,4.73033,106.922
3.56908,3.57316,92.5796
1.43053,3.80567,52.3299
5.75412,5.16561,314.462
4.07635,2.69099,93.4148
3.76302,2.35108,74.6044
3.31869,3.94343,96.5007
3.75428,1.81455,69.1886
4.11089,3.65084,118.553
5.2463,4.14663,207.278
4.62477,4.28947,173.243
2.95879,4.49941,111.057
4.60161,4.48708,181.442
2.61155,2.49828,39.5468
3.70923,5.75481,238.723
6.03149,5.06846,333.323
3.74644,5.2491,191.582
3.75971,4.44754,136.334
4.46974,3.01743,119.686
4.33481,4.95492,195.762
3.30179,3.17821,71.3638
4.03071,5.42158,218.505
3.96744,4.12209,132.278
4.18239,4.15641,140.511
4.51612,2.96154,120.798
3.44634,4.28147,117.083
4.20443,3.87756,131.566
4.7286,2.17532,123.656
3.15756,4.77308,132.768
4.14256,3.44294,114.171
4.53941,2.606,117.554
3.65114,4.7668,150.22
2.90719,5.05621,147.545
4.66305,3.63102,150.148
3.41926,3.24587,74.9669
4.53992,5.36781,241.927
5.9646,3.48862,244.143
5.25232,2.57952,164.861
4.39875,4.31178,160.324
4.24106,6.28591,326.567
4.28163,2.17417,97.4528
3.73542,3.55082,97.1448
2.42238,3.00568,42.3967
5.68455,3.26835,212.507
3.86889,5.44291,214.947
2.57634,4.29375,90.5357
3.5184,6.25624,287.453
5.43041,5.22767,293.342
5.33422,3.83464,202.994
3.80192,2.11721,74.8618
4.14707,3.08546,104.269
3.20879,2.32707,54.0711
3.69157,4.62248,143.159
3.35111,3.59849,83.4053
3.26434,4.86194,145.893
4.54854,1.71404,108.796
3.5596,4.70079,143.182
2.27762,5.05931,130.945
3.81192,3.15981,90.4998
3.50471,4.88712,153.453
4.39318,5.1884,218.007
