3
5.38792,3.30116,10.241
3.92755,3.68639,9.35957
5.50494,4.76816,9.10177
3.97805,3.97568,9.71568
3.09613,3.24038,8.36824
3.30192,4.49068,7.93572
3.14467,4.48007,8.5921
3.32511,4.80086,9.21307
3.9441,4.86743,8.72345
5.51791,4.09072,13.1926
4.30933,4.26624,9.32367
5.48512,4.49379,9.01695
3.56033,3.7175,9.27817
6.41255,2.75002,12.2164
2.59495,4.5567,7.06759
3.88716,4.17198,7.47662
4.5938,5.08561,10.4163
3.46733,4.56201,9.03019
4.75667,3.10141,9.98878
4.35292,5.22939,9.00785
3.58042,6.09379,11.3021
3.25339,3.45684,8.96453
2.03838,4.05029,6.84296
4.96918,4.42357,11.2276
3.39458,5.8089,9.43599
2.54162,3.97777,8.56455
4.3538,2.91042,11.4462
4.8799,4.34319,9.99829
3.48239,4.43021,7.9005
4.1801,4.28994,9.40408
2.63556,3.50147,7.45914
6.08586,4.16808,13.4745
4.09903,5.14605,8.84777
5.40778,3.41648,11.0546
5.25199,3.74315,10.5751
4.19263,5.24149,10.9024
3.83356,4.19299,10.6217
3.79649,4.61981,10.6917
3.10169,4.30659,6.97488
3.52785,4.59972,10.3661
3.83709,4.07079,9.23397
2.26357,3.64513,8.0616
4.212,3.00426,8.2222
2.35193,3.56323,7.88289
4.63907,3.70512,11.0438
3.11759,5.3135,8.81388
6.0384,2.70084,11.3232
3.97334,4.00831,9.15317
3.87958,2.13243,8.8352
5.38335,5.09419,11.2868
4.19216,4.42935,10.2587
5.52543,4.59123,11.5093
3.96926,6.02434,8.69495
3.49597,4.09139,8.4447
2.42044,3.95138,7.82797
4.08527,5.16898,10.6665
2.30176,4.33957,7.08237
3.29062,5.34047,10.1894
2.43575,3.78943,7.60037
2.3935,3.87874,7.73893
3.25478,4.85998,7.61716
4.91254,5.04055,11.6071
3.72358,4.15372,8.46634
4.23214,4.47374,8.86936
5.47143,5.14292,15.556
2.8083,2.90826,8.4599
4.00286,4.63909,9.09987
3.66964,4.09712,9.04593
3.3169,3.70506,9.69964
3.85852,4.98195,10.1283
2.24789,3.5004,7.56227
5.25117,4.95601,12.4527
3.20024,6.16619,10.361
2.70517,3.68006,8.15028
4.2139,5.71973,10.9527
3.25329,3.24605,7.78604
2.37813,5.38148,7.85964
4.06097,3.94674,10.3614
2.8619,4.06738,9.69985
4.29947,2.47128,8.95144
4.24693,2.4237,9.29455
2.69608,4.45223,10.1071
2.76472,2.14333,7.80676
4.18703,4.94699,10.1004
2.586,2.55725,7.1752
5.0206,2.81902,9.77032
4.49284,3.77935,9.95362
5.45857,3.57831,10.0782
4.61086,4.6675,9.48236
2.92207,5.2678,7.2728
5.06632,3.48312,11.5521
4.22264,4.06859,10.5858
4.17468,4.55427,9.97889
5.60793,3.8183,11.8206
5.39894,5.11395,12.3106
4.07833,2.40399,8.79039
4.60239,3.52804,10.2619
2.83392,3.41561,6.56306
2.96642,4.17771,8.17305
3.68983,2.96291,8.43809
5.79841,4.46532,11.9262
3.39431,2.71229,9.13179
3.96119,3.65566,8.07064
3.01485,3.84858,9.29643
4.3183,3.37635,9.48794
3.42945,2.63362,8.31664
4.66193,4.49728,11.2363
3.8656,3.12583,7.06294
5.33961,3.63549,11.561
3.70028,4.69495,8.49228
4.68865,3.79486,9.47708
5.31936,5.32228,12.2286
2.71766,3.44753,8.84499
4.79026,3.21218,12.0363
3.77363,3.39042,7.25104
5.43556,2.91528,12.23
4.34781,2.81015,10.0718
3.21125,2.10175,7.69121
4.73629,3.30678,11.8862
5.47463,4.46235,11.6891
3.71428,3.87336,8.61598
3.81779,4.22274,9.88876
5.14167,3.20704,12.5282
3.59566,3.04172,8.88675
2.88533,4.44127,9.56284
4.21721,3.23663,9.4311
5.21458,4.92946,11.1036
3.45114,5.91577,9.97737
5.52479,5.2392,12.3971
3.46753,1.64739,8.88494
4.82177,4.50194,11.3591
4.60829,4.6787,11.4283
4.30401,3.69512,10.1308
5.75718,2.16973,11.1299
3.27851,3.45204,8.07086
2.6808,4.10045,7.00307
3.72286,2.83514,7.85902
3.00862,4.76012,9.59441
2.94116,4.84259,10.8801
4.34792,3.77232,9.63939
4.78224,5.47815,11.7119
5.01952,2.57743,10.3233
2.15829,3.13761,7.68621
4.02705,4.3955,8.35479
3.65294,4.18053,7.7935
3.27906,3.5095,9.50377
4.04235,1.85846,9.03604
4.53481,5.15209,11.0887
5.67229,4.30218,11.5005
3.3542,4.45844,8.76658
3.08141,5.04387,9.16496
3.3536,5.05061,9.07103
3.37566,4.0426,9.12516
5.19085,5.56453,12.5501
6.04138,4.92978,12.4888
5.57505,4.26659,11.5208
4.81813,2.63953,8.10919
4.38168,3.10228,9.46872
3.68452,3.76303,9.19321
4.565,4.14462,9.66465
1.81188,4.03045,6.45563
4.27341,2.89801,10.3807
4.1034,5.40751,10.8526
7.62428,3.03615,13.1023
4.90519,3.05096,11.5821
2.63743,3.19919,8.311
4.39695,5.90439,11.2933
3.27982,5.07319,11.4714
5.20469,5.24504,11.4737
3.17568,4.05542,9.3855
4.47545,3.46777,10.3319
3.45741,5.3622,9.01146
5.34151,4.4162,8.79716
4.74487,3.04891,9.77267
3.74046,3.36088,8.80063
2.70439,3.73416,8.5571
3.5664,4.90797,9.85877
5.42335,3.9881,10.3909
4.13041,4.17683,8.27715
4.89641,3.45833,9.93319
3.69024,4.58425,8.80135
5.19333,4.05766,11.1292
3.26457,5.33097,8.22082
5.61648,4.13368,11.8272
3.09203,5.03293,8.85648
3.32641,3.92993,8.78323
4.98643,3.44229,10.6294
4.55017,3.29457,11.1009
3.15666,2.64834,8.1988
3.43435,6.91619,9.77786
3.33642,5.05572,10.3753
4.03418,4.89249,8.68499
5.28912,2.72665,11.5262
4.02981,2.92678,10.0118
2.66924,5.61076,8.52527
3.55267,4.76685,7.38658
3.32408,4.49062,9.64779
5.4149,4.31465,12.3437
3.83488,4.4652,8.44135
3.58837,3.16705,7.50623
4.60264,4.35201,8.29754
4.64284,4.41548,8.62817
1.54024,4.49445,7.30168
3.62394,3.59951,9.49265
3.61393,4.70196,9.42771
5.12949,5.0061,11.5679
3.45644,4.57316,8.39808
4.08565,2.61883,9.7722
5.3752,3.8655,11.9583
4.61526,4.95002,10.2379
2.46065,3.39261,5.96195
3.67736,4.98499,8.83633
6.10011,4.68014,11.7444
3.7317,4.78502,8.71468
4.7551,4.63511,10.6702
3.81484,4.52657,10.3794
2.34031,3.91457,6.79726
3.46533,5.27143,10.2466
2.92248,3.72528,8.15171
4.37226,4.90982,9.58933
3.25515,4.83777,8.75693
4.65103,3.74236,11.0185
5.71616,4.33746,12.0903
4.06189,2.21223,9.63751
4.16806,3.36088,10.1078
2.70183,4.7736,8.62528
4.06584,3.33261,8.70266
4.60084,3.10065,9.37181
3.50049,4.24313,8.05693
4.26035,2.53047,8.12445
4.29311,4.26442,9.62284
4.10313,4.22991,9.87251
4.21117,6.07003,10.4834
2.69027,4.41231,8.33192
4.5843,3.10505,9.23566
2.36705,4.03748,7.28871
3.85447,3.94704,9.84724
4.39281,4.02441,11.7133
3.99972,4.1441,6.65928
4.49888,2.704,11.5814
3.52087,3.3834,8.75185
4.80659,3.39282,8.22197
4.46126,3.11075,11.3049
5.46987,3.20708,11.7329
5.31801,5.08757,12.5884
4.06858,6.7361,11.3764
4.18569,3.98127,8.91
3.99821,3.96398,10.8178
4.18399,5.10077,10.2015
3.27471,3.9316,8.16176
4.05047,5.43721,10.1317
5.18633,2.48898,10.607
2.51418,6.46792,7.77658
3.99301,3.62986,9.36427
3.84118,4.5013,10.145
5.03773,3.47496,10.4931
4.74413,3.27342,10.3603
4.46162,5.32093,11.591
4.23822,4.00251,10.8908
3.22735,3.84659,9.08039
4.85135,4.19912,12.4288
4.23365,4.57838,10.1878
4.75929,4.30143,12.2928
4.29566,6.0416,14.1762
4.35213,4.75569,13.0667
5.52745,6.0669,12.5229
2.97649,4.35302,8.52839
3.86015,2.15599,7.75806
4.97961,4.34255,9.53212
3.77855,2.14856,7.83292
6.51603,4.23451,13.9157
3.5987,3.9831,9.4701
4.11206,5.16987,9.82741
3.83,3.91069,11.3969
4.78997,5.12613,13.0567
3.34578,4.96973,8.47865
5.00174,4.9005,13.3417
5.95629,4.69442,12.1604
3.45864,5.48509,9.46437
2.03275,2.85045,8.08115
3.20613,5.96159,9.63104
2.6725,4.13144,8.17657
3.80723,4.84682,7.27415
5.92382,4.51448,11.736
4.94508,5.74849,12.0752
3.17843,3.27303,9.45477
3.70624,4.08998,10.5688
4.28735,3.08127,10.2269
4.71689,3.27269,9.60905
5.11511,4.51215,12.9035
2.6667,3.81576,9.37934
3.95155,3.87994,11.233
3.14312,3.29543,6.00398
7.43203,4.61918,15.8172
3.73543,3.42628,9.08522
1.78806,4.43612,7.70323
4.74853,2.04884,8.2056
5.22537,3.44903,10.1077
5.09676,1.90487,10.2769
4.26016,4.22719,10.2762
2.69314,5.09534,7.40079
4.37917,2.89476,9.35546
3.32189,3.96356,7.44599
5.09458,4.72798,11.4426
5.52119,3.585,11.8805
4.4339,4.30022,9.81885
5.53978,1.3323,10.0492
4.27632,2.27796,7.47832
4.27079,3.58581,10.564
6.20371,2.95799,13.446
5.40182,4.32015,11.5054
3.75036,4.88826,9.76046
3.80152,3.67019,9.93183
4.17177,4.3203,8.68101
3.92824,3.22933,7.30007
5.62304,3.79366,11.3198
5.02652,4.96204,12.0714
4.76722,3.47143,9.77144
5.61003,4.50978,12.5341
6.43983,4.01407,13.1255
5.23867,3.78899,11.1352
4.44503,2.70084,7.7928
4.30921,2.59867,7.97245
1.74911,6.10714,6.86936
5.41358,2.6658,10.4732
3.52643,5.82349,9.94407
4.80258,4.75769,12.0398
4.47381,3.42465,11.5012
3.75312,3.99933,11.11
1.9788,3.96773,7.40176
4.66601,3.10707,11.9126
4.01127,3.33995,7.63941
4.78422,4.37564,11.2313
4.70807,3.1958,9.7776
5.02685,3.58742,10.6465
5.09945,4.86097,13.0066
4.87181,3.22824,11.1142
4.83688,3.45687,10.2413
4.31643,3.06875,9.79637
2.28141,6.02906,8.15474
2.54902,4.63091,7.69926
4.03953,4.23613,9.58221
4.21594,4.41527,9.02506
3.03677,3.82844,8.19775
3.38797,4.52281,8.27941
3.9341,3.72038,9.31534
3.48797,2.92011,8.627
2.87479,3.95321,10.0456
5.14556,3.60786,10.7677
3.8651,5.11542,9.90879
3.86109,4.05668,10.9422
4.13291,4.26027,10.0885
3.60105,4.37011,8.84634
3.86491,2.74816,8.76561
4.08544,5.51595,11.2629
5.61591,4.97322,11.9003
4.69603,4.63015,11.6559
4.32822,4.39173,10.1373
3.70308,3.97934,6.69021
3.25303,2.64058,5.73755
4.84123,6.28469,11.123
2.71035,3.49905,7.73069
3.91356,4.13664,10.4575
5.27548,2.52284,9.94762
5.57778,3.70699,10.5455
4.03995,3.13437,7.33254
4.85731,4.18719,10.3883
5.33564,3.64707,12.4313
3.9264,4.50181,10.7294
6.07802,3.3694,10.1772
4.55551,3.16668,9.37845
3.37097,4.73651,10.2156
4.7516,3.51368,9.77258
2.84607,3.04441,7.41266
3.5202,4.24525,8.56077
4.14937,3.11618,10.1468
4.74225,3.24422,8.67936
2.44107,5.58145,9.1769
3.75203,2.74717,7.61684
4.39648,2.56702,8.71801
3.21844,4.50037,9.61467
3.34518,3.85918,8.10728
4.56813,4.66676,9.92773
2.69129,4.07356,8.14342
4.29113,4.6404,9.95143
2.37601,4.63024,8.56782
4.15378,3.22824,11.7148
4.08669,1.33443,9.10348
6.29325,4.22001,13.5445
3.17357,3.27709,8.71811
2.98291,3.12568,7.97346
4.17035,2.73947,9.4899
3.9054,5.20742,10.7853
1.46514,4.87575,9.62701
3.27173,1.91376,7.96839
2.72629,4.65579,7.85734
4.97788,4.46439,11.6248
3.75105,3.62626,7.80255
2.5002,5.17624,6.7667
5.32242,3.66451,8.68277
2.23057,4.32609,8.93779
3.09226,4.34202,6.05393
4.46116,4.61397,9.81515
4.73811,5.17741,12.0516
3.88759,3.3407,10.5965
2.65201,1.21224,5.47452
4.03525,2.37048,9.01854
4.32106,3.53971,9.36736
3.55711,4.43881,9.10174
4.19216,4.29024,9.37131
2.36105,4.9572,7.29995
4.21341,4.59989,8.89925
3.55763,3.70491,9.67114
3.07343,4.14292,8.24663
3.24416,4.41994,9.09486
6.49097,6.14889,12.9473
3.14878,3.668,8.3967
2.75073,2.83684,8.12152
5.0713,3.90428,10.6624
3.93597,4.28568,9.35528
5.48167,4.3289,10.8248
4.4969,3.48001,10.6165
3.89525,4.11441,9.30685
1.93982,4.26891,8.42881
3.20579,4.0152,7.87091
3.41863,4.47943,7.75536
1.73789,1.75901,7.14089
3.94295,2.97059,10.65
4.42307,5.50404,10.8868
3.47246,3.44816,8.44565
3.98717,3.86786,8.9392
4.50763,3.62369,9.75119
5.27633,3.49622,10.9708
4.04579,4.12843,9.31821
4.14035,3.3947,11.0499
3.9806,4.46592,8.62478
4.58791,4.93167,10.2433
3.53743,3.80753,6.61672
4.33876,3.22361,10.8287
4.66752,5.37852,11.7215
4.79327,5.71461,11.2929
1.98453,3.98306,5.53541
6.70955,2.74362,12.4473
2.7674,4.61399,9.14874
2.83469,4.73293,10.0564
5.286,3.79635,11.612
4.19074,4.93026,8.79263
4.45635,5.18985,11.4464
3.86589,4.21076,9.3399
4.21699,5.14884,10.1772
5.37461,4.56538,10.5041
2.75,3.85639,7.82406
1.14435,3.97313,6.3081
4.1487,3.15657,10.2043
2.89756,3.25897,8.86558
4.90538,5.09109,12.4694
2.91197,3.47224,7.01158
3.96176,4.77846,9.3166
4.61409,3.27118,8.72515
5.5789,3.74121,9.97364
5.6031,1.63739,9.93565
7.0264,3.65721,12.924
2.47468,2.74411,7.80108
3.87751,4.57009,9.32446
3.35117,3.17874,9.63555
3.58207,3.06354,9.55694
1.82813,4.76962,7.66207
4.67076,3.84732,9.35735
2.51086,3.12381,10.3392
3.34284,4.89034,7.98287
4.52601,4.09885,11.4625
4.66327,4.19955,10.5167
4.5016,5.43162,12.0967
3.4368,3.94473,9.06686
3.68674,4.66677,8.00087
3.58707,2.52245,8.8992
3.45543,3.09804,9.05637
4.04281,2.25091,6.92911
3.25685,5.39746,10.3913
2.62418,3.82228,6.82545
4.64036,2.82031,10.2142
5.4635,4.81626,11.7056
3.13965,4.51676,10.5465
3.50546,3.8262,9.45456
4.30961,5.22063,11.3028
3.99051,3.24583,8.92329
4.0473,3.49794,10.2829
3.52853,4.32175,10.4417
4.99932,3.25762,11.5072
4.08144,3.5637,7.56138
5.99775,2.75784,10.2417
4.94192,4.47789,9.44604
3.9478,3.80983,8.55387
4.32999,3.89046,8.72507
4.17618,4.38839,9.94608
3.48659,4.42749,9.0096
3.45084,3.54623,6.19461
2.99007,2.17677,9.05778
4.11555,1.98735,10.1507
3.62494,5.60996,10.4078
1.53714,3.66705,7.1721
5.01403,2.79743,9.99181
5.30845,2.27045,10.8371
3.16968,5.72779,9.989
5.38775,2.80824,9.48302
5.67827,4.62431,11.1681
2.92637,5.01358,9.48767
2.89593,3.69525,7.901
5.05047,4.34938,12.3507
3.51111,1.96333,7.55954
3.76418,6.62243,9.71609
4.75899,3.3483,11.9061
2.93671,4.04676,8.09769
4.54674,4.32001,10.0626
2.95955,4.25051,8.82011
3.50119,3.51714,7.9956
4.84123,4.78796,12.3689
4.08746,4.49246,8.13316
6.49236,3.84762,12.3896
5.13373,2.86826,9.29157
3.7428,2.18577,7.20523
3.76882,3.21272,9.25377
4.39776,3.67637,9.25567
3.06398,3.69897,8.43547
4.34855,4.1778,11.2676
4.20613,4.6375,10.325
3.89081,3.72411,8.45968
6.41305,3.28605,12.1135
2.85738,4.55946,6.85435
3.95671,4.21834,10.0067
2.42901,4.06084,8.97764
3.53208,6.68262,10.066
3.91142,3.03068,8.81086
4.42005,2.30925,9.45033
3.99049,3.86941,8.18999
4.65301,2.42927,8.59595
4.12964,3.66024,9.78444
3.72651,4.54055,10.2709
4.61269,4.03582,10.1454
3.94607,1.88522,8.19665
2.06334,4.53818,5.89812
4.34428,3.77033,10.5294
3.9918,5.10306,10.4485
5.11672,1.52878,9.38105
3.89003,4.87977,9.66307
3.69985,2.32516,8.85883
3.82683,5.13471,10.2665
2.43355,2.85586,7.56875
4.38264,4.57159,10.6098
3.75953,4.28471,8.44238
4.18262,4.5031,8.68571
5.15493,4.21848,12.6447
4.45931,3.19093,9.96012
3.3933,4.34418,8.08138
4.63533,4.17911,11.3194
3.70964,3.08738,10.1971
1.95634,4.7766,7.44307
3.9382,3.58904,8.9007
4.15194,2.94946,9.94319
3.7664,4.70728,9.44645
3.03309,3.84339,8.32844
5.48932,3.24758,10.9289
3.4451,4.78905,10.2964
4.22873,3.07479,9.42157
3.19171,3.56857,7.75838
3.52211,3.31151,8.06018
4.60613,1.09819,8.79584
2.97742,2.48623,9.13616
6.55178,5.60289,11.1195
4.46164,5.49733,10.404
3.37002,4.61342,9.1566
5.36772,4.02798,9.55101
4.56208,4.43518,9.87279
2.66219,5.1433,8.97862
3.41037,4.47679,8.24428
3.52912,4.16292,8.46076
3.43443,4.55897,8.12905
5.34073,3.68719,11.3185
5.74086,4.21025,11.7753
3.742,2.90537,6.68766
4.55116,3.08408,9.8764
3.05537,4.53376,9.33155
4.2491,3.65594,9.65411
4.35739,4.03251,9.67585
3.25867,2.25416,7.61642
4.43013,4.65234,10.4149
5.0248,2.95352,9.60669
2.06992,3.07007,7.88556
5.06421,3.91058,10.5956
4.03482,3.07538,8.09722
3.89272,3.96801,8.45286
2.25462,4.68539,7.83554
3.04292,4.97978,9.31035
2.6879,3.64997,10.3423
3.66593,5.79162,9.71363
2.95708,5.51021,8.8461
5.56021,2.99532,9.13853
2.95197,4.40489,6.40311
5.19654,3.61898,10.3384
2.74371,6.10862,9.03783
2.22212,5.75169,8.0887
4.4476,4.96695,10.728
3.75478,6.04045,9.43551
5.44225,4.75249,12.2907
3.53627,2.99048,7.37425
4.63549,3.69801,11.3246
3.93699,3.19456,10.3922
4.28608,2.68041,8.83813
4.76121,4.27313,13.4821
3.6908,2.83795,6.90041
2.50768,3.38737,7.03958
4.86821,3.95639,9.35839
4.50239,4.88968,9.93014
3.71967,3.39917,8.67038
3.49336,3.20473,9.05384
4.1937,4.70973,10.6369
4.43065,3.18767,8.97684
3.102,3.68706,8.50443
3.10345,5.27752,9.43932
3.17116,5.32097,9.4778
4.46379,4.12597,10.8152
2.97188,5.13805,9.18817
5.17823,3.90349,10.2178
4.36075,1.96157,8.72948
3.88675,5.81369,10.3838
3.96464,3.69981,9.12994
3.49269,3.30858,9.31562
3.93751,4.43505,8.08229
4.08549,6.81149,11.9588
5.37816,4.68003,11.5326
4.90029,3.36622,9.76919
3.96663,3.13697,7.67205
3.0852,6.12702,11.1097
5.62088,4.07456,10.2326
3.99535,4.83133,9.95198
5.31609,3.64786,10.0082
2.99241,3.64659,8.53276
3.07848,3.17038,8.47093
2.90084,2.55989,7.20578
4.60369,2.21379,9.82737
4.20381,4.31121,9.11171
3.09921,3.4411,7.80777
6.13481,2.35378,11.6116
4.16327,4.51583,10.9255
3.30839,1.85258,7.36074
3.6511,4.60951,8.87374
3.94854,3.37261,8.43657
4.34366,2.53442,10.9079
2.34036,3.18924,7.9619
4.76412,4.70853,10.3056
4.3651,3.67994,9.2893
2.17123,4.39731,8.38053
2.35963,4.55185,8.56326
2.58132,4.03901,7.44913
3.10045,5.31431,8.37853
4.54439,3.03242,10.4694
3.79071,5.33041,10.1087
3.14995,5.10501,7.61361
5.80049,2.92527,10.2477
3.94617,3.37275,8.38874
4.89207,4.01993,10.8746
4.06435,2.82573,9.38836
4.24747,2.93019,10.1768
5.21991,5.09141,13.253
3.94881,2.73936,9.37995
3.63697,4.41718,9.64862
4.17098,6.07714,9.69746
1.9421,5.00105,6.50171
4.53302,6.00175,10.7134
3.7997,4.81513,9.12935
5.42169,4.11495,12.4289
4.68832,2.22485,10.1954
3.34886,4.1908,6.43799
4.67846,4.22107,11.7514
4.39077,3.52173,9.63911
1.86649,4.15071,6.40732
5.32683,3.84748,10.7078
1.91909,2.86325,7.49568
4.40905,3.15523,9.20741
4.27153,5.02179,9.64784
3.68947,5.38468,10.0245
5.40235,4.74839,10.5256
4.56877,4.01441,11.4042
5.18342,3.61699,10.2574
5.10913,3.64752,11.7379
5.17821,4.35568,8.81933
3.92011,4.71913,9.84184
5.1101,5.56718,12.7838
5.84978,5.07087,12.6516
6.05247,5.23648,11.198
2.35581,3.85813,8.46834
4.32711,3.22967,8.49794
3.94051,3.07674,9.35239
3.35686,4.31258,7.69755
4.02437,3.75626,11.1711
4.36183,3.2181,8.78681
4.17925,3.55976,8.07045
3.94441,3.30562,8.46585
2.58447,3.50833,6.36249
2.48377,3.17353,8.45049
3.26855,2.9563,9.3302
2.82026,3.68012,7.67199
5.09206,4.178,11.1052
1.87807,4.01995,8.71185
4.54936,4.08378,11.1318
3.68171,3.84298,9.09394
1.81644,3.81173,5.70163
4.57952,3.89174,11.168
3.31566,3.47617,8.73862
4.21879,4.5176,9.23262
5.01926,4.07578,10.1729
5.30061,3.74867,11.1636
3.82822,2.93058,8.99645
4.02557,3.30074,8.63992
3.82512,4.32704,8.62041
4.18348,4.00085,10.1095
5.42002,4.26486,12.0672
3.24878,3.69731,8.49161
2.28084,3.61584,8.345
4.0174,4.89779,10.4471
4.72909,3.90183,9.47965
4.20012,4.95803,9.14662
3.54594,4.76967,8.03624
3.00719,4.8036,7.25439
4.82555,3.06559,8.82709
4.42874,3.87795,10.0992
4.26423,4.46247,11.0961
3.91381,5.05839,10.0563
3.44501,1.62896,7.93305
4.23816,5.25681,9.29781
3.85631,4.45741,9.87122
4.15632,1.09012,8.21601
4.19977,5.93739,11.5788
3.96312,4.38099,8.64656
4.33239,1.25299,8.0654
4.19945,5.98605,9.46206
3.50442,3.15571,8.79311
4.61272,3.48823,9.30744
5.97013,5.38445,11.9884
4.24998,3.70623,9.52499
4.36344,5.14451,10.1017
5.35995,5.04575,10.6428
3.19721,6.42136,11.2228
5.19119,3.27063,11.1646
3.16749,5.42277,8.0167
2.76011,3.2621,8.65312
1.584,4.82619,7.40232
3.60565,3.52964,6.14934
2.67878,5.40021,9.33834
4.07657,3.34888,10.024
2.69569,2.9312,8.47363
3.65501,3.56947,10.2204
4.78008,3.74324,11.0795
3.41613,3.62437,10.3559
3.72114,1.95524,7.01859
3.20503,4.01924,9.23888
3.67259,3.96655,9.42919
4.63841,3.6337,11.5758
4.91143,4.56215,8.45451
4.80181,4.48602,11.1528
4.98605,6.13241,11.5902
4.19348,2.97079,9.32378
2.14396,2.72776,7.55846
2.34347,5.06077,8.07808
3.12288,3.34139,7.44267
4.33555,2.72111,8.62897
5.15394,2.04033,10.776
3.12881,3.27546,9.67382
2.60261,3.8213,6.98644
1.69467,3.98948,6.45006
3.73005,3.04282,10.5593
2.61545,2.02626,7.77455
5.6753,3.38802,11.9676
2.57606,4.25315,7.81279
4.66809,4.78071,9.54702
4.21176,4.33596,10.3093
2.93469,4.56259,8.29277
1.54875,4.77866,5.7614
1.53879,3.82847,7.24394
2.96383,4.3905,9.04073
3.07011,3.99564,8.5613
4.72008,3.83908,9.41686
3.60371,4.44043,10.3528
4.13223,4.3256,7.90631
2.67546,3.81579,7.96571
3.07377,3.30529,8.8562
2.92355,1.43122,9.62297
5.46837,4.61998,12.4392
5.62524,4.52017,12.9541
4.23439,3.9187,9.60828
2.95462,4.76206,9.53459
3.5193,4.07709,8.98034
5.88919,4.7915,14.064
2.47182,3.25823,7.02553
4.6641,4.5922,8.82288
4.06701,4.76595,10.5202
3.15997,3.2468,8.47916
5.22703,3.87869,11.9302
3.73914,4.26868,10.2208
4.84242,3.46201,9.61557
2.61038,3.11945,6.15611
3.26502,3.92044,8.28728
4.14969,3.65456,10.2178
2.63618,4.00884,9.14226
2.9753,2.9897,7.01586
5.03644,3.59907,9.21729
4.63461,4.54221,11.1894
2.56992,5.44116,9.22105
4.90707,3.29251,10.3251
3.44176,2.13729,7.7034
3.76932,5.93026,8.72904
2.67217,2.70594,8.47734
3.7719,2.76049,9.36283
4.15415,2.80095,9.9034
4.75,4.13088,13.1436
3.52536,5.35015,8.45005
4.14021,2.92475,10.0906
6.20828,1.46494,11.2796
3.92582,3.06161,9.88697
3.10609,5.06889,9.04582
5.23098,3.91105,8.25649
3.04161,3.11832,8.28303
4.51627,3.72721,10.5458
4.97913,5.82117,12.4275
4.69902,4.3623,11.7165
3.40247,3.14323,7.27085
2.93804,4.32513,9.61821
4.48609,5.05392,11.2084
3.23234,3.23986,7.51388
3.95712,3.09207,10.0345
1.69317,2.41641,7.39524
5.3617,3.14042,11.4421
3.34048,4.73677,9.30231
5.5595,2.27125,12.2631
4.72591,1.06791,9.77745
5.0208,3.87726,10.6526
4.84642,3.93479,11.3019
3.8654,4.67113,10.1949
5.80706,2.38899,11.7815
3.24014,2.91452,8.27512
2.88625,3.91067,8.97736
5.03251,2.55899,8.62446
3.89593,3.99339,10.7215
2.76115,2.93967,6.1715
3.18999,3.40149,8.05681
4.60977,3.01298,9.32239
3.12789,4.92396,8.20623
2.8959,1.39693,6.79311
2.07462,4.63578,5.27031
4.4493,3.84777,10.6493
5.38346,2.20786,10.3483
5.0291,1.93346,9.29976
4.83578,2.93857,11.9274
4.08285,3.94255,11.2789
3.13295,5.63997,9.34474
4.27727,3.93637,11.2998
3.77737,3.54951,9.0662
4.02107,3.39218,9.01181
4.99514,4.77919,10.2145
4.57561,4.36198,11.2716
4.85513,4.37138,10.5339
5.32025,4.03062,11.5629
5.72099,2.78684,12.5455
5.60127,3.83018,14.0326
5.10984,4.55872,10.6646
3.70976,4.56875,9.48371
4.02846,2.52235,12.0335
2.47295,4.41725,9.04348
3.47622,4.2814,9.12509
4.17315,3.3889,10.9833
4.18886,5.19177,10.07
3.48882,2.63212,7.57368
4.33919,3.63945,9.69678
4.11532,2.68939,9.53646
4.0072,5.42145,11.1422
3.95689,4.35994,11.0209
5.01863,5.86298,9.5078
4.95616,3.97503,9.18987
3.0832,3.40636,10.5582
3.68578,4.2767,9.33815
5.41853,3.64702,11.4062
3.40831,4.58195,8.14256
2.42666,4.37119,7.90337
4.15442,5.05667,10.3442
2.9296,2.34999,8.44202
4.89388,5.56097,10.6667
4.6668,5.55866,11.9169
3.641,3.01047,9.3692
4.24243,5.10721,9.46868
4.11138,4.83597,10.155
5.03738,5.6082,13.235
5.61632,3.89781,13.02
4.24006,5.76498,11.137
3.94085,4.41069,8.55967
4.61724,1.67011,10.5729
4.08189,5.09646,9.33127
5.18003,3.15363,11.319
2.0362,2.19965,5.55273
5.69774,3.33239,13.0055
1.46857,4.22236,8.67553
4.56595,5.81603,12.5907
3.64294,2.72972,10.619
5.2687,4.87192,10.8122
3.71382,3.8046,8.86503
3.4632,3.65395,8.75133
3.43034,5.06129,10.0918
2.75749,4.86166,7.5109
3.0782,4.41647,9.85444
3.65634,1.50254,7.94963
3.79253,2.43642,9.01773
3.16783,4.46289,7.68628
4.12132,4.47715,8.58252
2.99057,3.11513,9.78616
4.09138,6.50869,10.9324
4.75722,3.4311,10.0805
2.52345,5.11494,8.09074
4.45809,3.06416,10.1827
4.7457,5.47409,11.8873
3.5285,3.99106,9.40135
3.85283,3.90909,9.14159
4.34255,3.95401,10.7214
3.25387,4.1466,9.60324
2.98703,2.93924,8.97091
4.74305,2.14168,8.58712
5.33742,2.1048,11.6091
6.18245,4.08522,13.6634
3.06327,3.36739,8.46059
3.67967,2.17007,8.871
3.04248,3.54729,7.87929
3.50401,3.38091,9.94787
3.39204,3.24739,7.38065
3.60132,3.14926,8.95438
3.77356,3.43417,8.85383
5.72789,3.10173,12.7791
5.07779,3.3232,9.76116
3.37456,3.47343,8.78971
4.7938,3.04668,10.2999
3.75513,3.76856,10.1567
3.36685,4.6823,8.50376
4.41205,4.30106,10.1344
4.09401,2.31463,10.1952
3.49578,4.37687,8.38644
4.54449,3.19021,8.35132
4.16328,5.30214,9.9924
4.25606,2.95714,11.4356
5.61328,4.27038,11.7959
4.46826,3.73812,8.3373
2.54116,5.30632,7.37832
3.75832,4.18883,9.74242
1.09549,4.28978,6.42641
5.58906,3.4148,12.1558
3.24661,3.38888,8.00832
3.10163,4.65351,7.39289
4.06676,4.90116,10.4157
3.9722,5.4492,9.67826
4.19196,3.4269,9.10155
3.96125,3.95801,8.5641
4.69881,5.4019,10.4818
3.77287,3.48252,7.56191
4.71378,5.42007,12.0439
3.28075,3.6737,8.16002
4.64875,4.57079,12.9401
2.50512,3.08168,7.95457
4.16643,4.99272,10.0499
5.30697,5.66811,10.743
4.76565,3.64476,9.16616
4.01827,1.73064,7.30461
4.60158,3.55568,8.5334
4.20225,5.79521,10.9731
3.72011,2.52098,9.99037
3.52602,4.69064,10.0065
3.47123,4.41231,11.3418
4.78867,2.6308,9.94096
2.57484,4.01301,7.76635
4.20266,2.41329,9.54299
4.14911,4.42569,9.69905
3.26259,5.11589,7.42968
5.23599,3.76518,9.4396
2.53393,3.94819,8.52992
6.09576,3.69438,11.1727
4.90273,4.99078,10.2798
3.54858,3.88069,9.08824
6.19865,3.59361,12.1623
4.5857,4.42574,7.95688
3.69576,3.36535,8.94636
4.29495,5.08232,10.6035
4.03141,2.30691,10.488
4.99218,2.9796,8.92049
2.82564,4.36699,7.35805
5.56848,3.13406,12.3506
4.13228,3.62199,9.98237
3.33769,3.59438,9.07068
3.59759,4.69974,7.48913
2.3849,3.11298,8.68493
4.04112,3.67574,7.63843
3.69263,3.99443,7.83268
1.82554,3.1947,6.01012
5.45478,5.05219,12.0366
2.64743,3.85103,6.89713
3.89226,4.80425,9.75196
