3
5.86499,5.22031,16.5845
3.41603,3.48081,9.54578
2.49341,3.94586,10.2685
5.00253,3.03333,13.1454
4.73795,3.69581,13.8566
3.38647,4.38,10.9951
4.39279,3.99815,11.8415
4.22461,5.71961,14.0924
4.26397,4.96585,15.546
3.59581,4.12165,12.5553
6.0476,4.50299,16.6428
3.91628,3.70552,11.8727
5.18989,6.6869,16.3039
4.08541,5.68605,15.6538
4.00268,4.36524,12.8095
4.09597,4.29905,12.3886
8.33957,4.34919,20.4284
5.58679,3.99337,15.6413
3.31271,5.22557,12.6242
3.90707,3.21003,11.4852
5.73719,4.47777,15.294
3.33588,2.84372,11.2432
4.11914,4.21516,12.2996
5.62851,4.1116,15.627
4.59824,3.33577,12.7377
4.68813,4.06169,12.8207
5.73547,4.21454,14.8479
3.23503,4.4813,10.7391
5.35247,3.30444,14.2948
3.02993,2.14484,9.39367
3.8163,4.71388,13.4405
3.07738,3.92161,9.54626
3.80628,5.20965,10.1711
4.19635,3.91472,11.8472
5.00536,4.42286,15.1908
4.23384,4.58517,14.0366
4.13254,3.83996,11.2186
4.33981,2.50838,11.3875
3.3988,2.41788,10.3421
5.39216,4.83826,15.1911
4.79134,3.8457,15.3073
5.49363,3.19429,15.118
4.3684,3.26826,11.649
2.95457,5.834,12.3287
2.94202,4.45681,10.7872
4.20786,4.28207,13.4554
4.2242,4.33792,13.3312
4.88736,3.61672,14.0738
5.25557,4.94492,15.1869
3.44067,4.71179,12.5901
4.59687,4.47387,13.2906
4.02036,2.91913,12.184
4.47792,1.14287,10.3286
4.85692,2.82146,11.7305
4.89825,3.5743,15.0436
5.69403,4.45254,16.2598
4.48017,3.74622,13.47
4.75269,3.29123,12.4525
3.64249,2.63512,10.7253
5.1806,3.82404,14.0957
4.31732,4.73286,14.1575
4.70638,3.92237,14.585
5.02724,2.47367,16.0882
4.81508,2.43842,12.5272
5.67376,3.07631,16.5305
3.58868,5.37825,13.1044
3.66311,4.79528,13.1964
5.20358,2.82196,15.1978
3.91667,4.05953,10.9313
3.45875,4.33451,11.0412
4.46511,3.22204,12.1856
2.83868,3.97038,8.23499
4.99808,4.41291,12.8422
4.82775,4.24533,14.3612
5.86892,4.33765,17.5809
5.68343,4.80786,16.4044
4.91771,4.10421,15.8113
5.34065,2.76589,14.2852
5.10227,2.99,15.1175
2.23509,5.15397,9.34164
2.16831,5.43976,11.4183
3.74678,4.3371,12.6876
5.87351,3.29793,14.3929
4.01831,4.5359,12.7321
5.44914,4.83688,13.8161
4.50976,4.28672,12.8587
3.40727,2.65017,10.6498
2.49958,2.8567,7.28988
4.88823,6.35778,15.6626
3.84006,3.92933,11.6147
4.83165,3.88805,13.4411
4.67055,5.65511,16.2353
3.94263,2.90603,11.6735
3.4692,6.86949,12.7368
4.71185,3.4212,13.2616
2.79698,3.00947,8.74815
3.44416,2.80079,10.4056
2.9666,3.54927,11.0961
5.01967,4.16587,14.0593
3.22357,4.52813,11.4697
3.66757,3.72042,11.2972
4.7154,2.94642,13.0317
4.19782,3.48899,12.1878
4.50332,4.75311,14.2508
2.90143,5.85252,11.8738
3.14328,4.24038,11.3815
3.86898,5.1871,14.3286
5.0315,3.31412,15.4402
5.71168,4.0574,16.3033
4.81501,5.41484,14.8875
5.96082,3.98611,15.1175
2.67342,5.59283,11.013
3.9177,4.65928,11.5316
3.66612,3.98143,11.2392
5.10302,4.28535,15.044
4.10788,3.35398,11.6927
2.38883,6.17951,11.836
3.67354,3.68954,12.4194
4.88013,4.35126,11.6254
3.08331,4.21417,8.95981
4.34647,3.26783,13.3915
2.7495,6.18921,11.1658
3.85415,4.70863,12.698
3.12323,4.22998,10.2095
2.60505,3.91719,9.33193
4.7291,4.17181,15.4656
4.63395,4.78852,13.3003
2.32878,5.60354,11.2323
3.56533,2.41897,10.0886
4.42976,4.07117,13.7318
5.64064,4.74267,16.6826
2.4924,3.87659,10.4502
3.90241,4.44337,11.2918
5.24001,4.40129,16.4968
4.36604,3.94197,12.8722
4.63783,4.31827,13.3476
5.40498,3.66738,15.806
4.39452,4.80308,12.885
3.29981,4.88248,10.884
5.35128,4.3772,18.0537
3.93556,4.78467,12.3214
3.18492,4.575,10.252
4.50337,4.16532,14.0175
5.53754,3.21644,15.2175
4.96453,4.1119,12.6994
2.55039,3.26564,7.21466
3.81941,4.95925,12.3569
4.10585,3.28669,10.9383
4.38017,4.14632,13.3435
5.64427,4.12967,13.755
3.75323,4.71042,11.6767
4.17987,3.83537,11.0765
4.37684,3.61629,15.0099
4.58432,3.16793,13.6319
3.47152,4.34554,11.7107
5.58963,5.45586,16.9676
4.41674,2.61743,12.9671
1.80333,3.84996,7.15921
5.15122,3.27721,14.3608
6.05501,3.97577,16.3984
3.86491,3.40289,10.8973
2.0259,4.27247,9.55384
5.41909,5.39316,16.0309
6.00006,4.03747,17.3019
6.26461,6.28305,19.0949
3.48207,2.94902,11.5804
2.50565,2.66308,5.85012
4.87249,3.26982,12.3324
3.85422,1.961,11.3341
2.93941,6.79215,14.7273
2.73364,4.63283,13.1946
4.57275,2.86962,13.9839
4.45903,2.56395,13.2865
2.59745,3.96841,10.8695
4.35297,1.78756,9.95315
3.12826,2.80327,10.3882
4.86612,4.35168,16.802
3.96842,3.63408,11.2825
3.93211,2.6538,10.7133
3.77662,3.95838,11.3249
3.8312,3.62035,12.3
3.19509,3.97365,10.2253
4.4147,2.11923,11.54
4.86106,4.09947,14.5524
2.55657,3.67384,9.68871
4.04701,2.89059,11.2247
4.29361,4.14273,12.1166
2.87504,4.0878,10.6804
3.00998,3.93445,11.2739
2.35386,4.54039,9.8931
4.61367,5.90512,16.6457
2.99576,4.57232,11.4483
4.51222,2.73632,11.8827
4.43572,3.14706,13.0358
7.58315,3.95439,19.899
4.80827,3.4845,14.4417
4.4632,4.93389,11.9807
5.2445,4.4286,15.4631
4.20971,2.15413,12.0923
4.17482,2.30041,10.2769
3.28406,4.78153,10.6539
4.95194,3.16498,13.9689
2.14924,4.20765,9.2243
3.74121,3.16757,9.81905
4.77223,3.98793,13.4014
2.71362,5.81241,10.0783
4.14756,5.29874,13.1745
4.53403,3.45435,13.0586
3.90939,3.4305,11.8007
4.99369,4.14518,15.8098
4.01654,2.21832,10.7804
4.09822,3.92209,11.7742
1.44773,2.92242,7.13745
2.94794,3.34424,9.81975
2.94337,4.28005,8.33769
4.02234,5.70121,15.053
4.49687,4.53615,12.3429
3.99397,4.28429,12.3294
3.10389,5.12151,10.4383
3.01594,4.09508,10.8864
4.41979,4.02587,13.3356
3.75817,5.54692,11.0273
3.85437,2.85437,9.82541
3.17091,4.17722,11.1623
3.08767,3.70973,11.3347
4.71039,2.84365,13.8496
3.02781,5.11802,12.4289
3.55552,1.13476,10.9718
3.89954,4.05277,13.1243
3.80347,4.78468,13.6713
4.85203,4.20581,15.6693
4.07163,3.39724,11.4057
2.76858,5.92815,10.4741
4.70935,2.71547,14.1653
4.63016,3.79496,13.6558
4.73028,4.09327,13.7489
2.97847,4.46451,12.6747
6.17351,4.30337,17.0165
4.75993,3.64642,13.1283
4.37,3.88973,13.9256
3.38187,5.85718,11.099
2.5765,3.04292,9.77477
2.81687,3.74593,9.68948
4.13409,4.10687,11.8813
3.70986,2.81847,12.5805
5.55296,4.5618,15.1185
5.91875,6.37956,17.6882
3.76741,3.16501,10.5431
5.07719,4.11295,14.3631
3.05886,4.07402,11.1279
3.67661,4.49015,10.7064
3.05547,3.21178,9.3869
4.32471,3.73071,12.8643
4.62431,3.38445,12.7041
3.32058,3.45707,10.0839
5.17072,1.40185,14.1643
4.24994,4.86613,13.1454
4.17858,3.01406,14.0222
4.27793,3.79693,13.7575
3.66881,5.44987,12.4636
4.67891,4.34356,12.9157
3.7991,3.11317,11.837
4.55353,4.4964,12.8214
4.32113,3.77586,13.9387
3.38054,1.95351,11.489
3.71719,2.64522,10.4426
4.99526,3.19008,14.2874
4.39004,4.09379,12.7997
2.83416,4.10706,11.3509
2.1512,4.38153,8.49232
3.90017,4.31187,11.6771
5.32901,2.87042,14.2454
3.46515,6.03247,13.466
6.86035,4.14025,19.6534
3.73762,2.19977,9.62754
4.54991,1.86033,13.01
3.87156,4.46066,13.1631
3.49254,4.98264,12.606
2.42973,3.63841,8.97586
3.72197,5.16609,12.6652
3.57317,5.02515,13.7437
3.83875,5.8826,13.3256
4.34192,5.43849,12.852
4.20975,6.35124,13.8165
3.83894,3.8992,11.5402
5.03818,3.80428,13.7792
5.26974,4.67804,14.9111
4.4309,4.10917,11.1276
3.48285,3.18544,10.0395
7.06672,3.89947,18.7154
4.65035,2.85348,12.2846
3.96943,3.14011,12.749
3.14054,4.90127,11.3317
2.86136,4.43342,10.8629
3.71324,3.48172,9.88815
2.18264,3.1414,9.26901
4.36586,4.74178,12.3391
4.05301,2.80814,10.3965
4.1882,2.56615,10.2196
5.55927,4.54127,15.7131
3.10168,4.18855,10.9792
4.11361,3.9578,13.8516
3.98403,4.11161,12.5359
4.67432,3.26196,12.7228
6.48303,3.49438,17.3884
4.00749,2.37251,11.1025
3.62273,4.48168,9.53979
2.91184,3.0224,10.1777
4.36083,5.19389,12.0149
2.93267,4.10759,8.5385
3.71766,3.51159,12.0726
4.29801,3.31461,12.2824
4.35227,5.52361,14.9005
2.10391,4.43167,10.1866
2.65836,4.82595,7.97347
3.66061,4.41495,12.8078
2.89691,4.3047,10.1633
3.80272,4.0778,11.1147
3.3622,2.99729,10.4902
4.50984,6.05731,15.1543
4.36391,5.51646,12.9823
3.0652,5.02799,10.7259
4.60101,3.56097,13.086
4.38948,5.1575,13.0622
5.01972,5.3401,15.3692
1.54853,5.73148,10.5465
4.65961,2.17847,14.459
3.48392,5.45606,11.0643
2.72824,3.50798,8.92644
3.61802,3.19394,10.3862
3.21029,3.20324,11.3526
2.86664,5.12269,10.6658
4.48222,3.42269,13.816
6.0431,5.5932,17.918
4.79463,4.61397,14.1622
3.48265,3.40366,9.05544
4.09537,5.4788,12.1562
3.59268,4.3571,12.049
4.59637,5.33836,15.5043
4.69223,4.13928,15.7417
4.56933,3.54254,13.2638
3.70231,4.90694,13.5956
3.46,6.40045,12.8998
3.92839,2.63718,10.4173
4.36159,4.63629,14.2473
4.74326,4.48557,13.1215
4.30829,4.41675,13.1549
4.6016,4.55317,13.1895
5.27004,4.56523,13.9613
3.9894,3.54127,12.1928
3.14842,5.20086,9.15495
3.9586,3.75728,10.2102
3.89908,2.86066,12.1187
2.70666,3.85893,9.41825
1.94745,3.77072,8.79213
2.70934,3.64624,9.45205
4.47087,4.62415,12.9593
2.02389,2.25828,6.94716
2.51486,2.5128,9.23258
4.40952,4.43564,13.2984
4.95501,3.40819,13.4766
5.68221,2.77026,14.7262
3.91487,1.57562,10.1737
4.10527,5.00211,13.607
4.88721,4.3409,15.3194
1.96945,3.72445,8.33663
3.4298,4.34742,11.5939
4.50032,4.84387,13.9476
4.43939,3.71879,13.0456
4.84432,5.09815,13.4532
6.84543,2.72519,17.8697
3.5037,4.37238,10.7082
4.36401,3.69347,11.4059
3.88421,3.00495,12.8736
3.24585,3.13203,8.27918
3.82202,5.6471,12.389
4.73085,3.38559,13.0077
4.03264,2.7184,13.1268
4.76553,4.426,14.6675
4.84185,4.16116,15.562
3.35676,3.93258,10.0182
3.05383,3.87329,11.1996
4.47544,3.09884,13.3846
6.84462,4.44074,20.1052
3.512,6.13497,12.5177
3.99212,3.89533,12.1694
3.93713,3.33762,11.1688
2.84933,5.37797,12.2508
3.96093,4.96594,13.1557
3.44159,3.28817,10.8013
3.76658,3.75586,11.1551
4.44324,3.49174,13.1877
3.9394,1.41797,10.1354
5.75481,4.19927,16.4542
2.90602,4.00279,10.4832
3.97233,3.86267,11.6869
3.41105,5.59287,11.2028
4.23859,3.519,12.2035
1.54654,4.0773,9.45076
2.64586,4.71594,10.5732
3.96034,5.01177,13.3366
2.59567,4.17321,12.0096
2.92963,5.74577,12.0663
2.2688,4.60365,10.006
3.36214,4.56709,11.5567
3.03642,3.07901,10.1819
4.11873,1.57632,10.1968
4.69495,3.81931,13.7829
6.76018,4.16178,18.142
4.89357,4.19914,14.5837
2.99088,3.39098,10.0738
4.91789,4.73214,13.9931
4.11098,4.72242,13.4419
4.50952,3.67737,12.3514
4.19907,5.14063,13.7464
3.4147,3.35183,11.9435
4.13478,4.30027,12.2461
3.57043,4.21874,12.1537
4.7359,4.37246,15.7054
4.67019,4.71391,13.7309
4.3535,4.40678,12.8267
2.57199,1.7097,9.87536
4.99629,4.85728,16.5845
4.07818,5.62834,11.9449
4.06081,3.20341,12.9351
5.23416,5.7038,17.2515
4.60774,3.14241,13.73
5.19519,6.08073,15.2849
2.89642,2.87611,9.08484
3.59254,2.48765,10.8566
4.57319,3.82429,12.2185
3.83633,3.83732,12.7374
2.62341,1.88593,7.33242
2.72113,4.04195,9.68416
2.39245,4.64173,9.81024
3.75708,4.28528,12.2686
5.68435,2.69047,14.7195
4.08061,3.784,13.6144
4.15549,2.21226,10.9755
4.52746,2.10207,10.9735
4.8082,4.41407,14.6303
1.79186,3.10106,8.03739
3.58562,3.87695,11.66
3.67565,2.73373,12.5775
3.15169,2.27678,8.50521
3.17545,4.06279,9.68298
4.90079,4.16019,13.6783
4.66788,5.96647,13.8794
2.50261,3.25458,9.19863
3.27017,4.61249,9.39967
4.54542,3.44855,12.509
3.15974,3.72277,8.95148
3.3672,4.51356,12.7792
3.8495,5.03532,13.3516
5.41988,3.60938,15.2454
5.00443,4.97107,17.0395
2.45708,6.77196,12.2864
2.06137,5.21614,10.5715
3.88898,3.86526,11.0724
5.21142,3.82803,13.6417
4.31514,2.96292,13.7268
3.34046,4.23788,11.3596
3.86567,4.99473,13.6174
2.19116,5.13835,11.0424
4.1413,3.66842,10.8464
5.77778,3.02506,15.705
5.94085,4.79492,15.3438
3.85425,3.08733,10.711
2.66426,2.19706,8.96423
4.81862,4.18066,14.1138
4.15443,4.02104,11.8886
4.19901,2.78297,11.0701
1.47164,3.84986,8.1217
3.65962,3.08843,12.1587
3.51162,4.49956,13.1219
5.46165,4.73773,15.5823
3.19638,4.9088,11.0627
3.24438,4.67908,10.6858
5.06457,3.99138,12.2527
2.57806,5.14833,10.0024
4.4475,1.62772,9.86679
3.59249,4.56728,12.1298
3.83004,3.34761,11.7648
4.05934,4.91796,13.6122
4.12861,2.66074,12.1455
4.12241,4.63346,12.0949
5.14377,3.08695,16.0713
6.13559,3.68252,17.1
3.03664,4.00472,10.5159
3.5228,3.19426,10.1142
4.2381,5.23727,14.7127
2.74902,5.05199,10.3433
2.41391,5.17418,10.0226
4.38698,3.17441,12.0335
2.78969,4.19584,9.6462
4.09402,5.44255,13.3108
2.8516,4.40227,10.6185
5.79402,4.05946,15.6761
2.13765,3.81353,6.22116
1.67954,4.42879,7.09518
1.68915,3.71693,8.06801
4.71403,4.1911,12.8607
3.55836,2.96695,10.8941
4.73026,5.26099,15.6311
3.79532,3.52505,10.636
4.68733,2.66629,12.357
5.72189,4.89492,16.2988
2.99557,2.04511,8.53635
2.48167,3.90707,9.4491
4.13715,4.30012,12.4803
4.0544,2.90918,11.0721
3.53252,4.73149,12.0753
6.61843,4.93024,16.2757
3.91908,2.67204,10.5609
3.47672,2.7168,8.49504
2.66276,4.25513,8.97158
2.57129,4.04955,7.95074
1.87064,3.9966,8.57807
3.16337,5.83945,12.3382
2.58021,3.47166,9.12216
4.0713,2.00081,13.0248
4.66726,3.90264,13.5058
3.84212,3.79444,12.2846
3.47646,3.29222,10.7519
4.01382,4.29282,12.6543
4.61486,3.28856,13.11
3.77107,4.37013,13.0403
4.73635,4.48919,13.4511
4.25853,2.54988,11.9524
4.68859,3.25321,12.2386
3.48113,4.59451,11.0914
2.27745,3.99181,8.5643
2.37278,4.5971,11.0315
5.12793,4.73744,15.1563
3.37131,4.65309,12.302
5.3769,4.09225,15.2059
3.72358,3.80678,11.9386
5.6047,3.34238,16.7813
4.46839,4.52318,13.2364
4.03828,5.05918,13.8628
4.02138,3.99408,12.3713
3.31823,3.57918,11.0516
4.19971,3.77675,11.7028
6.30783,2.54618,16.8981
4.16019,3.13777,12.5295
6.8627,4.05846,17.5531
4.53835,3.25948,11.4142
3.59855,4.51749,12.1585
6.10597,4.84745,16.3766
3.78665,5.469,11.5367
3.39079,4.97879,10.5361
5.74723,2.79844,15.3561
3.25904,3.82107,10.1559
2.24355,2.69869,7.30285
4.68094,3.79735,13.1013
3.23247,2.72623,10.0943
2.86824,5.20326,10.4816
5.12196,4.67709,15.1787
3.28942,3.89828,11.0582
5.06462,4.24406,14.317
3.19223,6.10141,12.9957
4.13606,3.23232,11.2458
3.4868,3.29987,10.0216
3.71739,2.8828,11.4386
3.1503,2.93185,8.70918
2.83987,5.07315,11.5623
4.32789,3.22748,11.9686
3.04148,6.26319,11.8963
4.62125,4.33022,13.3135
2.48504,4.09873,9.8794
3.45342,3.29374,11.2315
3.12272,2.76392,9.97165
3.17394,2.69147,10.796
3.65101,4.1889,11.5501
3.11607,4.42217,9.61484
0.858655,2.99173,7.16117
4.30056,4.00685,12.3268
2.87541,5.80967,11.4739
4.88978,4.51924,13.2923
4.87519,4.25844,14.0992
5.73884,4.60584,15.5314
1.70332,5.65977,10.619
3.40965,2.70719,11.6559
2.70911,4.46997,11.4713
3.56352,5.6469,12.4039
4.0432,6.6335,15.185
4.85001,3.81027,13.1911
4.35716,4.67127,13.5731
6.40624,4.92099,17.7496
2.66392,2.02357,8.89297
3.14363,5.07577,11.4818
3.26052,4.63658,8.60049
5.66408,3.77977,15.3557
2.60287,3.00905,7.33753
3.73198,3.69414,11.3716
3.93642,4.22219,11.4978
4.16775,4.17454,12.1399
2.89323,3.44491,9.96503
4.09397,2.85552,10.508
2.89243,4.96663,9.8831
3.22005,5.53057,11.7351
4.36509,3.99394,14.5873
5.56211,3.10147,15.655
5.22061,3.60423,15.8461
5.11478,3.44745,16.2384
1.88152,4.01265,8.19088
4.55749,3.62502,13.3547
3.59794,5.14652,11.9309
4.96522,4.25386,16.1651
5.34023,3.63355,15.1192
5.34115,4.32687,16.1913
3.30921,4.3329,10.0206
5.08433,3.91572,13.4007
4.40081,4.72051,12.8367
3.83872,3.56158,12.1174
2.98769,4.70879,10.1737
4.43738,5.14749,14.2865
5.80406,4.10421,17.082
4.18866,5.53803,12.8023
3.84894,4.21322,10.3243
4.84652,4.77628,14.4503
5.63863,4.03817,16.1938
4.18014,5.75849,12.9284
3.08048,2.65456,11.0747
4.1345,3.35593,12.6872
3.41554,3.66498,10.2696
4.63681,4.51615,13.1108
2.8861,5.83994,12.2063
4.23569,4.42823,12.1795
2.93126,4.02813,10.2035
3.36781,4.98085,11.7428
4.71567,3.52926,13.1421
3.88453,3.94047,10.5873
3.08636,5.90507,14.2344
3.78442,5.08193,10.3256
5.97172,4.22263,17.425
4.30608,2.83214,10.3801
5.76128,3.61165,16.4386
4.0039,3.59177,11.0986
4.05439,2.59628,10.4191
3.03936,4.42118,10.5309
4.72388,3.74196,13.8574
4.85973,4.55774,12.7964
3.1059,3.59413,10.8453
3.72281,4.13047,11.4655
3.83212,4.16613,13.6228
3.57884,5.63377,13.2496
4.94889,5.59506,16.2965
2.23778,5.91539,11.602
3.92596,4.2814,12.5013
2.94065,3.83456,9.95596
3.91561,3.10091,14.1428
5.24483,2.91659,13.653
2.04437,4.7515,8.33234
2.9713,3.98196,10.0212
2.68091,3.92611,10.7808
4.28309,4.72342,13.6479
5.02494,6.80121,16.4093
2.55832,5.07719,9.15939
4.03872,2.08842,10.6559
6.19502,4.02081,17.5027
3.08815,4.40989,9.58045
4.31338,2.15912,12.4394
4.08656,4.17082,13.5872
4.8956,4.96385,15.1105
4.40866,4.31503,13.2458
4.98567,4.79361,15.4577
4.4588,5.16485,14.0547
3.74001,5.61998,12.6345
5.03208,3.94877,14.1011
3.5857,4.63282,13.0351
3.42806,4.81871,10.949
3.32807,5.5845,12.5311
5.37183,2.53852,14.7744
4.24614,2.4067,9.06641
1.65043,5.64354,8.66489
5.42129,3.45418,15.281
5.53757,4.21674,14.3337
4.08693,2.47808,11.8838
3.97395,5.98456,11.5843
2.57863,2.41732,8.55338
5.45926,4.76962,17.272
4.83102,4.24752,14.9125
4.21649,4.70602,12.474
3.73329,2.95186,9.03197
4.82068,6.29341,14.5653
4.4936,4.16616,11.5514
4.12505,2.67361,12.4408
5.46207,7.2834,16.3318
3.27006,4.62249,10.7696
2.97778,4.21052,12.3928
2.06095,6.35596,9.71668
3.18933,3.00708,10.6499
4.60009,4.79759,15.0404
3.92222,4.46738,12.1453
2.02802,3.90166,8.57932
3.43614,6.04646,12.7849
2.7329,4.13035,9.82882
3.32589,4.59544,12.2027
4.94101,4.00609,15.5772
4.43475,4.17992,11.3294
4.11858,4.48742,12.2127
4.02353,5.17425,13.8558
3.23441,5.39162,13.3692
2.43171,4.11067,8.45296
3.00862,4.70625,10.6825
5.20515,6.04213,15.4549
2.93317,3.44326,11.0735
5.12008,2.59021,14.6741
4.88651,3.69991,15.1307
4.28065,3.58824,11.0531
3.36469,4.37931,10.7173
3.55078,5.76037,10.3179
3.20295,3.55282,11.2541
3.62524,4.60817,11.9235
3.60193,0.438462,10.1516
4.73894,4.46669,15.0094
2.56742,5.77997,11.5742
4.18651,4.68583,14.5092
5.71771,4.13719,15.1969
4.36971,2.83653,11.581
3.27988,3.41711,10.0564
3.90482,4.11111,11.6191
4.12202,2.99921,12.2492
4.03388,4.64797,13.14
6.58587,3.34595,15.9488
5.30759,4.14713,16.6345
3.01261,4.67263,10.8135
2.4032,2.15047,9.70765
3.49871,2.96147,10.8557
4.12474,4.54053,11.5485
3.78241,3.11392,11.922
3.58107,3.31798,10.6233
5.15763,3.35,13.9614
3.31853,4.00132,11.7352
2.10555,3.93612,8.12064
3.43264,1.82552,9.93903
4.64993,4.12566,12.9009
4.695,3.93406,14.0603
3.35142,3.49805,11.0975
2.6825,3.35453,10.5371
3.29926,3.48864,10.0951
3.35044,4.2113,12.7734
2.79391,4.94826,12.3044
4.20457,3.20602,10.9406
5.409,3.11893,14.2482
4.11719,5.1518,13.8411
4.29686,4.03491,12.2839
3.33186,4.97743,12.0643
3.851,4.03029,12.1778
3.60182,3.13354,10.2141
3.39706,4.34316,11.8518
4.12529,6.19762,13.4422
5.62962,4.38453,14.9802
2.84652,3.24962,10.7218
3.05825,4.13868,10.2406
3.79461,3.96414,11.2599
3.27685,5.81978,13.505
3.84894,2.66365,10.8746
2.72968,3.33594,9.31795
3.72721,4.21842,11.6805
3.12301,4.60129,10.1716
4.68786,3.45389,13.9219
1.58074,4.04272,6.91883
3.06342,3.51069,9.98
4.91012,2.69218,13.7849
3.77398,2.2468,11.3106
5.45972,3.73928,13.9461
4.90735,3.56357,13.0791
3.54091,4.88845,13.0752
5.41316,3.79982,14.6296
4.55685,5.5173,14.1041
3.13075,3.76053,9.63205
2.15105,4.59699,9.566
4.51981,2.78872,12.471
3.9523,4.13619,11.7608
3.23448,3.80977,11.8581
5.02642,3.29426,14.1039
3.68465,3.73042,10.7035
2.60829,2.67039,8.37206
3.38456,3.85361,9.96871
5.5498,3.04375,15.174
4.04966,4.47049,12.9902
4.97234,2.14064,13.52
4.23812,4.10436,10.6521
4.03749,3.67353,9.76177
2.81459,3.13379,8.83959
2.58013,2.73835,9.40846
4.27325,2.66985,13.3499
2.73526,2.67232,8.20218
4.70074,5.84536,14.5184
3.5232,4.33043,13.307
5.1423,3.33063,14.4882
4.35021,3.26101,13.6087
4.95282,3.46633,15.5381
3.92026,4.00077,10.8315
3.64829,3.63632,11.9064
5.25377,2.36676,12.9796
4.21468,3.55915,12.1095
5.65036,4.84578,15.7415
5.26568,3.12107,13.4292
4.31085,4.50053,14.1173
5.10622,3.34196,13.5508
2.88719,4.60473,9.33747
4.28406,4.00993,14.0216
3.28507,3.56975,10.0026
3.61225,2.33125,9.12651
3.53662,6.98391,14.6098
4.24401,3.81238,12.5958
3.01158,3.90372,10.9752
4.53975,2.94103,12.3231
3.77302,4.80571,12.7542
5.38957,3.50258,13.8276
3.9923,2.93562,10.8267
4.50846,5.11794,12.7889
2.40647,2.36307,7.94416
2.26811,3.39591,7.75319
2.56768,4.22457,10.061
3.42707,3.77417,10.1937
3.52675,5.19827,11.49
4.12358,2.37517,11.1649
3.74581,3.20278,10.6556
3.5393,3.87659,12.1587
4.5066,5.49358,12.481
5.89389,3.45694,14.9989
6.46564,4.10902,18.9551
4.66819,2.56573,13.5472
5.13668,4.94926,16.0973
5.2511,2.88363,12.0879
4.77387,4.8556,16.2319
6.22782,2.16214,15.7673
2.50893,4.86156,9.88005
4.63657,5.13054,14.7021
2.82237,4.11805,8.7856
3.43164,5.07293,12.5525
3.67075,3.01261,10.2914
3.2271,5.14641,11.4271
3.84286,4.69947,13.0577
3.62756,3.28657,10.2278
3.19002,4.27198,11.2541
4.48027,3.89082,13.7495
4.63879,4.67682,14.2274
5.12943,3.21074,13.0973
5.54897,3.77927,15.9181
4.1692,4.48651,12.7128
4.16709,3.63425,12.4797
6.82731,3.57358,17.0252
2.81084,3.81164,9.59483
3.50367,5.09697,12.9897
1.71971,6.11955,9.79882
4.07149,3.76582,10.6796
2.7676,2.98818,7.02201
4.2822,4.43973,13.0875
4.79339,5.57025,16.0131
5.2322,4.77634,15.0369
3.1754,3.07199,11.3001
5.33309,3.10905,13.2789
4.336,3.46499,12.5727
3.54221,5.01131,11.751
3.62464,4.23088,11.5156
2.88685,3.35085,10.1129
4.89322,4.52681,13.1935
5.21147,2.40825,13.8519
2.32386,3.31788,10.1369
2.87379,3.56627,9.13575
4.14512,4.96321,11.5647
5.69814,4.47112,14.6543
3.87093,3.51319,11.6907
4.19601,3.06104,12.8732
6.31425,3.52178,17.7032
4.0972,2.01152,12.3197
3.99793,3.46401,13.0791
5.09716,5.91872,17.92
3.10751,4.35904,11.1805
4.84842,2.71047,13.9457
4.75528,4.17296,12.8371
5.2058,3.2013,15.4235
4.28806,3.45586,12.7199
3.91104,5.16472,12.6612
5.38325,5.62314,16.5481
2.78605,5.51197,10.5324
3.11659,3.93561,10.4975
3.69532,4.78005,13.1739
2.83957,4.23614,7.81994
5.63349,2.7649,15.4845
4.60401,5.33605,13.6912
4.76863,4.32753,13.0968
4.28095,4.01114,13.0558
1.98297,3.40585,8.51362
4.28697,3.44319,13.6615
3.63245,2.37319,11.0316
4.38919,5.40461,13.6787
5.10144,4.60013,15.2581
3.96933,3.4047,10.1229
5.29869,3.49734,12.3739
3.92954,4.15747,12.8885
3.95362,4.61828,13.3675
2.69281,3.79072,10.3755
4.22106,2.67289,12.2828
3.78904,3.2189,11.7682
2.72549,4.7445,12.0349
4.54314,2.28321,12.3292
4.38166,3.76162,14.2551
4.33775,4.22808,13.2411
3.30507,5.97879,13.4264
5.18735,3.44881,13.3563
2.63335,4.52132,11.019
4.97451,4.13118,13.3729
3.11835,3.98595,9.36161
2.19524,3.4249,9.55713
3.9146,3.00083,10.8078
3.51206,4.39025,11.0358
3.41512,4.57831,11.7224
3.4712,4.24815,12.7972
2.76085,3.34134,9.84728
2.21873,4.89889,9.04667
4.58268,4.58197,14.2601
3.48136,3.9718,10.931
4.26707,4.02386,12.0729
4.6852,2.90883,13.3991
4.5107,4.94275,13.5539
3.86891,2.90695,11.4663
4.16348,4.95461,14.065
3.68094,4.0444,11.1536
5.16847,3.37144,13.7448
4.49941,3.87728,13.5151
4.68741,3.25746,12.0356
3.83305,5.0355,14.076
5.23045,4.48468,14.4066
3.93918,4.74951,11.3209
3.95884,4.17169,11.8014
4.32002,3.59771,12.239
1.87,4.96836,8.56395
4.59349,3.42269,11.6624
3.249,4.53389,10.978
5.41961,4.18682,15.5548
5.43172,3.53667,14.8962
4.26342,3.78873,12.3715
4.84204,3.78241,13.4972
4.04924,3.3409,11.5691
2.64771,4.52244,9.69801
5.50223,2.1435,15.8366
4.88752,3.9833,14.9812
3.80739,5.77154,13.1722
4.70471,4.82122,13.8432
2.99381,4.96586,9.4698
3.70324,3.06499,11.5319
2.80788,4.75451,10.9887
5.15256,5.21406,14.8119
3.45288,4.93543,12.7098
3.74321,2.85566,12.0725
3.37826,3.64303,9.89816
3.10628,4.58307,11.8683
3.80206,6.0807,14.0079
4.80416,4.56397,15.1192
2.94506,3.19311,10.8959
4.75925,4.90507,13.2257
3.86574,3.97315,11.3652
5.5303,1.94662,14.6421
3.06226,3.26887,10.8568
2.43681,4.61796,9.73433
3.51003,3.69323,11.266
6.32873,4.0021,16.5603
5.06323,2.33634,12.7271
4.52024,4.40073,13.5707
3.46356,2.57587,11.5518
6.5049,3.29279,18.3405
4.00544,4.1411,12.1081
5.40418,5.67629,15.0467
2.70881,3.96971,10.1058
5.49775,3.67797,14.8474
3.76465,5.13118,12.265
2.52829,3.27239,9.01027
3.40209,3.80917,10.4798
5.2922,3.10961,12.9701
4.02234,2.31373,9.92059
4.67583,3.13363,13.9365
2.44009,5.95636,10.3349
1.72552,2.58878,8.11672
4.43647,4.71171,13.5893
3.88793,5.78351,13.3625
4.0216,3.15198,11.2156
4.59745,1.11004,10.828
4.18385,3.40329,13.2691
4.99624,3.66672,14.8215
5.75308,4.00325,16.5967
4.04361,5.61644,13.2582
4.43927,3.12045,13.1119
4.79016,2.9812,12.8471
4.06737,4.54347,13.4855
5.18799,3.57856,14.6044
6.02986,3.34675,16.7862
4.28773,2.48379,11.1042
3.7037,4.26605,11.7439
4.27149,4.93649,14.7251
2.95165,4.60149,11.1317
3.49629,4.17369,11.5286
4.23119,3.99169,12.8854
4.62253,3.07543,12.3836
3.7168,4.8979,13.7065
