3
1.96823,2.8943,23.4519
1.80117,3.86224,40.1481
2.88777,3.46965,32.5789
5.66595,3.39089,33.1619
4.94958,3.59302,33.9468
4.13024,4.21706,50.9872
0.788757,5.32825,85.0706
4.04289,4.04627,45.5912
4.63125,3.74625,40.0135
3.20598,2.959,26.9822
2.32568,2.74824,21.7222
3.35836,4.89587,69.616
2.28431,3.48054,32.8316
5.67392,3.88706,44.8324
4.11011,5.37195,86.0552
6.16937,3.32243,34.8338
3.0991,4.78877,66.8647
3.93051,5.15172,77.2843
3.60918,6.3257,128.309
3.12079,3.41102,32.8022
4.71791,4.78963,67.7093
3.59492,5.5442,94.1907
3.63184,6.12973,116.565
2.31316,1.76514,10.0697
2.58696,4.17976,48.8681
2.87051,4.00854,44.8017
3.27723,3.55956,34.2184
2.97602,3.86609,39.791
4.51209,3.9605,41.2763
2.13215,3.36274,31.1575
1.14811,4.51614,55.2818
3.25794,5.96409,108.268
4.6493,5.88466,105.946
2.95126,4.61576,60.5569
3.60613,2.5803,20.8788
4.94729,4.64958,62.7902
6.4363,3.514,35.9739
4.78944,2.87422,23.1668
4.8787,2.3583,17.8724
3.46604,3.30889,31.1308
4.86765,4.18047,49.7116
3.57062,1.93566,13.1511
3.06112,4.88379,68.0257
4.93978,4.94445,71.6368
4.73139,4.06648,47.4134
3.92753,5.12698,76.2184
2.14464,2.66423,19.8523
5.26972,4.45847,57.1787
4.17855,4.78603,67.4356
2.43659,4.94655,70.6814
4.2004,3.29846,30.0499
6.5283,4.15001,51.8097
3.81721,4.47898,57.5112
4.47778,3.43396,34.0031
4.94241,3.30742,29.9466
3.34548,3.94538,45.1005
5.37298,4.44532,57.471
5.89187,4.38898,54.8706
3.81722,4.16577,48.597
2.89117,3.57232,35.6126
4.59077,2.61387,19.5416
4.63772,4.1048,48.6845
4.46171,3.05874,26.7314
3.75032,3.58771,37.8774
3.6917,4.16576,49.7816
3.8281,4.90316,69.748
4.08133,3.087,26.2544
3.46527,4.27554,53.4797
5.70114,5.20856,81.5399
5.1126,4.63205,62.7066
3.56028,5.67228,97.8964
4.45026,3.59183,36.5604
3.41839,3.07397,27.3273
3.38218,4.59413,61.8121
4.88695,4.31738,53.8078
4.05575,2.60683,20.6947
4.33225,2.27682,15.1193
3.46189,3.64477,37.1165
4.5822,4.91537,69.7695
5.76324,4.73452,64.5528
3.11121,3.19715,28.6706
4.77982,4.29784,51.7644
3.81575,1.78118,14.0091
4.18077,2.49302,18.1856
2.77029,3.68726,37.5689
4.31832,3.27796,30.7096
3.12725,4.49416,58.3009
2.79715,2.18472,15.5118
4.79342,4.55013,60.6794
4.74872,5.08843,75.6514
4.80014,3.56303,34.5882
4.79817,5.39358,87.6092
3.65524,4.10162,47.6323
5.22244,2.90651,25.2569
2.36166,4.58826,59.4902
3.25018,3.69633,37.3083
3.31106,5.63922,97.2717
5.13828,4.37837,55.9385
3.62521,2.44071,19.7813
4.96419,6.13501,119.379
3.15081,4.98684,74.7595
4.66217,4.18656,52.1195
3.00202,4.18869,49.3885
5.89325,3.80741,42.0207
4.78318,3.50856,34.29
2.59908,2.98046,24.215
3.64711,4.40983,54.0683
4.78221,4.14029,48.5801
4.7532,5.4713,90.9351
3.26778,5.38917,85.4252
5.13256,4.1811,49.6149
5.97295,3.63972,37.187
3.53459,3.35229,30.9518
3.15015,4.4959,57.0308
3.55318,4.74424,66.6539
5.36096,4.69934,63.4882
2.57334,6.27984,124.91
4.76278,2.87038,24.2688
5.05225,1.97177,16.4141
4.47942,3.39036,32.3947
2.42435,4.01982,43.9012
4.44578,2.76308,22.8059
4.27004,5.1369,78.2226
3.12492,2.54912,19.8102
3.22044,3.32447,31.9398
3.76759,2.84157,23.1872
3.87222,5.16352,77.7063
4.22486,3.63376,38.064
4.44439,3.9733,44.7142
3.45691,3.60712,35.7706
4.29433,4.46348,56.999
3.22601,3.58133,34.8083
4.71578,4.45689,59.6086
6.58209,4.8347,69.4093
5.11387,3.24619,30.1289
3.63097,3.7825,40.2864
4.4794,4.96318,69.8533
3.94728,3.56345,35.8408
4.74438,4.96646,71.9838
4.38391,4.37067,56.5298
3.51626,3.97862,43.7607
3.77054,5.26088,81.5492
3.83832,4.21391,50.3096
3.32858,4.5858,59.5845
6.77472,6.0209,113.656
3.30309,2.37106,17.6354
4.12862,5.44576,88.2899
2.98637,4.04163,46.0251
3.37113,2.35088,16.6202
4.45849,3.37534,33.0834
4.26786,3.79929,38.342
0.66867,5.26675,79.381
3.32199,3.25194,29.093
5.9224,4.46209,57.4952
3.01299,5.37376,85.3504
4.30564,4.79662,66.1917
4.60547,4.15837,50.0347
2.81831,3.05057,26.656
3.80461,4.37068,55.511
4.85769,5.13073,76.5115
4.92212,4.27073,52.7626
3.60734,2.67607,22.1206
4.01514,5.5682,93.5079
2.95363,4.66801,61.8844
4.10472,2.96511,26.8176
4.13893,4.68416,62.7741
3.79944,3.1883,28.9529
2.96257,4.4565,55.5179
3.78174,4.82503,66.5246
3.27867,2.30357,18.5485
5.4884,3.56304,37.5635
2.74836,3.27127,29.4761
3.73848,5.79545,103.817
1.96528,4.22038,48.5768
4.5828,5.48314,92.1749
3.3665,3.12315,28.2974
5.68121,3.28343,30.8202
3.71234,4.39778,55.9392
4.6329,4.35655,53.9381
3.21788,5.10265,76.1765
5.56146,3.0537,28.5267
5.09784,3.46754,33.5238
3.29786,3.73479,39.7028
1.96625,5.0836,75.3766
3.82802,5.68428,99.3592
1.32433,2.44494,18.1418
3.75515,4.86599,68.648
4.10693,3.07009,27.5698
3.74956,4.10127,45.9711
5.08003,4.10356,46.9969
5.28517,4.52731,58.7119
4.10821,1.95475,13.3595
5.03421,3.6344,36.9328
2.37947,5.05878,73.2781
3.80652,5.93195,108.261
3.0921,6.21112,122.603
3.57281,3.38595,32.4991
4.41496,4.10181,47.9317
5.0826,4.0129,47.1129
4.21465,4.85264,69.1077
3.64748,3.40186,31.7543
5.06821,6.85043,155.763
3.75668,4.31496,52.0676
3.94353,4.0777,48.0892
5.86204,3.19454,30.6634
4.21812,2.88689,24.308
3.99039,3.11537,27.5611
5.63794,3.55615,35.4467
4.97327,4.13026,47.7942
6.49984,4.31622,53.9529
4.18639,2.60392,20.9814
5.59088,4.34949,55.7597
4.30161,4.10819,47.3588
5.02015,3.40186,33.1911
5.51233,3.81616,42.7302
3.4792,4.01667,43.4917
3.10639,4.49712,57.528
5.94323,3.71296,39.3116
2.74674,2.86683,23.8163
3.76461,3.3618,32.6779
4.92077,4.12685,50.1574
4.42203,5.21377,79.9245
4.87144,2.53542,21.578
2.91219,2.19968,16.2756
5.65389,3.79779,41.1484
2.51074,2.20835,17.2318
4.31508,3.42643,33.2359
2.82183,3.17032,26.6949
3.01699,4.19714,46.9154
4.53567,2.06194,14.9827
2.53722,5.57519,94.0075
4.87541,3.83445,41.729
2.0838,5.67533,97.3066
3.726,4.07985,47.7993
2.6942,5.2954,83.3609
6.02443,4.61054,63.3273
3.60619,3.37413,32.611
2.01743,2.7202,19.4634
4.6139,3.07673,27.6583
4.72184,3.15646,30.6017
3.8642,4.43111,54.582
3.76241,4.0403,44.0216
4.76709,3.32349,33.2023
2.36026,5.39709,85.8626
2.16971,5.17052,77.7971
3.25759,2.74722,22.8984
5.65182,3.63709,40.1509
4.28711,5.04922,74.4003
5.80936,4.52331,60.3212
2.98926,5.45611,88.2672
3.75587,5.35423,87.108
2.59285,4.41761,53.5173
5.67253,3.15942,29.7368
2.93924,1.84983,12.15
3.95842,3.52714,32.9028
3.4197,4.88471,69.07
3.71065,6.03998,114.416
3.83643,5.18737,77.7694
3.13641,3.52437,34.8073
6.39641,2.23458,20.1714
5.39571,2.7839,25.1026
3.90711,2.34753,17.9676
5.26139,4.46319,58.6023
4.00668,3.27211,29.4149
2.82037,3.53669,35.0378
3.55655,5.01028,72.1307
3.26759,5.82875,103.432
2.15177,4.64147,61.0855
3.70715,4.14084,48.5269
5.00732,5.29112,83.0865
3.92619,5.42704,88.4271
2.98938,3.69263,37.8898
4.60429,3.97414,46.3169
3.34148,4.64456,61.6017
2.2551,3.56052,35.6926
4.99463,3.99315,46.3698
3.83231,4.39065,54.3326
5.20658,3.30013,31.3385
3.83534,5.65231,97.3746
3.07312,4.28877,50.2127
6.47656,3.42634,34.5932
2.97501,3.63544,37.1676
5.38116,4.56004,59.8035
2.89742,3.4855,34.2881
4.92878,2.87123,24.2264
5.25822,4.09147,48.1459
3.76282,5.43739,88.4503
5.01489,5.35004,85.9945
4.3123,3.96155,46.4104
4.45682,5.19506,79.2596
2.61683,2.74037,21.9812
3.88165,4.19895,49.8831
4.22972,1.46218,11.8372
4.50385,5.43649,89.2646
6.49736,3.68684,38.4541
3.66096,5.13557,76.904
5.03775,4.71371,63.2846
3.67353,4.11939,48.6394
4.43395,3.15308,27.3948
4.40193,2.77475,22.3511
3.38018,3.09268,27.7131
4.53333,5.27275,84.5741
4.27543,4.21589,50.8156
4.64109,3.31077,31.8759
4.12275,2.86787,24.4217
4.67397,4.00913,45.754
3.90253,4.49462,58.7008
2.54233,4.95005,70.9902
4.93705,4.0796,47.2543
3.78619,5.52158,91.4149
3.84252,5.24784,80.708
4.18708,4.96369,71.5091
3.25119,4.2909,51.8976
3.86213,3.07789,28.3496
4.85559,4.79261,66.053
3.07233,5.54579,91.3971
2.83688,4.17713,47.9159
3.32983,3.92417,40.6788
4.31754,3.01488,26.4302
1.8919,4.14616,46.2153
4.04039,3.82041,40.7666
2.31192,4.12132,45.229
3.14686,3.79564,40.72
3.99639,3.06808,26.428
4.31021,3.30464,30.7104
4.25277,4.42949,55.0734
5.1985,4.36415,54.5624
2.87504,2.78475,22.12
3.28845,2.04915,15.2369
3.99309,4.29265,52.4074
1.42158,5.86137,103.506
2.61346,4.74314,62.9399
6.73913,4.81704,67.233
2.42295,4.96764,71.8954
4.0893,2.59757,20.4764
4.39072,4.94544,73.3661
3.66981,5.78305,102.315
3.36638,4.44799,56.1704
4.13494,3.40381,33.4912
5.08666,3.12221,28.3037
5.78299,4.02449,46.6942
2.03204,5.43832,87.9281
2.54826,4.07542,45.8595
3.82272,3.23691,30.5347
5.2181,6.00421,113.328
3.97559,2.00352,14.6201
5.97661,4.58204,62.0711
3.83873,3.18386,28.8002
3.33575,2.48401,19.8296
1.8196,3.46,32.4273
3.57594,5.57325,94.4968
4.2427,3.94763,43.1545
4.47591,3.25252,30.9138
2.85023,4.45722,54.7634
3.85763,4.45023,56.1647
5.41342,5.74385,102.674
2.40936,4.4403,54.4384
4.72339,3.87285,41.1107
4.83044,5.59567,96.131
2.44115,6.51109,137.56
3.25226,3.69227,37.4158
3.46182,4.46251,56.297
3.92324,3.33738,29.9398
3.53977,4.54225,58.8499
4.95486,2.88695,25.5364
2.68951,3.57616,36.7921
4.03582,2.83199,23.2955
2.8828,2.36802,16.49
3.34905,3.31975,30.9677
2.85039,6.66162,145.086
3.12832,3.76739,40.2036
3.77881,5.27105,82.5283
3.22775,5.18658,77.1069
4.08353,4.02073,44.5811
3.28142,4.12893,47.4192
3.89172,2.69741,23.0193
3.31729,2.73801,20.6784
4.60148,4.0446,47.1453
5.06699,5.32327,86.5565
5.57047,1.99767,15.881
3.62773,3.12406,26.2918
2.29099,4.76475,66.6034
4.29434,4.27813,51.7636
3.01077,5.90295,108.199
3.29629,3.18614,28.9711
4.84422,3.40643,33.6825
4.67568,3.14142,28.7965
1.27028,4.18348,47.7836
2.79381,5.05265,73.0502
4.41377,3.84369,43.0992
3.46365,5.10558,75.9651
4.79527,4.29344,54.1454
3.15658,4.56937,61.2168
4.81442,5.59496,96.9414
5.17059,4.78706,68.2565
5.76531,3.85294,43.6635
2.51968,3.56841,34.2525
5.14812,3.70204,39.4087
4.53589,3.57046,36.0666
3.49588,4.11886,48.6577
3.56001,3.20353,30.1379
5.53321,4.79369,68.0212
4.04948,5.21428,81.2364
3.20451,3.3433,33.1858
3.61908,5.16279,78.0251
4.42327,5.39258,87.9166
3.61159,3.31164,30.7781
4.57546,3.03436,27.7964
4.65266,4.37293,52.5595
3.41672,3.52133,34.2893
3.73349,3.7923,39.0319
4.72508,5.01126,74.981
4.84941,2.29004,17.3085
3.43882,5.17645,77.7247
3.90175,3.89429,41.8407
3.45696,3.3466,30.8847
4.81259,3.76932,40.8734
1.28553,4.8468,67.1393
5.11199,3.70981,38.4366
4.69755,4.3924,53.7791
4.59037,3.71104,39.5606
3.4306,1.69196,12.6707
4.46534,3.89784,42.7047
5.76961,5.35569,88.0114
4.20761,4.55003,59.9319
3.92429,1.87304,12.7537
2.75495,4.42395,55.1492
4.01619,4.04791,46.3335
3.07032,2.92725,24.0216
4.4472,3.74834,39.5878
5.46007,2.29497,17.7221
3.97683,2.35351,17.8402
4.84007,4.78611,65.6194
2.63914,4.23102,50.0354
4.25945,6.13165,118.019
4.07016,4.78489,66.9849
3.98273,1.95962,15.0653
4.07471,2.74991,23.1265
4.46286,3.18256,31.0381
4.77781,4.15168,48.0377
4.38093,3.70789,38.4815
1.43107,2.77931,21.3794
2.55533,5.37749,86.5563
3.17617,2.29797,17.3084
3.5799,3.65583,36.1056
4.42444,2.93833,25.418
2.52561,4.24453,49.0408
5.41469,3.51143,34.3153
4.3766,5.32431,84.4472
5.81762,4.77022,67.7801
5.51059,2.78538,24.6308
4.48596,4.67591,62.8558
2.8937,4.17276,47.3184
3.85556,4.32835,51.5045
2.69866,5.16704,78.7569
3.4471,4.82337,68.6927
4.25953,2.18028,16.157
4.30453,4.3682,55.3164
3.87415,1.30106,9.2353
3.32937,4.09364,44.9081
4.40824,4.84893,68.1182
5.04271,4.48937,60.3068
4.45586,2.89375,25.4631
3.99952,4.3382,51.9906
3.66255,3.91839,41.8222
4.69634,3.50059,34.5126
3.72406,4.72455,63.5226
4.35183,3.26661,28.3518
2.81327,3.77702,37.753
5.08261,3.68842,37.6503
4.57114,5.91476,109.422
5.6883,4.46498,58.0138
4.63579,1.59922,11.0176
4.76308,3.93342,43.104
4.1377,6.13187,118.066
2.82285,4.10024,46.8417
3.5344,4.58526,59.341
4.60571,2.23158,18.8349
2.01136,3.86128,40.3525
3.04352,3.00851,26.1098
3.57394,1.8463,12.6032
2.79552,5.05522,74.6119
4.35277,2.89144,25.4526
3.73738,3.25947,27.9531
4.06286,4.21743,51.7726
2.14068,3.65671,33.8002
3.32043,4.57898,59.228
2.33361,5.21116,79.9542
5.24658,4.01382,49.0393
5.05494,5.01976,73.4725
3.03772,3.33558,31.2561
1.66774,3.98191,42.6336
3.22788,4.64338,61.1291
4.12549,4.42413,56.7167
5.56047,4.80016,66.4946
3.19637,5.3476,85.6629
3.0903,5.25859,80.841
4.9613,3.4685,35.3782
4.34815,2.05939,16.2519
3.74013,2.07905,15.3077
4.04328,3.75969,39.8899
3.45931,5.31516,82.6165
4.68536,3.95404,43.833
4.38978,4.61864,60.51
2.40599,4.86037,68.4192
3.78324,4.81038,67.6778
3.5987,4.40265,54.006
3.5815,3.40924,32.8769
4.53097,4.48114,58.3419
6.1237,5.9233,109.377
3.74945,3.47778,35.2845
2.87307,5.33326,84.1408
4.20048,5.39697,87.9222
2.55322,4.77544,64.6334
5.20656,5.08289,76.2623
2.91759,6.24023,122.673
4.85312,4.90161,69.9376
5.01093,5.02338,73.2967
3.92802,4.94523,70.552
4.29954,4.72802,63.5231
5.11783,4.19965,49.1852
3.36162,4.31798,52.4767
2.83589,3.06025,26.2061
3.4171,4.07861,46.5197
3.66321,3.12834,27.7919
5.88534,4.75036,66.5007
3.56409,5.24547,82.388
4.46495,3.16426,28.6305
3.63264,4.92626,70.694
4.63428,3.37134,33.1271
4.55175,4.54583,61.0798
3.97361,3.44611,33.8784
3.60136,3.19471,28.4029
5.60278,3.54583,36.7078
5.15756,6.60134,142.876
3.55581,3.87925,41.7701
3.85083,4.98246,72.9558
3.76379,3.20707,30.5895
4.07895,3.89049,42.9149
4.74507,5.16083,79.4273
2.40793,2.24459,15.9216
3.29743,4.62712,62.1496
4.77916,5.09827,77.3475
3.38378,4.8973,69.4846
4.80686,3.33697,30.0187
2.79778,3.1859,28.6823
5.52293,2.73535,23.4458
5.16137,3.94068,45.787
4.3538,3.94693,43.2402
2.46192,3.60149,34.8989
4.45311,2.83394,24.2738
4.81229,4.92733,70.7321
2.77749,3.15775,28.418
6.70128,2.86386,26.9018
5.22285,4.04304,47.0546
4.52953,4.04728,46.0485
4.28462,4.7451,66.604
5.30403,3.24807,29.3846
3.23679,4.54815,58.49
4.28551,2.64047,21.1828
5.31736,4.42305,56.624
4.14075,3.17436,29.8453
3.11606,4.70907,64.2027
4.40765,5.25484,83.0572
4.1229,3.70295,39.7289
4.61377,2.59197,21.9232
2.89891,5.61058,94.74
4.17015,4.8116,66.4871
4.03537,4.66834,63.6581
3.68305,3.3975,31.1897
5.01842,4.47044,56.4074
5.56422,4.84933,68.754
4.13439,5.13722,78.6272
3.03905,3.64986,36.7132
3.08023,2.99903,25.7813
2.84703,4.34056,53.1676
4.8355,4.19689,49.5677
3.18462,3.77358,39.5327
4.13738,4.90459,70.6599
3.52752,2.99397,26.1541
6.6038,3.72202,41.8802
4.38938,3.97163,44.6008
3.38606,5.15153,75.9946
4.22121,3.49044,35.0927
3.68851,4.52174,57.9859
3.93712,5.12438,77.5255
3.76665,3.4686,33.238
2.67111,3.70124,37.157
3.54211,3.40757,31.6699
5.52419,5.27369,82.4823
4.20972,5.42918,88.0452
5.44176,3.59112,36.526
3.11859,3.66779,37.5685
5.8132,6.48187,138.08
2.41408,3.43292,31.473
4.51859,4.49491,58.0704
2.4185,4.14305,46.5011
3.27842,4.23026,48.4203
4.17962,5.045,74.4421
3.58314,3.96485,45.3145
3.14626,3.64315,37.1819
3.46092,1.90443,12.4799
4.67802,2.53891,22.0705
3.39284,3.79469,38.6726
3.43556,3.79776,38.6822
6.36628,2.97992,26.4615
4.84599,4.60485,61.5929
2.73691,3.50973,32.7396
5.40677,5.33358,86.7329
3.67789,5.24346,81.4878
4.52532,4.42411,56.6083
3.85852,4.54503,57.8837
3.60637,5.82177,103.511
3.50086,4.98382,71.6463
4.74011,3.67633,36.9221
3.97169,4.63095,60.6674
1.78483,5.34177,83.7735
3.50189,2.92751,24.9552
4.76853,3.11079,28.7606
4.16927,4.69544,64.2407
5.26771,4.61348,62.9751
3.98012,4.85705,69.5729
4.78444,4.06376,45.8897
4.67069,5.32151,84.1581
1.97525,3.98703,43.0815
4.15066,3.38358,34.3782
4.41217,5.6114,94.9983
4.01122,1.5271,10.5395
4.23761,5.42871,87.5495
4.26516,4.48289,58.3797
3.53029,4.64209,60.7905
2.82957,3.92876,43.2993
5.28788,1.89807,13.7134
2.57645,3.58979,35.1033
5.10408,2.7548,24.171
2.46677,1.87493,11.8728
3.45259,2.64028,21.2476
3.79168,2.7079,21.9984
3.88569,1.60348,9.76859
1.60316,4.36513,52.5542
2.72674,3.62111,36.651
4.25169,5.06,75.4647
2.47348,4.34492,53.2515
5.0496,5.96809,112.235
3.35435,4.83871,68.3604
4.53464,5.4399,87.189
3.59616,4.46085,55.4004
5.21037,4.00943,45.5371
5.24653,4.62045,61.2848
4.65392,6.26657,124.094
2.98032,3.8552,41.1893
4.67611,2.94819,27.5378
3.92392,4.00064,44.4761
3.35647,3.40997,32.2014
4.24769,4.3561,53.9896
3.5976,4.46187,55.1362
4.68522,3.28172,29.3844
4.43199,4.72891,64.8531
3.62907,5.24628,82.4389
4.00622,4.86663,68.5955
2.9956,4.14143,46.3458
4.68921,4.07972,48.6114
3.4945,4.37165,54.1192
5.27398,4.72509,65.8503
5.72616,5.54697,93.5224
5.67199,4.17959,50.4388
3.00686,4.03067,43.6251
6.43858,3.77907,39.8585
3.87777,3.8666,43.2985
3.71938,3.85356,40.3267
3.7562,3.82914,41.9763
3.39974,3.50922,33.6234
3.92147,3.65203,36.0161
3.89417,3.44918,33.3698
4.09615,2.17324,18.1922
4.02226,5.25294,79.9362
4.35195,3.21582,29.0443
4.56316,2.9776,25.6431
3.22727,4.48562,56.9058
3.13527,2.0359,14.4727
4.0647,3.9169,41.5562
3.59638,5.99331,111.369
3.19497,3.81961,40.7052
4.9337,4.07528,46.1944
5.47141,2.08254,17.5019
4.20457,3.77935,42.4653
2.40043,2.03699,14.003
4.07423,3.89471,42.6503
2.60976,5.50741,90.4995
5.15602,4.66475,63.4828
5.22789,3.86834,42.3414
4.0115,5.81023,104.412
3.63135,4.57681,59.1604
3.94494,2.88867,24.6406
4.96199,4.42128,54.8126
5.68935,5.21425,82.8887
2.94981,3.41021,33.0098
3.43192,4.03661,45.6666
3.82936,2.75571,22.6413
3.30061,4.12077,47.645
3.37765,3.53588,33.9751
3.59137,3.54115,33.8933
5.31648,5.53973,92.1101
4.35107,5.16874,78.1919
4.07921,2.56434,19.269
4.90298,3.71217,39.1864
4.6477,5.21427,80.7073
3.0458,4.46139,55.8297
2.71827,3.58769,36.2893
2.1185,3.51625,34.5535
2.54729,4.65403,60.6476
3.24224,1.98872,14.3934
4.02331,2.28464,16.638
4.658,2.29252,17.1189
3.6182,4.16252,47.6411
5.34492,4.17489,51.0486
4.86874,3.82809,41.7209
4.7011,2.26731,18.1509
3.80644,6.83369,154.973
1.7101,3.33011,28.4243
4.00271,4.71819,64.5216
3.29632,3.88514,42.1301
5.705,3.77037,41.3029
4.7241,1.76726,13.112
4.06816,3.32273,31.2119
2.07594,2.59089,20.5836
3.56835,4.73445,62.573
4.11779,3.00594,26.5674
4.39091,4.11911,47.1278
3.82619,4.42907,55.6905
3.43145,3.27344,29.6679
3.8435,3.63631,37.0898
4.16024,4.73099,65.9034
3.42094,3.98609,43.8717
5.45525,3.10589,28.3034
3.56601,4.73581,63.9528
3.10246,4.83453,66.1291
3.06432,4.42777,56.5262
3.16438,3.48578,31.9403
3.06662,3.61365,34.6078
4.12727,2.97597,25.3141
5.0214,3.23118,31.0397
4.11386,6.01262,112.837
4.51397,3.36238,29.8255
2.53814,5.33502,84.6321
4.78103,4.57584,60.3437
3.73268,5.96436,108.216
2.3215,4.2243,51.0902
3.36623,2.9832,26.2931
4.11307,3.21108,28.8471
4.76058,3.21903,29.3284
5.2782,2.39942,19.6635
4.30758,3.55598,35.0266
3.56182,4.06355,47.5908
5.18275,2.5166,21.0231
5.23525,3.3672,32.3078
4.47866,3.49004,35.4347
4.01562,3.25737,30.05
4.17069,5.24124,82.1195
4.0132,4.68322,62.8544
4.57455,3.05916,26.8975
4.65881,6.23111,123.3
5.84776,4.88922,70.65
3.50683,4.15943,49.6375
3.40861,4.1371,46.8063
4.90303,4.84919,68.0494
5.15172,4.61891,61.3514
3.46565,5.2536,82.3934
1.85831,4.15352,48.1203
2.95666,2.23228,16.1391
4.2543,4.64654,63.0194
4.15836,3.35487,34.5803
3.61046,3.27227,29.7627
3.77846,5.08043,73.8779
4.57153,3.67146,39.3011
2.8391,4.13612,48.6111
6.12213,5.81722,106.247
3.1999,2.96207,24.6423
3.70763,3.81776,39.9091
2.77995,5.64899,95.7139
5.03427,3.32803,32.0736
2.33351,2.70838,20.7572
3.90932,3.96204,45.8305
6.85234,4.21244,51.4787
4.86768,5.66472,99.7121
3.38041,4.21539,48.488
4.58135,4.59174,62.3792
3.35772,3.86859,41.1124
3.51127,4.11643,45.4883
4.63949,1.64884,12.5677
4.33228,2.19751,15.8464
3.37039,4.25723,50.8277
2.71926,3.27149,29.4162
3.70813,4.6279,59.5553
4.82554,7.02321,165.389
4.35515,3.42949,33.3764
4.48853,5.54217,92.0622
4.88654,4.04915,46.1804
4.52744,5.98254,111.434
1.62607,3.94681,42.9352
4.94844,0.628011,7.40388
4.42616,5.99041,112.32
3.68467,4.06856,46.7248
3.49444,5.25486,81.9814
2.91313,4.12533,46.6994
2.37678,5.69727,98.6369
4.24728,2.55371,20.4694
3.14703,3.71782,39.1476
3.85375,3.28669,31.4524
3.19101,4.42293,55.1975
4.64662,4.66513,63.2858
2.44246,4.36947,53.307
4.16955,3.71331,39.6468
4.12222,3.97503,44.8071
2.82395,5.08235,75.2559
5.91815,6.21334,123.243
2.16186,4.96965,71.4617
4.35483,4.15283,47.8785
3.6978,4.23386,51.7411
4.20665,4.2067,49.9934
4.96328,5.25914,82.4745
4.22243,3.0442,25.0859
5.78437,3.44533,34.3405
4.85057,4.93737,71.543
3.88967,4.3974,54.7434
2.74077,4.96207,72.065
5.13174,2.77484,24.1424
4.40063,2.78109,22.824
2.36149,2.74358,23.9738
3.14168,2.28487,16.7877
4.07877,5.89564,107.37
6.25399,4.25258,52.3579
3.73231,3.92584,42.7842
5.19869,4.18801,50.2617
5.45601,4.49767,58.1829
3.74482,3.99002,46.8122
3.0508,3.43761,33.1723
3.1418,3.15285,27.6419
3.31376,4.02125,42.6551
4.21623,3.19839,27.9919
1.8815,4.22509,47.9622
4.26607,2.37265,18.2245
4.14049,3.62842,36.8519
4.61412,4.43589,56.092
5.11508,3.28194,31.9697
3.58709,3.44054,33.4294
5.05064,3.7003,38.3445
5.81258,3.04111,28.063
3.92098,4.25741,51.5774
3.51009,3.25803,30.0116
2.49062,0.797217,7.50997
3.35299,2.77983,24.3923
5.22747,2.75931,24.3955
3.29497,2.74149,22.2648
3.79665,5.08704,74.4238
4.97228,3.0935,28.7286
4.01893,3.40993,32.5946
2.88985,4.32524,52.9969
3.15694,5.79238,103.902
3.14085,3.8516,42.0724
3.72117,4.35454,52.8084
5.44448,2.95162,27.2126
2.95071,4.94271,70.7162
3.82218,4.60454,60.2374
2.23276,3.45673,31.8463
4.57998,4.18651,50.3295
3.36403,3.4799,34.24
4.0318,3.92895,43.5016
4.47566,4.36096,54.0993
3.32892,2.33343,18.5584
4.59161,4.34217,53.4776
3.70101,4.27144,50.8344
4.45328,4.69035,62.4771
4.66391,2.87583,23.1211
5.10747,4.35717,53.4189
4.29041,3.82792,41.8429
3.42191,2.87108,24.0708
2.87179,3.78249,39.3101
3.4651,5.13053,76.2535
3.24383,6.25528,123.115
2.47401,4.00021,45.9191
4.12834,4.48119,57.2006
2.3378,4.26247,53.3708
4.08378,3.84278,42.6701
4.04204,4.0829,47.015
5.04229,4.24903,50.616
3.74031,2.17788,18.0592
2.69186,3.7958,39.6489
4.55507,4.71857,65.1595
3.62382,3.13701,27.42
3.65129,5.49084,91.1239
4.93907,4.2078,50.2564
3.07726,4.39319,54.4118
3.70805,3.47746,35.7718
3.62179,4.56388,58.4446
4.39388,2.10828,16.1337
3.5304,3.72067,41.1241
3.14675,4.09379,45.9264
3.4646,3.90882,42.0305
6.42779,4.04659,48.2679
4.75606,1.98127,15.4467
2.56039,4.83754,66.9766
3.84076,3.07792,26.5017
4.08559,3.03444,25.7252
4.66424,4.36745,53.3779
4.22412,3.90177,41.4149
2.91423,5.51882,90.4384
4.19903,3.63054,35.8113
3.37649,6.14711,118.032
2.72154,3.60222,33.7372
2.37584,2.57684,20.5712
6.17923,4.01583,45.3472
4.79267,5.51466,92.0867
3.60761,3.54507,34.7024
1.56234,4.80326,67.4775
4.3511,4.62065,61.6333
5.09631,4.23803,50.7063
3.29373,3.29786,29.3688
3.2021,4.70592,63.6944
4.7866,4.89381,70.1264
3.82337,2.90542,24.5949
3.81758,3.82621,41.5181
4.26421,2.89846,24.2633
3.24236,3.13987,28.7666
3.95985,4.0147,45.2533
4.438,3.53493,35.6035
5.34801,5.53991,93.3228
3.99557,4.81559,67.6858
4.4675,2.42926,18.1082
4.32991,4.68791,62.2702
3.78909,5.30768,84.8848
3.60262,4.06142,47.4865
4.6619,3.30934,33.1958
4.90088,3.10902,27.7671
5.10759,4.94672,69.8642
3.80523,5.71578,100.014
4.84907,3.40549,32.8464
3.91144,5.10621,75.997
5.59086,4.05982,47.795
3.71357,4.33719,54.0698
3.3589,4.73927,64.5657
3.13677,3.47493,34.063
4.52679,3.95928,44.2724
3.99123,4.09195,46.1144
2.51675,3.3613,32.0058
5.52342,3.80856,40.8371
3.65263,4.87237,69.7364
2.22117,4.76278,65.8487
4.80718,4.56606,60.5752
3.60847,4.02877,43.7031
4.1829,4.33909,52.3664
3.43648,4.80537,66.0851
4.46188,3.42454,32.4804
2.64528,4.24332,48.992
2.81605,4.79885,66.1203
4.6912,2.87706,24.8309
3.37765,3.14485,28.7333
5.28814,4.77362,65.6163
1.74865,3.22975,28.7788
2.91233,4.59806,59.9281
4.46482,4.98247,72.6126
3.12175,4.55263,57.4736
4.39507,4.06237,45.8297
3.88521,4.16663,48.5081
3.07975,5.29004,81.9769
4.5644,3.68393,37.5961
3.84862,4.74058,64.9175
3.8036,4.19998,48.6125
4.24954,5.33831,83.4373
5.97781,3.23084,31.4162
4.31563,5.04194,74.6139
3.68387,4.831,68.9028
4.28719,5.82695,104.21
2.4452,3.61039,35.0524
3.13159,4.59573,59.1131
5.87359,4.77284,66.0037
4.45227,2.97377,23.7438
5.12591,3.06099,25.937
5.12824,6.20786,124.323
3.5212,3.08246,26.0932
4.12595,4.1131,49.3011
3.35512,3.64106,35.27
3.27892,3.02271,26.9669
4.35363,3.25492,31.3044
4.42954,3.05347,26.4601
5.26868,3.96587,43.5321
4.54893,3.92444,44.5087
3.38525,4.359,54.216
4.12977,4.64778,63.505
4.89824,4.9016,69.7264
2.35583,2.82812,22.6599
3.92799,3.58666,34.6791
4.22751,7.38862,187.956
2.82962,5.46293,88.8196
3.86698,3.20676,29.5308
5.5423,3.67494,37.1622
3.62543,4.24254,50.8034
4.19926,2.4956,19.1392
4.78465,3.39562,33.7343
4.41888,3.41651,34.8998
