3
2.50596,4.4525,18.2065
3.69247,5.82522,26.7391
3.9737,4.08291,20.4755
5.1919,3.34594,22.7098
4.3378,4.49099,23.8648
5.80104,3.34337,22.3952
3.03668,5.33667,22.0355
4.37999,2.48153,17.2851
5.14701,4.60689,24.8774
4.74855,4.85673,25.31
2.14456,3.9394,16.327
3.9402,5.10146,22.4697
2.64525,3.51567,13.9991
3.70145,6.01299,27.5699
5.42814,3.02921,22.4908
4.00515,4.70158,21.3776
2.90902,4.6603,19.4606
4.18874,3.81274,19.4161
3.18579,3.16618,16.5982
5.45746,3.21203,21.8624
4.41652,3.33503,18.8388
3.35635,4.32476,21.445
4.09643,3.87417,19.1441
4.55542,1.88311,16.585
4.6797,5.05669,27.0768
4.15433,3.78279,20.6603
5.44695,3.16218,22.1097
3.85127,3.56214,19.2618
4.80675,4.83199,26.2102
4.18401,2.74094,17.9582
3.05232,4.83055,21.5974
4.08966,3.77394,19.6199
4.06863,2.74376,17.068
3.60559,3.26963,16.4737
5.16489,3.60479,22.4032
3.04732,3.69116,17.3061
5.06305,4.86054,26.849
2.84648,4.31155,18.1477
3.97822,3.20219,16.5451
3.28547,3.61499,18.0456
4.05197,4.31034,22.2316
4.51943,3.36903,19.9197
5.45161,5.3911,27.9427
5.17777,1.98817,17.5402
3.63199,5.01766,23.3427
2.85499,5.03914,20.7979
4.01418,2.2076,14.648
5.10705,3.19125,19.27
4.10855,3.00727,17.4666
4.2014,3.51764,19.663
3.36245,3.43812,16.9592
3.7368,3.52459,17.4128
4.67772,4.74553,23.4887
4.11515,2.86782,16.9061
2.72209,4.43307,19.013
3.42957,3.06337,16.3133
4.05842,3.79548,22.0478
6.53252,4.99372,30.8846
3.87862,4.80922,22.2137
4.00492,5.38114,23.222
3.07782,2.5024,14.6749
3.35426,3.70456,17.2832
4.20616,3.38036,18.8849
2.48818,4.18344,17.9708
3.00608,4.94946,19.6813
3.33785,3.98231,19.068
4.71066,3.7262,21.2675
4.84109,4.0694,23.3491
4.28314,2.58346,16.236
3.75695,2.62907,14.6961
3.15772,2.11367,13.0278
5.14383,2.81883,17.6407
3.99336,2.74044,16.4383
2.11598,5.4876,22.6076
4.01705,3.25191,18.142
2.71059,4.34049,18.2424
3.96311,3.92487,18.0392
4.84032,5.05835,25.7335
5.43975,4.42346,26.9097
4.10222,3.75874,19.2868
5.20079,4.90535,26.3426
2.51066,5.50538,25.2473
3.26313,2.81804,14.7089
4.73745,2.96214,18.8251
4.86496,3.67011,22.223
4.08595,3.16285,18.9553
4.37611,4.53949,21.4783
3.76459,4.77888,21.7548
3.25945,4.24828,19.6316
5.29578,2.94412,19.6865
3.15643,6.06814,25.5425
5.69913,2.62463,20.113
3.92196,4.09096,21.1811
4.96695,1.46592,17.4762
3.51073,3.56767,17.0044
4.44895,4.95961,24.7622
5.08254,3.91939,22.7455
4.8803,2.2666,17.4794
3.62338,3.72265,18.8947
5.68736,4.44188,26.6068
1.94345,3.75855,15.7675
3.96941,3.37012,17.7917
3.03163,6.39304,25.8245
4.03162,1.22927,12.1645
2.52351,2.5286,13.0255
4.62449,2.4166,16.7499
4.21386,4.68098,21.9867
3.30258,2.09253,12.2553
4.49528,1.80032,15.3647
3.98848,3.95877,20.1178
4.45596,3.60603,19.8776
3.90575,4.43398,21.6184
4.26861,3.025,18.1773
4.46851,5.48338,26.0747
4.08623,3.91128,20.3307
5.65918,4.82123,28.8665
4.12303,3.18449,17.9993
3.65164,2.66748,15.3354
2.40642,3.29193,13.1819
4.62379,3.26758,19.3918
2.91328,4.96718,22.9945
4.41823,4.90084,24.7966
3.61393,3.64396,18.9546
2.53286,3.13659,14.4416
4.3127,4.49576,20.7316
2.39405,4.92594,19.3172
4.28782,4.24989,20.2997
5.17148,4.16324,24.2267
3.27474,5.60011,22.1463
4.84018,1.29337,14.448
3.71145,5.04304,21.5922
4.794,1.92588,18.0663
5.15674,1.88148,16.6466
3.55021,5.26225,22.2603
4.11307,4.93964,23.6448
5.22048,2.91892,22.9786
2.64992,3.57508,15.6096
4.26963,3.75024,19.0945
2.26436,5.23718,21.3918
4.33772,5.13924,25.0805
5.60789,2.69218,20.9343
3.02194,2.60132,13.62
3.83865,4.48722,21.5565
4.5707,3.4335,21.2547
4.0117,4.44891,21.3319
2.36419,4.58883,16.9839
2.3239,2.74271,13.7642
4.87556,4.86434,26.2216
4.96721,3.60521,21.761
3.20685,4.22106,19.0285
5.32899,4.61546,26.408
5.2618,5.32348,27.2081
6.6492,2.94101,24.4531
4.89325,5.13949,27.7146
3.61483,1.87577,12.5218
4.21948,5.03844,24.1737
5.03548,4.13963,25.4113
5.85096,4.22516,25.0579
4.40715,4.75324,23.6146
3.23982,2.43148,15.6291
6.29501,2.93173,23.4038
3.80417,5.82395,26.3053
3.87357,5.7497,25.2443
5.14471,4.09638,22.3058
3.3567,3.35189,16.8498
4.08907,2.82883,18.0874
3.50876,2.6864,14.6077
4.01653,4.52226,22.0105
3.8914,4.79795,21.4533
5.03419,3.86642,24.4663
3.81647,3.51397,19.8525
4.14996,2.96016,15.8899
4.21174,3.28645,18.7261
3.43478,4.92597,21.5129
3.33825,3.79795,18.3818
4.30559,4.18547,22.3884
5.10332,3.74761,23.6741
3.38743,6.08116,24.2294
2.73054,2.51975,15.2097
4.11225,5.01287,23.0088
5.02193,3.55312,22.4212
4.71761,3.42611,20.6435
5.1081,4.56801,24.3594
4.16665,3.83565,19.145
6.09048,4.00567,26.5458
6.91205,4.99377,31.9587
2.75343,5.10075,22.4012
3.79148,4.9416,23.7077
4.04049,4.44002,20.5109
2.928,4.94044,20.758
3.34589,5.84294,25.4583
4.49144,2.57316,18.5376
2.3157,3.99472,14.6456
3.25985,2.41473,14.2661
3.89255,3.03278,16.8506
2.24551,3.55765,12.8429
2.73142,5.59137,23.1232
6.77008,5.24917,34.7224
4.79204,4.7668,24.9356
2.75742,4.0025,16.6837
4.97599,4.40714,23.8972
5.38773,2.87615,21.4677
5.49992,3.24246,21.9501
4.52286,3.99704,20.8582
5.15573,3.52449,23.2278
4.99517,5.44864,27.8092
4.18914,4.10547,21.8171
3.96496,1.65853,14.7854
5.12591,4.08504,23.6012
5.16674,2.88276,18.8772
5.41685,5.55397,27.9847
5.89025,5.10834,27.0761
4.32017,4.41018,21.3778
6.18417,3.40996,25.5688
6.01996,3.58041,25.6214
2.89597,5.47518,22.0732
4.31083,4.03418,20.3193
4.60147,4.26085,21.5836
4.27312,1.19807,14.6232
5.50802,5.10304,27.1371
4.19397,4.61016,20.363
2.72066,4.72183,19.483
5.4948,4.23587,24.6979
4.14624,3.25305,19.061
4.98735,4.40105,23.9844
3.69204,4.89024,21.9558
4.48462,3.50491,19.3707
2.89416,3.99871,17.9645
3.80324,4.4856,21.5451
2.51162,3.56542,16.1282
4.64415,4.78031,24.9753
5.32732,2.8051,20.5383
6.89293,2.92948,24.5242
4.11751,3.93938,21.0488
5.22707,4.92029,29.1761
2.6086,6.22356,26.0315
4.44162,3.93946,21.2609
3.54826,6.29018,27.7783
2.42666,4.74345,19.8712
3.99702,3.15836,16.1358
4.73632,4.62606,23.0739
2.55879,2.91014,12.9102
5.97357,4.01068,25.9136
4.13297,5.03768,25.9017
3.92094,3.31781,16.7593
3.62206,4.22415,21.1915
2.92122,3.48831,15.6985
2.5375,4.22892,18.7001
4.78792,5.61771,28.1899
4.73892,4.41255,20.5662
3.85116,4.98802,24.388
4.16095,3.98409,22.053
3.23036,4.60886,20.487
1.36251,3.4799,13.677
2.16933,4.07687,16.7684
4.12622,3.80113,19.8823
3.88432,4.51756,21.7214
5.32662,2.82676,19.2157
3.98174,2.69436,17.6202
3.36223,3.39724,17.279
5.04534,3.55153,21.1247
3.07092,1.89851,11.0361
6.66843,2.42182,20.9671
3.62374,4.43294,19.7386
2.43442,5.13276,20.551
4.4906,4.94747,23.9988
3.61198,3.73192,17.7302
3.73863,5.32763,24.7839
2.98786,5.20653,22.0778
5.84563,3.24162,20.8432
2.8767,3.87102,17.9904
3.42777,4.9388,22.0691
3.52182,5.22252,22.3543
4.17815,2.68401,16.2122
3.70762,4.55932,20.1812
5.28957,1.84167,17.972
3.94638,2.49004,14.5248
4.4411,4.52619,21.9635
3.64527,3.56163,18.6335
3.75134,5.25668,22.251
3.65544,3.99438,20.5678
2.82001,4.42168,18.7853
5.09143,5.585,29.2367
6.22614,4.88239,32.422
4.17059,4.1726,21.8169
3.48463,3.88781,18.6661
4.61075,2.14038,17.3302
5.2288,2.23236,18.3195
3.91589,3.56277,18.514
2.55024,5.59064,20.0865
4.47061,3.61485,19.1327
4.21763,4.1706,19.8909
3.45904,4.3619,20.4511
3.54084,3.67028,17.8616
3.94138,4.02324,20.7678
6.40646,5.76318,31.8311
5.36437,2.83456,18.7091
4.27461,4.85805,22.4604
4.16005,3.57261,20.1
3.97257,3.0862,16.9761
2.93861,3.64952,17.2479
3.93889,5.02747,25.1846
3.36347,4.6213,22.4118
5.12711,3.60349,20.3544
3.7076,3.04761,17.3021
2.41341,4.06831,16.8216
5.7592,3.51271,24.5164
5.78925,5.43077,28.8745
2.44568,3.46438,14.3615
5.39619,2.97711,21.1085
5.31694,3.1015,21.7574
3.31001,3.89311,19.4266
3.56227,4.17561,20.2124
5.37222,4.41936,25.8683
4.04494,5.40094,25.3553
4.65361,2.36684,16.3179
3.87877,4.62181,23.3923
3.97143,4.28309,19.5761
5.9318,3.19973,22.8149
3.66243,3.68977,16.9107
4.90565,2.87867,20.6719
5.29672,3.63395,22.7505
2.47512,4.88462,19.5634
5.27497,4.53618,25.295
5.08503,1.6498,16.5162
2.4735,4.03567,15.936
4.63076,4.36442,23.8998
3.42757,4.2688,20.8192
4.67741,3.58624,21.3064
4.21509,1.71617,14.0837
3.46005,3.53903,19.3299
4.47309,3.39816,19.3654
3.14953,4.36402,17.9557
4.19034,5.06219,24.5149
4.42468,3.31968,18.5985
3.20291,2.49992,13.5642
4.27312,3.45748,17.8001
3.94073,2.84507,17.0215
4.71039,4.31431,22
4.26854,5.10155,25.9735
4.37284,3.50874,19.2985
4.9459,3.5502,20.4769
1.62465,3.81201,13.8535
2.1952,4.92476,19.0006
4.92149,3.44497,21.7995
3.37304,2.50466,14.1021
2.80213,2.75346,13.7043
4.24592,4.37039,22.5944
3.78057,4.44873,20.1326
4.06028,3.57061,19.9146
4.91238,4.13982,23.0154
4.5236,2.66037,16.5009
4.19269,4.40095,20.9551
5.82972,4.30692,26.1482
3.43173,3.92098,18.0512
2.7616,3.23801,15.0385
3.8415,4.13002,22.2587
3.14546,3.08328,16.3221
4.67834,4.40723,22.7158
3.14329,3.67866,17.5794
6.69101,3.38832,25.5151
2.69051,5.63912,22.9041
4.957,3.68624,20.329
3.73436,5.63119,27.3417
5.3475,3.03098,19.8589
4.01258,3.223,18.8858
2.6486,4.30402,18.7589
3.76103,3.77681,18.5363
2.98519,2.98033,16.1277
3.83635,5.93801,25.5005
3.9992,2.8986,15.8559
5.2342,3.6421,22.0792
4.5225,4.79452,24.4148
4.98608,3.75895,22.2534
6.39528,4.75662,28.2911
3.7782,3.69327,18.1416
3.4478,6.20028,24.8335
4.9579,3.98211,21.7361
3.33058,2.65499,15.4892
4.05406,4.9059,22.2346
4.03016,3.34372,18.3627
3.94393,4.54742,21.4162
4.63205,4.79479,24.3044
3.5474,3.52332,17.8805
3.79306,3.23245,18.2632
4.73812,4.80046,26.0889
2.9848,2.14171,13.3039
3.82119,3.51598,17.6472
2.11232,3.99729,16.2054
3.08743,1.96696,11.478
5.5493,5.6133,28.5915
2.49886,2.32484,11.9619
3.3819,4.48844,21.8293
3.21596,3.90224,18.5787
5.34518,2.87605,18.6353
4.3438,4.32178,22.6636
4.76811,3.32769,19.7972
3.58244,5.83289,25.0445
5.85586,4.75264,27.8997
2.83798,3.235,14.4223
4.29211,4.08801,20.881
3.20644,4.13842,19.5414
5.94402,5.10896,29.4221
3.71414,3.83703,20.0814
5.23827,4.22346,22.7927
2.72157,3.2055,14.4193
3.73992,5.07866,23.0613
2.85965,2.61086,12.7718
4.53925,3.28675,19.5993
3.2272,3.09512,15.2996
2.92711,4.55826,19.2681
4.04992,4.50215,21.6505
4.00538,4.18564,21.2621
3.7181,4.02767,19.8227
4.41402,5.35406,25.5143
5.55972,3.13743,20.692
3.02482,3.09448,15.9558
4.39184,3.13218,16.7471
3.05602,4.75945,20.6825
3.55282,4.85914,21.732
4.26574,5.59455,26.4071
4.65193,4.04298,23.9681
3.83784,4.0756,19.088
4.2298,3.62345,21.0328
4.32282,2.74365,17.6973
4.21863,3.5108,20.4036
3.60295,3.19493,18.0454
3.63511,3.61333,18.5065
4.89898,3.33611,20.4255
2.61517,4.69456,21.3259
3.36765,4.96768,21.1797
4.43799,3.41924,17.3109
4.52737,2.17697,13.9026
3.03671,4.32187,17.5479
4.16175,3.59057,19.2253
3.72701,3.26583,16.0312
2.45012,3.6473,16.3262
5.91218,4.49341,27.4003
4.28346,4.05416,21.2095
5.53201,2.94334,22.5453
2.49185,3.5591,15.2752
2.77462,2.94397,14.3336
3.8962,4.48582,21.3357
6.26369,3.69061,25.4288
5.69814,3.88436,24.4252
3.04765,3.3178,15.2442
3.0625,4.50777,17.8652
3.63989,4.973,23.2195
5.54851,3.94043,24.8335
4.1077,3.66886,19.833
4.77482,2.43199,18.8386
3.87955,3.58642,17.9341
2.45652,3.26647,14.599
4.65177,4.44635,21.9917
3.88922,4.03168,19.7191
4.7726,5.43517,28.4057
3.54793,4.63574,21.0707
5.79577,4.04335,24.3105
4.33948,4.55819,23.6081
3.73932,5.34035,23.2962
2.83035,4.38654,18.5902
5.35681,4.76705,26.0636
5.95804,2.0739,20.9553
3.27615,3.50989,17.4311
4.12668,6.86021,30.54
4.85265,5.4749,28.0999
3.20704,5.50442,22.7366
2.74176,5.42103,22.1681
2.99677,5.22607,22.5366
4.73669,5.93956,30.576
4.99584,4.42801,25.2007
5.1494,3.13258,21.5145
2.90815,3.71919,18.8403
3.87639,1.55891,12.5016
4.61182,3.88236,21.845
4.55674,4.0947,21.5076
5.37758,4.15867,22.9025
4.83741,2.87996,19.0615
5.19542,4.95081,26.3346
5.36344,3.32895,23.362
3.85257,3.03934,18.087
5.04677,5.00526,24.8621
1.9955,4.5505,16.7764
3.51638,4.04957,19.1407
4.67275,3.33819,18.4243
3.53559,3.88177,18.1249
3.65009,4.51306,20.9833
4.78898,5.31768,25.5999
2.33132,1.902,12.0335
3.35268,4.35734,19.3518
5.07541,3.12778,21.304
5.44691,4.61775,25.102
3.57847,3.82568,18.2053
4.34085,5.15885,25.1821
6.42315,3.6304,24.2918
4.29524,4.97984,23.5154
3.25642,3.27078,17.9522
4.24716,2.87877,16.2202
5.96569,3.54437,24.0175
2.88629,4.94248,21.0028
3.27423,4.28376,20.2643
5.6525,4.19956,26.2506
4.38167,5.67114,25.1829
3.35728,3.91447,18.1826
4.50977,3.9151,19.5001
4.28944,3.75401,20.6554
3.65302,4.91363,23.2131
3.71637,3.57741,18.6602
2.38622,1.97002,12.6557
4.42389,4.28217,22.3275
2.35705,3.44884,15.7036
5.76964,4.472,27.1096
3.97983,4.26383,20.313
2.83426,4.17812,19.1558
3.81621,4.31964,21.1283
3.80796,2.76217,16.0007
4.80883,4.5762,26.2548
5.57784,2.19378,19.4898
1.84263,4.79668,18.2306
2.69115,4.01595,16.0467
4.02421,3.00288,18.5944
2.69522,4.32478,16.0079
4.23068,5.25098,24.7559
4.66486,2.87849,17.7533
5.00189,4.72485,25.5907
4.16861,4.81426,24.0539
5.97946,3.50232,23.3826
4.01682,4.07803,22.0731
4.56185,4.77774,23.1654
4.09171,4.03304,19.2769
1.69852,4.89541,16.7235
5.06945,5.11137,27.7802
3.70985,3.32563,18.3397
4.90198,4.04255,23.9125
3.85615,2.60851,15.1861
3.35218,4.12098,18.4295
4.94449,2.91083,21.0703
2.28234,4.50692,17.329
4.63532,5.2468,27.2926
5.10539,6.12991,29.4403
6.59215,4.57411,28.8584
4.5369,4.9919,24.4402
4.37664,3.69694,20.1913
4.3862,2.78591,16.3841
4.99686,5.32977,26.3912
3.86131,3.54027,18.5689
2.96303,3.91925,17.9521
5.09394,4.57969,26.1947
5.5539,3.21109,22.0744
5.61561,4.23617,26.0492
4.26846,4.00044,20.8976
4.30629,4.83667,23.1848
4.35515,3.5802,19.4441
6.94992,4.48712,29.6732
5.15028,4.55172,25.5233
3.09239,2.79464,13.6209
3.31849,4.48565,20.9182
3.72517,4.39402,21.3908
3.08185,5.17844,21.6617
4.54408,6.4097,29.4397
4.50963,4.55274,23.8233
3.72497,4.27013,21.8426
3.90126,3.79825,19.3305
4.35012,3.10343,19.1929
4.55316,5.42418,25.9045
4.67235,3.7795,22.5515
4.10885,2.97864,18.1493
3.85997,2.34114,14.4142
4.04468,4.07953,22.1528
3.04311,5.61039,23.69
3.01455,4.26102,20.6743
2.71297,4.87361,18.1267
4.17611,5.2161,26.4083
4.54048,2.92761,18.2061
3.02739,4.68062,20.7222
4.44577,5.13443,24.5579
6.0982,4.61556,29.7322
1.84632,3.56684,16.1842
4.8778,4.27113,22.7003
4.3389,2.37723,17.1235
3.89873,4.39852,21.3648
3.66027,1.42055,12.6833
4.72876,3.32081,22.0558
3.88534,3.83278,19.6468
4.15685,4.95136,24.9702
3.28825,4.17852,18.7581
4.87221,4.51928,23.8854
3.59614,5.35496,23.6788
4.23592,4.21552,20.0903
5.29193,3.74306,22.9404
3.91604,5.89792,26.4216
3.08999,4.24598,18.2205
4.44188,3.73058,20.0663
5.62004,2.92248,21.0196
4.09255,3.27545,16.5178
3.10239,4.45104,18.6269
5.31667,5.05234,26.8482
3.35171,3.56544,16.8978
3.4444,2.83982,16.0967
6.10384,3.22262,23.833
3.98822,3.77177,16.1736
3.64608,4.9795,23.2245
3.44105,5.04116,21.2866
4.18349,4.55651,21.7661
2.20304,4.23275,20.2827
1.89866,2.69367,10.9824
3.08581,5.53147,23.6833
4.97119,5.85147,29.7536
2.17802,3.28332,12.4431
3.70743,4.49685,20.3161
3.16038,5.07811,20.438
4.46492,3.49725,20.182
4.03971,3.26011,18.2325
4.18346,3.61861,19.5473
4.40722,5.45421,26.4249
4.09299,2.32042,14.8519
3.07283,3.98887,17.6493
3.45282,6.14137,25.9226
4.56608,3.46072,19.6421
4.45862,3.70893,19.1916
3.15516,4.92619,21.0501
4.33284,3.43916,19.3663
2.7112,2.60789,15.9318
3.2776,5.7208,23.6158
3.29289,4.00636,19.4442
5.24194,4.85585,26.8915
2.4674,3.00564,13.7913
3.82074,4.2855,20.7511
4.40761,5.67647,26.5672
4.55054,4.17108,22.4685
2.10514,3.32932,14.2733
2.73735,3.93204,18.0421
2.72994,2.36836,13.231
5.92768,3.99542,23.7798
5.58716,3.75359,23.1073
1.82959,4.30916,15.8206
4.52424,2.675,17.5011
3.9823,2.60409,16.1061
3.21266,4.24567,20.0461
3.74999,4.03895,19.3021
3.00471,4.79857,20.514
2.06556,4.06605,15.7087
4.69897,3.12054,20.0586
5.16206,2.38322,18.3325
2.64504,4.52428,20.1394
4.03172,5.71803,26.7937
4.99754,4.28769,22.7249
5.16273,4.03952,23.0145
3.1115,3.40177,16.628
4.5799,4.83509,25.6292
2.42623,2.65976,12.3869
2.24975,5.34906,21.4247
4.12905,3.59997,19.0676
4.16102,2.13954,15.0358
3.39424,4.90778,21.5151
5.68807,3.70015,22.7786
3.48246,4.36344,18.7262
5.0951,2.05291,19.8786
2.88953,5.04888,22.3107
2.59818,5.25477,22.012
3.43852,2.22978,14.7372
3.15076,3.61583,17.7269
4.43836,4.02566,21.14
5.14139,2.24885,18.7757
4.25332,2.72591,17.2254
3.716,3.08412,16.556
1.74751,2.68521,13.2183
4.16594,2.85935,16.8805
1.67799,6.0002,20.8069
4.85734,3.77362,21.8679
3.63122,5.06459,22.2051
5.55644,3.3442,22.3214
4.36971,2.63273,16.9675
3.53888,5.05853,23.4043
3.49468,5.66745,26.4047
4.18952,5.12425,23.5604
4.57849,2.18855,15.2621
4.76887,5.19431,25.2281
5.17136,1.91728,16.0753
5.24212,4.48245,24.3577
4.14285,4.69708,23.869
2.61974,1.88696,11.5578
3.29584,4.54516,20.3964
4.43126,2.31216,16.4297
2.72912,1.76707,10.4357
4.675,4.30678,24.1709
1.77324,3.6421,12.8131
4.85361,4.1418,23.2231
4.98048,3.37097,20.221
5.05434,3.35263,21.0974
2.26679,2.36046,10.4931
5.05512,5.18423,27.9106
2.83134,4.47282,19.9497
4.45763,3.98746,22.1061
5.12726,2.61794,20.8578
4.29685,3.50083,19.063
3.0595,4.14779,19.7103
4.94163,4.06613,22.6172
3.42326,2.46198,14.0551
3.61166,2.91581,18.2121
4.88748,4.05523,23.0139
4.23351,4.50325,23.2652
3.13957,3.41081,13.637
3.70142,2.60743,16.0664
3.77265,4.87004,21.4128
5.89614,3.05782,21.3679
4.9763,4.77094,26.4963
4.70182,3.58268,19.8229
5.52522,3.8349,23.8414
3.45028,4.93642,22.7401
5.4364,3.95728,23.8282
4.26478,1.81455,15.8452
4.07118,3.27618,17.5624
4.14833,3.70546,19.9001
3.35274,4.74634,23.1061
3.6737,3.84091,18.5041
4.63203,5.02501,26.5519
4.89222,5.53427,28.4792
3.91871,3.29249,17.5508
4.09442,5.0986,23.4784
2.39575,2.87124,11.9257
4.69313,4.30573,22.9075
3.54997,4.15462,19.1144
3.55206,3.49353,18.8269
3.0669,4.27681,19.8829
3.45755,4.62971,19.5587
2.1654,2.4746,12.6284
4.80051,2.81464,19.218
5.55916,3.76371,25.1701
5.04559,5.29547,28.386
5.45451,2.61046,18.9804
5.71739,4.21515,24.827
2.93669,3.03983,15.2838
5.11617,3.38146,21.6297
1.60393,3.37598,13.8822
3.75249,3.35335,16.6149
3.80453,4.45475,22.3025
2.98677,1.84125,11.3629
4.09508,3.6943,19.0546
2.72318,3.13917,15.3491
4.28695,3.31179,19.9287
4.24216,3.8331,18.7362
5.92029,4.11798,25.678
5.20381,4.07227,21.3225
4.6166,3.33932,18.9323
4.01678,4.17513,20.5596
2.58263,5.86442,24.0032
3.36005,4.6096,21.776
2.64865,4.73935,20.0233
2.70534,4.74053,19.9715
4.51406,4.52703,21.9683
3.14887,5.36628,22.8254
2.83812,2.92125,16.3054
3.64589,3.46932,16.7731
3.19037,4.14888,18.851
1.66902,4.13188,16.2396
5.07069,4.81673,27.8154
4.1705,2.87691,17.86
5.42783,3.2707,20.7359
5.27498,4.72935,26.885
4.28209,4.88594,21.654
4.90086,3.48404,21.7059
3.99922,2.96223,17.1555
4.63368,4.53597,23.1918
3.93777,5.0901,24.2081
3.92747,4.7539,23.821
3.04888,2.86048,16.6333
4.24056,2.28117,17.5217
5.57185,3.51184,21.0362
5.6539,1.65859,16.375
2.82525,3.81362,15.8154
2.917,3.65065,15.9352
3.71999,1.74817,15.4477
4.50516,4.41276,23.1848
2.89615,4.65696,20.1131
4.14584,4.91944,23.7932
4.21616,3.37237,17.7597
6.68109,4.23196,28.4444
4.11453,2.57368,16.812
2.50778,3.24298,16.1381
3.83572,4.16518,21.1175
4.24311,5.09622,24.8113
1.52619,2.80156,10.7402
3.45879,4.38811,19.2252
2.03146,4.33876,14.1265
3.30699,3.63426,18.5973
5.2026,3.52381,22.01
2.77112,2.45221,13.1329
3.81673,4.01232,20.0894
3.82375,3.75945,19.4441
4.18116,5.18082,27.0194
2.75968,3.33936,14.9118
4.7046,1.86707,17.2358
3.40612,3.81097,16.7504
3.83068,4.28662,19.2997
5.68791,4.97752,28.3846
2.71801,4.73707,19.8365
4.91873,2.85572,19.2835
5.39247,4.87904,25.2472
4.2806,5.12676,24.2718
4.84605,4.37869,24.7384
5.64023,4.97267,28.926
3.59102,3.79833,19.0425
4.22953,3.53506,19.1258
4.99062,4.26064,24.0582
2.55024,4.14202,17.3664
3.37553,2.62401,15.1198
3.39789,3.95982,19.3906
4.55355,4.9354,25.3846
3.12504,2.85164,13.8803
6.81436,4.33601,30.4494
5.05779,1.89505,17.1793
6.18763,3.66565,25.0279
4.08011,3.25419,17.5464
3.70418,5.37989,25.362
3.51826,3.67391,18.9225
4.75772,4.05486,21.6365
5.07988,4.04008,22.1683
3.07799,5.09744,20.3185
4.87918,3.85617,21.1704
3.71524,4.1271,20.0819
6.14008,3.01512,22.5474
4.7458,3.5014,21.4632
1.53819,4.22022,15.8093
4.84106,4.24739,23.8419
4.54303,5.11226,24.7653
4.68842,4.4953,22.4598
3.7397,3.72175,19.0632
4.10778,4.24293,21.2308
2.7488,3.99831,17.92
4.94681,2.02358,17.5776
3.81924,5.50709,24.5654
5.45936,2.90725,18.3746
5.13056,3.33307,20.2173
5.03126,2.72006,19.7061
3.36212,5.08676,22.9114
4.38383,4.87933,23.4187
3.65093,4.62145,21.8577
2.78741,4.81919,19.5628
4.33506,4.5066,22.8175
3.43388,5.82847,25.0377
4.5285,4.15439,22.59
2.63899,2.38825,11.6958
5.08364,3.41842,23.3034
4.59118,3.54588,21.6018
3.94769,2.51407,14.6152
5.04378,4.37627,23.7258
2.59059,1.53239,10.2499
3.05967,3.79766,16.3028
2.8187,1.7563,11.309
4.13374,4.49798,21.5377
3.69033,3.7553,18.727
1.89483,5.7435,21.7995
3.88882,4.43417,21.943
3.49319,4.86347,22.5114
4.64027,3.9528,23.3992
2.78125,5.29634,21.4951
3.16914,3.65059,15.9536
0.816496,5.26306,19.1178
4.6583,3.44145,19.7992
5.0858,4.32459,25.605
4.49221,3.45207,20.9424
4.64685,3.20987,18.4423
2.80229,3.83664,17.6487
3.51319,3.12322,17.1012
1.67346,4.49578,19.1171
4.42803,2.69409,17.7615
4.25911,4.40712,21.772
5.95446,3.41253,22.9162
5.74336,4.61241,27.2317
4.10582,4.46547,21.7204
4.99635,5.21928,25.9201
3.69874,3.58888,18.2855
4.82561,3.5323,18.459
4.37151,3.82934,19.5885
3.55999,4.58741,21.2571
2.82666,3.48312,15.0953
4.13682,4.58961,23.5645
5.47131,4.38173,23.5618
3.26902,3.26466,15.2121
3.69016,1.75917,13.4736
4.04098,4.58252,23.7331
2.59901,3.55069,16.163
3.85355,4.95239,23.2626
3.49126,4.68846,22.2175
3.70477,3.67255,18.9773
3.44416,5.00809,23.8218
4.23702,1.48287,13.9782
5.109,4.89931,24.1528
1.6617,4.03807,17.1294
3.55151,4.65013,21.6237
4.18678,4.66514,23.6912
4.26718,3.81701,21.1922
4.096,3.37994,18.3154
2.91337,3.23927,15.8835
5.92875,2.68955,21.7815
3.8278,3.35895,17.5623
3.98274,3.76893,18.2092
2.29733,3.29964,13.9501
4.23706,2.83252,17.0608
4.48718,2.34505,17.6345
3.10878,4.62152,20.1971
5.19177,3.27972,21.0587
4.58136,3.3871,18.814
3.95698,4.77477,23.4707
2.76049,4.63077,17.5931
4.63207,4.75897,25.7452
3.45075,2.73231,13.5751
5.38011,3.94712,22.7913
3.26349,4.11782,19.6372
1.97464,3.74927,15.0523
2.70293,3.45053,14.75
4.18761,4.25922,20.2976
3.92631,6.27667,28.2517
4.72652,3.95433,21.7046
3.84916,3.27595,17.0501
1.75619,4.72251,16.8102
2.62938,3.52421,14.0117
3.83525,5.08417,23.6853
3.10901,3.63472,16.6397
3.62363,5.29725,25.9938
4.62458,5.11234,25.0994
3.63369,2.6951,15.2812
5.05365,1.85208,15.1218
4.30716,3.84761,21.0631
3.08878,3.73371,15.8604
2.29575,4.22881,16.5968
5.67281,4.43014,26.0382
3.46933,2.80102,14.268
3.91943,3.28514,19.3512
3.34434,3.86125,17.5484
2.99988,4.00575,16.3448
2.78602,4.3009,19.2943
3.5994,4.15892,19.4213
5.17644,5.25292,26.7792
3.90786,4.39653,21.802
3.59392,2.94794,16.4236
4.0403,6.17439,29.1296
3.57965,3.6452,19.8731
5.23831,3.94709,22.4259
4.37634,4.6537,23.7665
3.54399,3.65692,19.1696
4.53328,5.65424,27.2249
3.67657,5.43191,23.3974
4.62873,4.26355,21.3176
3.55487,5.65536,25.9163
4.0623,4.20968,21.2341
4.69825,3.93067,23.0868
5.75773,6.17855,32.676
2.6217,2.66891,13.9611
5.09859,4.29778,23.9076
2.15156,3.14252,11.2753
2.96889,4.5753,19.1202
4.05791,4.92006,23.3907
3.18737,3.04228,17.6748
5.74309,5.69111,31.602
2.98276,3.58343,14.8396
3.80377,4.54643,19.9975
4.38737,4.57414,21.6909
4.1341,3.08738,17.1262
3.0733,4.39539,19.528
4.81061,4.15585,21.0618
5.13687,4.63496,24.763
4.81202,4.28274,23.7098
5.36892,5.33296,28.7665
4.934,4.99883,24.7796
4.74171,4.02245,22.4588
3.68637,3.56105,17.1074
5.38066,4.80728,25.9057
3.9866,3.32121,17.1994
4.42035,2.9642,17.9273
3.80994,3.65052,17.5807
3.17337,5.96288,24.0277
4.30715,3.86215,21.1836
2.585,3.47208,14.1894
4.00449,3.32514,18.6773
3.24755,6.0403,23.784
4.17183,3.97692,20.4985
4.54152,5.10707,22.9882
3.53477,4.00483,19.1497
4.71259,4.57456,23.7799
2.59098,5.27938,20.5445
4.64901,4.70347,24.1459
3.45466,4.90807,20.9974
4.22355,4.47938,22.5318
5.88325,2.8908,22.0456
5.77888,3.16734,22.547
5.70576,5.09277,29.0668
4.45349,5.17911,24.8211
4.47374,4.02928,20.5284
4.38977,4.92107,22.8785
3.73906,2.90544,16.3894
3.72554,4.34178,21.0675
4.41279,4.33736,21.0278
3.26157,4.17903,19.852
5.2868,3.56124,22.7261
4.28279,4.02014,19.7651
4.7969,3.37964,19.3472
6.08339,4.48175,27.9675
4.80708,3.8694,22.2453
