3
6.9266,3.0776,6.05393
3.93692,4.15362,8.0586
4.61961,4.06771,9.20911
3.76644,3.58551,7.55713
4.74468,4.57605,9.86792
4.88735,4.33692,8.76268
5.56004,5.58691,13.9927
4.18973,4.80813,12.2219
3.29366,3.31798,7.09855
5.26685,4.46875,10.0058
3.77885,4.96165,10.7442
3.92223,3.85722,6.43317
3.27826,4.04512,9.05543
4.60203,4.15525,8.22719
4.37491,4.46723,10.7996
2.26605,4.29756,9.39037
4.76133,4.93941,12.5295
3.47158,4.27915,7.87876
3.92626,1.85434,4.15188
3.84346,4.86776,10.5348
4.95476,3.65665,7.39855
3.36381,2.6433,6.97811
4.25064,4.26506,9.2482
5.90959,6.36668,18.4011
3.75809,4.64124,11.2347
4.86146,4.95659,12.0162
3.82875,5.11222,10.596
5.13426,3.58631,8.69985
5.90722,4.08395,7.26055
3.27051,5.1539,11.8898
3.8617,2.66171,6.91046
5.4454,4.26882,8.4266
4.53372,3.77082,6.68679
3.46598,5.46825,14.1464
4.87077,3.1117,4.84305
6.21078,4.2641,7.45627
4.81105,4.78873,9.87227
4.67303,4.16351,9.92162
5.84562,5.32373,13.2008
2.65241,3.22886,6.31761
3.82195,4.01384,8.52661
5.00881,4.63733,9.8367
3.55082,2.3,5.03975
5.64925,6.68221,20.1917
5.49793,4.54156,9.64626
4.309,4.15726,6.81437
5.441,4.01632,8.86394
4.56237,4.11254,7.74169
3.61791,3.65807,7.31303
3.92953,3.00885,6.90411
3.64402,4.74392,9.98706
4.26977,4.68986,9.68981
4.63325,4.22149,7.46857
2.62797,1.4852,3.32936
2.22312,4.03569,7.91186
3.40272,3.5966,7.03823
4.28668,4.75892,10.8262
3.80321,3.87744,8.31682
4.68851,2.57728,7.30887
3.20267,4.94011,10.4745
3.75942,3.7464,7.64313
4.13448,6.01454,15.8814
4.11195,5.62147,13.508
4.00428,5.0283,9.39482
5.54102,3.24599,8.48228
3.91427,2.41053,6.82154
2.31505,2.2039,4.51103
3.50046,3.33587,5.21569
1.47102,2.65447,5.08236
4.06923,4.24475,9.91626
3.94769,2.36023,5.0724
6.71778,2.77461,6.47133
5.44296,3.45882,6.12679
4.40048,1.78675,3.29309
4.06509,3.42585,7.9713
3.16652,2.79867,5.79123
3.28039,3.01905,7.34441
4.09371,4.3097,10.1634
5.46085,2.72293,6.07411
3.92065,5.14115,11.0415
4.93863,3.13392,8.16723
5.04213,4.04583,7.96458
2.01191,4.83473,8.64027
3.56842,5.61013,13.8456
3.841,4.78404,8.70664
3.05201,4.71143,10.3868
5.35805,4.0957,8.40773
3.11451,3.38712,6.6885
1.26402,5.37015,11.9344
4.13832,4.71229,10.1697
4.0354,2.07573,3.1386
3.52263,5.30005,12.9417
3.7206,5.07349,12.6854
4.1277,3.53352,6.84588
4.12931,3.27683,6.88881
4.28215,2.95603,5.9738
4.64303,3.68095,10.0724
5.29374,1.19746,3.76215
4.06253,3.83516,8.32747
3.09819,3.49945,7.8666
3.43538,2.23749,4.43664
4.04361,3.94818,5.75485
5.05041,3.20732,6.17596
2.82232,4.03733,7.77939
5.7818,5.59993,15.619
3.05477,4.91824,11.1883
3.92658,4.28566,7.87488
5.04267,3.46357,6.1368
4.14295,3.62638,7.92322
2.61593,3.81416,6.86913
1.85226,4.27717,9.56592
2.9661,3.56891,8.12515
3.57468,4.85597,10.1088
3.83447,3.67525,9.51762
4.59867,4.99811,10.6624
2.51266,6.09484,15.0955
3.28984,3.54433,7.05493
2.79777,4.55239,10.5477
4.79258,2.70066,5.94729
2.92633,3.7662,6.39735
4.06413,3.83165,6.02574
4.36864,3.45178,7.0764
3.84602,3.51527,7.72134
4.13164,4.79789,8.99422
3.73581,3.5919,7.40491
5.1212,4.21012,10.2397
3.28743,4.86116,10.0634
4.92777,3.59139,7.76947
4.20417,4.46695,8.91801
4.08921,7.11318,21.7592
4.36291,3.70867,7.47324
4.83702,2.7959,3.15916
2.35844,4.34845,9.30267
4.66732,4.30553,9.19091
3.41184,3.85722,7.76581
4.21985,5.15991,13.9638
3.51522,4.44661,8.95733
4.59907,4.94893,12.5961
3.68443,2.96487,4.72211
1.25152,5.10197,12.6756
3.7614,3.7956,8.50473
5.6772,3.376,6.404
3.64692,1.99204,5.6819
5.55576,3.82524,6.83668
4.63748,4.51043,10.3067
5.49421,4.27213,10.0588
4.96284,4.31554,9.5222
2.57885,4.57834,10.512
5.47238,4.93208,10.8274
3.10049,4.89771,11.4489
3.74364,3.69987,7.21102
3.35835,5.06124,11.7038
5.83491,3.55317,6.21035
4.84318,3.7838,7.35977
2.45965,3.0888,5.05971
5.45914,4.86246,8.31109
3.67227,3.84148,8.04536
5.66177,3.25883,8.17545
4.97413,4.0143,8.9108
3.50583,4.08986,7.75408
3.8074,2.27658,6.79968
4.11102,4.74068,12.0321
1.57836,4.60501,10.2585
5.37776,3.65182,6.65712
3.78126,2.48986,3.68886
3.16692,4.05378,8.85972
3.80724,3.22602,6.99253
5.46464,3.05082,5.78882
3.77937,4.36719,7.85865
5.20925,5.34976,13.2394
3.44935,3.75024,8.5378
3.0137,3.24196,3.75014
3.63707,4.94658,10.6238
4.787,3.43094,5.28426
2.03506,3.20629,5.30642
4.10388,3.30806,6.84244
4.2356,3.10215,6.06749
5.35655,2.5876,4.0614
1.82548,1.8829,4.18953
3.90368,4.11074,9.40209
4.12025,3.98628,9.52185
3.17905,2.59976,4.13095
4.25574,3.57377,7.1295
4.14912,5.20883,12.7769
4.39582,4.63603,10.8218
3.48001,3.14548,7.5009
5.54399,5.28068,10.5226
4.93149,4.38166,9.78456
3.67727,4.147,9.2344
4.37902,2.7577,6.03447
4.25907,4.20479,8.2186
4.20966,4.8928,10.7025
3.84841,4.95137,10.7837
4.42089,3.39641,7.16871
2.39259,4.62034,12.2196
3.68955,4.23187,9.48015
5.41361,4.37859,10.0596
4.59693,3.86343,7.85626
4.47757,4.00652,8.98144
3.10016,4.14784,9.39817
2.05016,2.16682,4.50088
3.3815,3.11772,7.4534
4.02946,4.78845,10.6307
2.68651,4.11125,8.651
2.92175,4.7845,10.1979
3.25566,4.79709,11.4043
5.57673,5.19409,13.3622
4.54463,4.04126,9.42959
3.17328,3.31067,8.61417
5.35349,3.19124,6.15119
4.5204,2.86732,5.70676
3.9019,4.14094,8.89723
5.83883,5.8095,15.3116
4.7084,4.07554,7.33071
3.27681,4.23027,9.26997
3.73073,4.98269,13.5347
4.61282,4.40811,9.7289
2.52284,2.44107,4.95968
4.72435,3.60711,7.75513
6.57065,4.49711,10.3082
4.1657,4.73497,10.4878
4.5581,3.37049,5.14341
3.79748,4.12687,9.13374
4.002,2.47501,4.60947
3.04186,2.42505,5.78016
2.74781,5.20595,12.2173
3.81377,3.09646,7.64049
2.80968,3.53237,6.23673
4.12526,5.1634,10.9742
6.04707,3.48084,5.61831
3.79367,4.22687,9.49697
2.77982,5.24044,12.9156
5.29562,6.09604,16.1681
3.13687,4.58134,8.51311
4.64881,3.38585,5.38191
4.91691,3.44638,5.86748
3.83028,4.72598,10.5358
4.42455,3.63884,7.62311
3.50716,3.97288,7.83349
2.84845,1.9053,3.45194
4.85817,3.47435,5.95954
4.66146,4.74158,11.989
5.01625,5.23133,10.9977
4.57351,3.55035,8.00889
2.43986,4.92911,12.7857
4.37459,4.92118,10.4214
4.39783,2.01772,4.2039
3.56616,6.295,18.19
2.4948,3.69676,7.07105
4.54807,2.04017,5.11412
3.09494,5.51876,12.8937
4.22201,4.99579,13.2199
2.66266,3.43145,7.65239
4.7251,4.01731,10.7112
4.85015,3.48335,7.75484
4.82218,5.09505,12.5335
3.66368,4.17648,8.92386
5.53284,5.46093,13.8391
5.8512,2.39468,4.96055
4.92252,3.36991,7.91942
2.44084,4.64054,8.47302
3.90836,3.70525,6.81569
2.89489,3.80143,7.40335
4.16359,4.26004,8.01049
3.17046,3.62343,5.57115
2.56644,3.69059,6.81071
2.54772,4.79072,10.7368
4.67335,3.87703,7.348
3.01769,3.34728,5.39446
4.38607,5.36156,11.8672
4.31278,3.36986,6.0043
3.49734,3.207,7.72626
5.06449,4.45373,8.88112
6.25982,5.34115,12.3237
4.76569,3.54653,7.95473
4.13419,3.30618,5.89524
2.45358,2.98669,6.47917
2.60584,3.41688,7.39273
3.89782,3.82412,8.70787
3.13525,3.88717,5.66411
4.8984,2.9717,7.13297
2.35265,4.53935,8.48284
4.59061,3.2851,7.03961
4.8415,2.40947,6.52511
1.86002,3.42829,6.07142
2.65706,3.63446,6.77973
2.3728,4.25505,8.37232
4.30766,3.76854,8.14227
4.44277,5.08289,11.379
4.39275,4.22119,10.5572
5.60268,2.40308,5.16829
5.00789,4.54482,11.0842
4.89543,4.39385,9.08773
4.5273,3.7779,9.45483
4.10596,4.77454,11.7745
3.47548,3.72489,7.99953
4.95431,4.31723,8.6768
3.31996,3.87436,8.40813
5.59996,3.94713,7.54862
2.97805,2.55356,5.50412
4.56096,3.55222,8.52202
6.58996,5.72223,15.2645
3.9055,6.0338,16.3335
4.15191,3.92973,7.56845
4.53187,3.67092,8.18777
4.04449,2.63964,6.56302
1.76445,4.46864,8.76031
6.17171,4.42708,7.63391
3.44147,4.23019,7.88125
3.3253,6.10819,16.3579
4.63128,4.79785,9.37405
3.08776,4.87568,10.7398
6.20003,5.56321,14.5454
4.0568,4.45463,10.7209
3.24726,4.98266,9.53501
4.21514,4.97085,10.3087
3.38499,3.41064,7.37571
4.98642,3.76847,8.4891
5.64189,3.91554,7.92232
2.60587,2.64935,5.54504
3.74058,4.52243,8.88016
3.21167,2.76175,6.28105
3.67534,3.62318,6.08701
6.60369,4.93162,10.9287
4.69305,2.55818,5.76863
4.03534,6.12531,15.5009
4.4057,4.77555,11.3506
4.2678,3.61784,7.5288
4.54052,3.01102,7.63311
5.78436,5.86744,16.3364
3.27456,5.29498,15.1736
4.11759,5.13696,10.4526
3.09642,3.91637,8.12395
3.30936,4.62044,8.74239
3.0743,5.01759,11.0733
4.37859,3.75061,6.93455
2.00505,2.00541,6.24447
2.95751,5.57333,13.8522
2.41673,3.54934,6.40965
3.60158,4.4013,9.73222
3.13315,4.95257,12.6844
2.67688,2.00263,3.87009
2.99266,4.99368,10.2948
5.06426,2.76022,5.52531
3.87844,3.41962,5.06744
4.11642,4.12442,8.65195
2.51341,6.05443,16.6608
4.0684,4.28713,10.1658
4.78244,3.44135,8.06567
3.27123,5.69127,15.5719
4.37547,3.14319,5.7625
4.54366,2.47371,5.03354
2.76157,5.46883,14.1718
3.86935,4.17365,9.12445
4.38915,5.00742,12.0086
4.49961,4.41722,7.70218
3.48673,2.45001,5.75414
3.60814,4.29459,9.55765
4.22999,3.38943,5.55832
3.86343,5.68759,14.6032
3.94987,3.37346,6.09619
3.79844,4.46685,7.77188
3.95948,4.47869,10.6282
3.77605,3.9948,7.30011
2.98401,3.84782,6.99703
3.52589,3.80859,7.86256
2.57871,4.868,12.3798
3.96404,3.93951,9.12587
2.31735,4.91,11.5799
2.5132,3.37757,6.2709
5.08772,5.48815,12.6934
4.71241,4.13811,9.27028
2.40907,4.61394,11.0561
5.31102,3.72705,8.58703
2.16121,4.69425,10.7283
5.10788,4.06451,8.54595
3.37235,3.63079,6.90263
5.37408,1.85085,4.88447
3.85755,3.59758,6.17872
4.28992,4.56204,9.80266
3.89262,3.0055,6.96744
4.44484,2.75249,4.95388
4.15806,2.35182,3.24893
3.20761,5.43914,13.763
4.53441,6.18165,16.7429
4.0987,4.61587,9.18167
3.84474,1.58314,5.7944
4.08024,6.38217,18.18
2.95432,5.62622,14.8071
4.20444,4.47094,8.17757
5.38732,2.93927,4.68354
4.06786,5.05342,13.6314
4.06186,4.04167,8.68955
5.87207,4.41443,9.59468
3.41957,3.48322,6.78221
4.51003,4.76743,8.25686
4.38641,3.40124,6.08851
6.02344,2.81278,5.66961
3.91944,4.38206,8.04028
3.67699,2.12879,4.26182
5.861,4.12374,11.5952
3.79908,3.52828,6.49686
5.65034,5.0333,10.2088
4.34499,4.0801,9.11594
3.89144,5.03442,12.0224
3.81019,4.03614,7.35885
3.19306,2.77388,6.15049
2.6861,3.45707,6.24549
2.65231,5.11451,10.1611
4.06665,0.870619,2.95628
4.61787,4.10956,7.04029
1.9209,4.03967,10.3571
3.30789,1.98802,5.65341
5.54639,3.50764,8.39898
2.15635,2.83209,2.60018
3.73424,4.45613,11.4655
4.05884,5.91951,13.1777
3.71886,3.85297,7.6793
5.37069,5.54523,13.4881
5.2376,4.34713,9.9388
5.1051,4.08923,8.11407
5.41433,3.37139,5.17174
2.95228,5.70719,16.6422
3.64375,4.82201,11.2564
5.45132,5.13202,12.7245
2.77076,1.6403,3.45663
5.62814,5.20862,12.4717
3.81668,3.13285,5.22283
4.29115,2.45343,4.55922
3.43648,4.0698,10.19
2.4399,2.78524,4.70813
4.90921,3.28489,4.66637
4.23887,2.49386,6.29382
4.1595,2.60587,7.41094
4.75562,4.15493,7.07013
3.73387,2.78788,7.0543
4.46864,2.59144,6.11897
2.12656,3.10393,6.65915
3.34165,4.48265,8.70164
2.43568,2.61596,5.57296
3.57997,3.86211,7.16558
2.32412,3.0212,5.46544
2.59738,2.7875,4.45616
4.83942,1.96909,4.47766
3.51079,5.08792,12.9503
3.92926,3.4597,7.87491
2.55505,2.59478,5.85368
4.67387,2.02416,3.47353
2.17378,3.40021,6.90661
4.63938,3.34201,7.17488
4.59013,3.75737,7.48996
4.89737,3.0061,7.24255
4.66843,2.5889,4.83323
2.42587,4.81183,9.58956
2.64976,2.98843,6.51873
3.51217,3.69268,7.65123
5.03919,3.3436,7.17667
3.59103,3.60163,8.16554
2.91487,2.43076,4.75297
2.25705,3.4068,5.02391
4.17258,5.16465,11.2097
4.97486,3.93654,8.67982
4.22161,3.10497,8.48774
3.32304,4.77901,10.6448
4.81365,4.67375,11.2774
4.56224,5.12801,12.2794
5.36976,3.52291,7.30356
3.35791,3.28038,6.25836
5.71238,4.2693,10.0848
4.67264,3.25404,6.11667
3.39816,4.66665,11.4714
4.74539,3.40685,6.58108
3.88106,3.57313,8.96184
1.82132,5.91399,15.1599
5.33669,4.69399,9.61957
4.48253,4.90286,11.405
3.07728,3.57554,6.31396
2.39571,4.90661,9.47246
3.87391,4.40047,9.05888
5.30351,4.46058,8.9927
4.61416,4.00814,7.36144
4.32761,2.61021,6.52531
4.46735,3.75684,7.48293
4.3194,3.86643,8.10282
3.20422,3.36167,5.16793
3.305,3.14714,5.18666
3.29027,3.28799,6.2092
2.50382,4.80409,11.3877
3.92868,5.81394,14.0959
3.56734,4.00648,8.45805
4.42807,3.94404,6.95734
4.87243,4.119,8.11757
4.47066,5.35979,12.9671
3.61687,5.24314,14.0643
2.98662,2.73795,6.00026
4.41452,3.53554,6.89097
5.35556,3.18675,5.44226
2.25578,3.66665,8.28008
4.72552,3.5904,7.21255
5.15913,2.95222,5.90474
3.47715,4.94291,9.32038
3.54225,6.08823,15.8485
3.82903,3.8451,7.57817
4.64821,3.39805,9.55306
5.69865,5.52806,12.9791
4.98952,4.39045,10.0371
2.1313,4.73336,11.6202
4.68349,2.6343,7.06618
4.34147,4.98095,11.7817
3.4125,4.63046,9.21415
3.36337,4.57695,8.61763
4.16089,4.8833,14.1722
3.22623,2.63236,5.12957
4.32344,4.39638,10.3658
4.61418,4.50808,8.73361
3.82326,4.48014,9.78187
4.08267,3.04836,6.82387
3.73099,4.02685,9.65395
3.73104,5.44926,12.48
4.04414,3.33618,6.78688
3.47855,3.3233,5.69321
5.599,2.42101,5.2704
2.3996,3.71959,7.33982
3.78617,2.84351,7.07185
3.96905,4.79716,11.5532
4.31681,4.14975,7.86757
4.19013,3.92295,7.56422
4.1308,2.75721,6.4106
3.60926,3.85873,10.7368
2.42863,2.86296,7.35604
2.96081,3.52124,6.237
2.76178,4.75418,10.2326
4.67998,3.6271,6.02484
4.46047,2.67916,4.32783
3.70482,4.23556,8.59479
4.0592,3.08675,5.54578
3.97633,4.39004,7.75645
3.76942,3.91084,9.67242
3.50128,3.9865,7.66668
4.94629,4.99053,11.7413
4.3159,3.24836,5.86471
4.4766,4.14689,8.85418
4.45966,2.85293,5.61939
5.26016,4.73711,10.9044
3.58513,2.98544,7.14936
6.25012,4.04788,8.68577
5.28048,2.59119,4.68711
3.19131,3.36623,7.43823
4.34107,4.92169,11.1045
2.13938,3.80302,7.86034
5.94672,3.97132,9.40286
3.83156,5.8166,14.8676
4.75967,4.22099,8.17045
4.0933,2.83366,7.61886
4.43068,3.15984,7.25798
3.26662,4.08525,8.90864
4.13218,4.62613,11.0921
6.26949,4.73959,11.1284
4.77299,4.16639,9.17824
2.53349,2.73568,5.86786
4.82743,3.77132,6.32506
3.81786,4.21396,7.99962
3.00377,5.01644,10.8909
4.43325,3.08424,7.112
4.45206,2.55016,5.4926
2.36913,4.66776,9.10097
3.86968,5.15061,10.5534
4.86401,3.00778,6.09458
2.99382,4.03807,9.01684
4.12013,4.07427,9.75442
3.98886,5.51339,14.3552
4.58891,3.89062,8.60594
3.21265,3.93922,8.61179
5.10354,3.68483,7.05102
3.75244,1.98938,4.27145
2.57678,4.91926,10.8855
4.26827,4.34925,9.50885
3.52403,3.39213,6.77205
3.45811,3.90887,8.28225
4.40457,3.38048,8.14329
3.78484,7.32168,24.1113
1.861,5.3933,13.5051
3.27036,5.40805,13.9182
5.61445,2.75334,5.46441
2.54405,3.51937,7.30583
5.36736,3.55144,5.90529
2.62613,4.70698,10.5252
3.81398,4.77871,10.1269
5.24248,4.43117,9.83132
5.33799,3.76674,7.90391
4.00998,5.0674,11.9396
3.67116,2.35118,5.47152
4.62369,4.07537,7.99189
5.70856,4.45896,8.87101
3.14481,4.34734,9.2741
4.04896,4.77901,10.5123
3.15192,4.61491,7.51142
3.27284,2.36215,7.98799
3.05952,3.5788,8.10037
5.31013,3.74447,9.36019
4.09369,4.14793,7.53075
2.03664,2.07061,5.31017
4.35119,6.47862,19.1173
4.66966,5.23449,12.5994
3.03986,5.20064,11.1052
4.41386,3.78964,7.97397
2.86797,2.31375,5.17263
4.88038,4.18013,9.24354
3.58337,4.79648,9.50127
4.99062,4.77215,11.4886
4.95251,3.94615,7.33053
3.32574,5.2747,12.6788
2.70525,4.28754,9.5184
4.89761,3.79445,5.91089
2.60828,5.66463,14.6414
4.81932,5.42458,13.8618
5.58962,4.03043,10.1481
4.07049,5.55179,13.6337
1.33789,4.04279,10.0434
5.03934,4.74999,7.82486
4.63372,3.25977,6.2129
4.22876,5.37402,12.0148
4.41186,3.64056,6.2215
4.48761,2.98729,5.74268
5.65195,3.72916,5.91245
4.84426,4.80948,10.411
4.86214,5.39377,12.2172
4.95908,3.30682,7.52124
4.0997,4.92618,13.5527
4.32013,3.90957,7.89858
4.06801,5.1275,12.3967
4.14126,2.78329,5.72939
3.08521,5.37516,14.5226
2.79566,2.79012,5.74986
4.3824,3.45111,8.18687
4.11787,4.50289,11.0671
3.81327,5.00716,10.8465
2.2553,3.79368,6.98276
5.12709,3.15133,5.65213
3.12304,1.53393,4.5985
4.35778,3.8565,8.83078
2.97622,2.88263,3.60075
4.10049,2.11096,4.73213
4.81942,3.76797,8.17387
1.84005,4.80992,10.3875
4.5074,2.27696,3.77713
5.47472,3.69578,9.36476
4.6328,5.27487,11.5105
5.57423,4.13685,9.61903
4.17794,3.80687,9.11214
5.02535,4.11358,8.86236
4.26533,5.15664,12.4442
4.86514,3.37309,5.50311
3.27048,1.64899,3.9318
3.47693,3.90782,7.16007
4.29624,5.09717,12.8322
2.48429,5.58229,13.8617
3.17272,4.08381,9.05057
2.63182,5.46672,12.5506
4.33035,3.3736,8.27215
4.46752,4.37358,10.0374
5.10895,7.14095,22.4626
5.18907,3.32593,6.33306
3.55102,3.18933,6.12728
3.08386,3.89738,8.38472
3.28454,3.21352,6.51234
4.16967,3.09762,4.82564
4.4511,5.27927,13.6672
2.81725,3.0788,7.41554
4.61589,2.2269,1.96096
1.62672,4.83038,10.5501
3.57691,3.77966,7.53633
2.40859,5.09698,11.6559
4.38394,4.95457,10.6841
2.97713,2.75626,6.6536
6.52625,2.68554,4.77617
1.88541,5.73647,14.0239
5.17067,4.73046,11.3451
4.0677,4.54428,10.3973
3.94638,2.98413,7.25584
4.34786,3.58387,8.83081
4.43925,6.23671,15.4119
4.75844,2.54234,6.02141
3.0985,5.3032,13.8922
6.02464,3.5836,5.82914
2.80576,4.67413,10.0388
2.48533,3.42181,7.76005
4.84896,3.43154,7.86792
3.93761,5.54916,12.5472
5.38671,5.0955,11.3135
4.10314,4.09913,7.34626
4.00555,3.93433,10.095
4.22495,5.81742,12.7171
4.03164,4.96975,12.1895
4.18839,2.93449,7.14064
3.88546,3.88717,8.09715
3.77269,2.40612,4.48617
3.12512,3.63799,7.33099
2.89129,4.97725,11.4217
4.18316,3.38188,6.29216
2.97562,5.13866,11.9035
2.55895,5.83019,14.4273
5.9643,3.57567,7.16521
2.40601,5.17453,11.4129
3.24042,4.51576,10.4271
4.13973,4.11323,9.40745
2.42626,3.27362,5.65975
3.54978,3.30735,5.41727
3.18679,3.91778,8.38213
3.68461,3.64885,7.21526
3.99972,5.20925,11.6691
2.92687,4.35018,9.12585
3.08263,2.70475,4.69502
5.05022,3.66492,4.26135
3.67543,4.82522,10.0277
3.82437,3.44233,6.0626
3.0791,3.71239,6.63662
3.25845,5.35658,13.536
4.5724,7.16366,22.9819
2.48114,4.79972,11.5973
4.04235,3.78908,6.82867
4.20447,4.89091,12.9197
2.95721,4.37346,9.62858
5.30783,3.63767,9.05798
5.42778,3.95354,7.14814
5.31485,3.42688,5.9257
3.90251,3.16577,5.59608
4.38228,5.33049,12.3213
5.14741,4.5614,8.9561
2.28503,1.77414,3.43783
4.17487,3.36877,6.74615
5.27196,4.96439,10.6843
4.25765,5.76739,16.1266
5.34685,6.11235,17.4574
4.87717,5.70589,15.3656
4.86242,3.4514,7.71518
4.79051,4.50452,8.3434
3.91397,3.42988,6.36854
3.95659,5.44216,10.0703
5.49709,3.68845,6.84763
4.66049,3.75824,8.4431
3.45573,3.67013,5.20122
3.96076,3.74833,8.10297
6.29893,3.12666,5.56417
5.74937,5.15151,13.0728
3.9089,4.8705,9.85663
3.48348,4.86971,11.0627
2.68476,3.83591,7.725
4.10825,4.45362,11.0299
5.20889,3.83305,6.46154
5.35551,3.74601,8.74025
5.27133,3.82005,8.66163
3.77302,4.68374,10.4546
3.12659,3.22222,6.63286
2.63311,3.69824,9.35031
5.60264,4.53463,8.56077
6.08142,3.90392,9.79695
2.14835,2.91353,5.04049
4.47755,4.07234,8.36925
2.95567,5.93274,13.8707
3.51389,4.3895,10.1712
3.92921,4.11432,9.34251
3.90253,3.66484,8.83333
4.70588,3.36073,7.22671
4.04779,3.26628,7.72222
5.33283,2.96579,5.64142
4.96058,3.55185,8.10678
4.2748,3.1966,6.9879
3.60679,3.92444,7.41766
3.54916,2.2484,6.15202
3.12289,4.50106,9.46143
3.15334,3.03248,6.5972
2.39001,4.54116,10.3903
4.06889,3.63598,7.78633
4.46984,5.28158,12.6574
2.37759,5.81743,13.8872
4.81703,6.02266,16.2665
3.30414,2.58777,4.93862
4.4158,3.56513,6.15351
3.88698,4.63444,10.8255
3.60859,3.8379,7.31961
3.81667,2.6811,4.96582
4.31539,5.06824,11.4357
3.37178,3.8967,8.74651
3.52899,3.23687,4.83649
3.38043,3.40892,5.38371
4.36539,3.37472,7.55452
3.82277,4.74328,9.61462
3.22832,5.39018,14.173
3.65272,3.33495,5.67077
4.06097,4.92634,11.4232
4.36625,5.044,10.6923
3.27863,6.30624,16.427
2.56996,4.36797,10.65
2.91193,3.63169,7.32052
5.52653,4.66211,10.2958
2.86086,4.61338,9.92055
3.7121,2.17441,4.46968
2.93887,4.48426,11.5175
5.01828,2.78699,5.25321
4.58948,3.60857,6.19059
4.28054,4.94132,10.6315
4.56833,3.56584,7.10358
4.08719,4.59594,9.14442
2.31003,3.06577,5.52778
4.46812,4.15066,9.74839
3.78181,5.45025,12.3378
2.54387,1.70985,3.5614
3.66055,4.09502,7.61584
4.15023,5.29847,11.7666
2.79024,4.99116,11.6112
4.55886,4.32067,8.64731
4.19927,5.03983,11.2084
4.27939,3.64979,7.31139
6.02706,4.94044,11.0574
2.15193,3.99285,8.22028
4.68208,3.20631,4.91067
4.24774,4.04895,8.91843
3.38863,2.03583,4.95281
3.76976,4.31925,9.44064
1.86856,4.72605,10.3103
4.17049,4.78463,11.8605
4.50155,3.64075,5.83159
5.08131,5.80327,14.2696
3.37789,5.10443,12.2037
3.39556,4.42371,10.4945
3.73405,2.43268,5.82967
4.35792,3.75857,8.2297
4.42262,3.51652,8.62797
4.35013,3.94454,7.84134
5.80146,3.93833,6.7613
4.6053,5.03938,10.7418
5.47127,4.04057,7.23957
6.44806,5.20078,13.3405
5.90483,3.4612,8.85659
5.55665,2.30135,5.85386
5.57124,2.94672,5.58471
3.84442,4.61909,10.1091
3.90736,2.58255,6.86852
4.58988,4.3038,10.1407
4.89127,4.12765,8.70228
5.69507,4.25074,9.31047
4.24756,4.37127,8.20329
2.31312,3.58689,5.70841
3.82442,5.16692,12.7998
3.75983,5.15215,13.829
1.92572,5.15513,13.2895
4.12988,4.91349,10.8543
3.84823,2.82138,5.6658
3.73011,4.3232,9.9748
5.31751,4.85514,10.5945
4.86437,3.72792,7.87735
2.94814,3.13908,5.27671
6.32951,3.23722,6.31208
6.12414,3.82471,7.50043
3.59674,4.11623,9.1562
1.3356,4.46537,9.87163
2.1523,4.91091,9.86597
5.0097,2.52242,4.13785
3.65779,4.22087,8.26114
3.23559,4.15269,9.02152
4.20597,4.95855,11.9077
3.58806,4.79656,11.3106
2.62925,5.11303,13.4578
5.26751,3.45021,8.02779
5.02764,3.50489,7.30124
5.49846,3.96213,6.69767
2.7211,4.70341,9.55138
3.95641,4.94163,10.0093
5.09893,5.459,12.5823
4.22956,4.27823,9.34378
4.69298,2.71643,7.24412
4.25834,4.29526,8.82813
6.80003,3.81628,6.92958
4.53808,3.81837,7.57437
3.28151,5.20643,11.2768
4.68437,4.53779,8.42822
4.09117,4.31147,9.67153
4.56365,3.15054,7.39511
3.32806,2.1941,3.20922
4.42551,4.49826,10.5536
3.38849,4.16125,9.50997
5.80159,5.24004,13.6892
4.46823,4.0278,8.70665
2.71655,3.79706,9.59738
4.36985,3.31915,6.35068
3.97198,4.04907,6.96207
3.01812,2.80011,6.89595
3.46629,2.59795,6.83617
4.43682,4.3422,9.38554
4.30135,2.06935,3.08792
6.12183,3.05341,6.92554
2.68213,4.5176,10.0844
3.89096,5.49413,11.9131
3.36872,4.54413,7.84424
4.09375,5.00491,11.9424
3.81587,3.15123,6.64073
3.25486,4.08854,9.31536
3.76741,5.07456,13.0193
5.83113,3.78137,6.43545
4.86562,4.89694,11.4363
5.49909,5.11091,10.86
2.09425,5.49779,14.2335
3.62302,3.69503,6.93605
4.26684,4.19906,8.91358
2.16364,5.26804,12.5155
3.88812,5.10176,11.6191
4.56739,4.28358,8.41221
4.0144,5.1112,11.8644
4.00435,2.88679,5.09847
2.90738,3.85963,5.64756
4.99154,4.54619,8.75639
4.26099,4.55632,9.20059
3.50353,2.16866,4.18879
2.33235,0.825353,4.44743
3.89864,5.1226,11.3623
5.52231,3.93298,7.40381
2.28083,3.58824,8.77794
4.17044,2.16952,5.36001
4.10452,2.4166,5.01869
3.89649,3.95678,6.16021
4.75526,4.28427,9.95629
4.87973,4.12922,10.0274
5.19668,4.18744,8.63744
5.83659,3.4021,6.51811
3.83699,3.10681,6.80729
4.47082,5.34461,14.4931
3.68472,4.67235,10.8872
4.33972,2.97285,6.55678
3.96906,7.03145,22.9685
6.28596,4.15512,8.71894
2.95039,5.02954,11.666
5.17264,4.59543,10.087
4.89043,5.0884,12.5822
3.95717,4.44782,9.67084
4.9701,3.66362,7.65936
4.50722,2.31296,5.68661
2.36855,3.3505,7.21205
2.44232,3.43991,7.00795
5.01848,3.86525,8.98347
4.03999,2.82359,5.31405
5.26807,4.36643,9.465
4.70425,3.73445,6.17017
5.25676,2.31264,3.848
3.02213,3.68012,7.30707
4.69166,2.58322,6.54951
4.5539,4.07947,8.21397
3.53074,4.3785,9.97917
3.05161,2.14542,4.97564
6.43127,4.81297,11.1451
2.89499,5.00153,12.0657
4.58495,3.19256,5.8855
3.41867,4.48658,10.4311
3.72162,3.47271,7.0361
4.3541,3.72212,6.90449
5.22046,2.63896,3.96029
4.48495,6.33305,14.656
3.39312,4.89798,11.7715
3.90313,1.624,4.26321
3.68212,3.45571,7.08728
3.36055,4.90927,10.4407
3.43409,4.78969,11.4154
5.44025,3.20182,7.41083
4.06773,4.7699,10.2162
3.62795,3.6007,4.35916
2.3565,3.54762,6.52862
4.09743,3.61986,8.61612
4.77693,4.98827,11.6444
4.69817,3.06552,5.52249
3.99641,3.92211,6.86013
4.03647,4.23732,8.38225
3.38885,3.80985,7.22713
4.10979,4.45915,9.60337
4.03005,1.59069,5.36573
2.29174,5.57138,12.4333
3.57462,5.27197,11.9294
4.24027,5.18178,13.2375
4.79051,4.68829,11.9169
4.2256,3.32808,5.52406
3.78999,4.87366,9.9347
4.9485,4.64753,13.6546
5.01636,2.49446,4.80733
2.20216,6.24459,17.8537
4.43236,2.9467,6.71843
2.94152,3.45215,4.92196
4.00137,4.02427,9.41281
2.93632,4.39656,8.33816
3.86612,5.66309,15.3513
3.16165,5.41168,14.4659
5.21511,4.68456,9.48126
1.87185,2.69693,5.41537
3.47094,5.3878,11.0495
3.59835,4.88861,12.2416
4.70226,3.04918,7.19585
3.6726,6.26554,18.2223
3.98274,5.99399,15.5222
4.43213,4.33568,9.55376
4.82151,4.80237,11.1313
4.45246,4.45546,10.0454
3.55818,5.0719,13.0563
