3
3.74283,3.74774,400.717
4.04587,4.79829,1211.95
2.77916,3.90176,477.071
4.79167,4.42388,840.188
5.69591,4.92986,1372.58
4.04721,2.89074,131.353
4.08021,2.674,97.8072
3.25532,4.39054,810.44
5.15807,3.63849,354.945
1.12995,2.09937,38.3698
4.72336,3.30099,231.535
4.27399,2.87876,132.188
4.3429,3.17019,196.356
3.14482,3.28344,225.451
3.47153,4.29966,736.918
4.75625,3.55323,319.081
3.9363,3.26593,221.111
2.72338,4.04823,560.751
1.81003,3.92327,489.047
3.78871,3.43135,273.573
2.91662,4.39515,812.22
4.58026,5.68131,2623.8
4.08991,0.465791,8.07693
4.33011,3.66736,361.968
5.21403,4.06387,576.401
4.45067,5.46201,2189.57
5.32592,5.20402,1754.45
3.04213,3.11405,181.775
3.73292,2.62002,87.5331
2.56237,3.31684,235.106
3.93425,4.27402,719.053
3.76319,3.71759,385.713
3.36048,4.29188,732.645
5.13546,3.36295,251.437
5.55885,2.80336,117.992
4.92805,5.614,2482.57
4.99713,4.43629,851.376
6.4383,4.60034,1003.2
2.81725,4.75186,1157.98
2.97757,5.17094,1701.53
3.12854,3.79086,421.811
4.92598,4.17067,643.54
5.12506,2.85184,125.86
5.35503,4.68355,1086.27
5.26226,3.11469,182.197
4.97044,5.28043,1876.2
4.23245,3.21851,207.772
6.0999,1.99794,34.8858
3.15313,4.53191,935.44
1.09439,3.73514,391.822
4.94043,4.12591,614.603
2.67302,4.15034,628.608
3.33571,4.12993,615.055
2.7813,4.45789,866.442
5.11742,4.00875,540.311
4.76169,3.96188,515.224
3.34627,3.61105,339.597
3.14686,1.78696,22.38
3.29636,5.43571,2141.8
5.54467,2.72032,105.67
4.40798,3.97896,521.91
3.48146,2.19002,47.306
4.96611,5.29471,1898.07
4.85517,5.19321,1738.08
4.8799,5.17886,1715.77
3.80356,2.9426,141.779
4.51024,2.65795,94.5567
4.84053,3.56618,323.835
2.25238,2.79117,112.816
5.48388,4.30848,746.175
4.86754,2.70144,103.264
3.86055,3.78907,420.753
4.09787,4.65349,1055.62
4.31604,3.94319,502.745
3.03514,3.14046,186.443
4.25203,4.90889,1343.7
3.17266,2.96936,147.706
4.65861,4.72765,1133.63
2.43363,4.08678,588.248
4.68215,4.77314,1183.68
4.21818,3.37353,254.287
3.99595,4.48468,891.123
5.1584,5.35445,1999.46
4.30962,4.08346,585.536
3.04406,3.25429,217.227
5.01848,3.62794,347.81
4.61302,1.85943,28.8205
4.48972,3.91477,485.387
4.02451,6.33385,4333.84
1.37416,3.65966,359.143
3.92335,4.20934,671.193
2.06693,3.73691,394.124
5.31134,3.86419,459.806
6.26919,4.7165,1123.68
4.83691,2.30315,55.9225
2.48862,4.2601,707.182
3.88105,3.8964,476.944
3.77164,3.64351,353.784
4.9673,3.90759,481.882
3.35922,4.58373,985.414
6.50052,5.38764,2057.74
3.7785,3.39636,260.472
2.86247,4.01718,544.756
1.44199,4.98325,1437.35
3.65563,4.70801,1112.62
4.33253,4.56401,964.225
4.63265,5.04322,1520.08
5.6042,3.39837,264.123
3.11311,3.97855,522.656
4.48543,4.00799,541.039
3.30168,6.17423,3850.68
4.17142,2.83047,120.471
3.30021,3.16347,192.737
4.91961,2.74365,108.505
3.73339,3.99933,533.047
3.09687,4.06579,574.9
3.3341,2.2573,50.5044
4.40718,4.31942,755.277
2.32269,4.49327,899.954
4.1466,4.05884,569.167
4.7981,4.69493,1098.42
4.31802,3.13492,187.048
5.06533,3.87504,464.883
3.6681,1.45417,16.738
4.09054,3.69833,379.788
3.90079,4.55216,953.486
5.2882,3.42995,274.653
3.09346,2.95591,144.705
4.15568,5.22207,1782.53
4.90226,2.72122,104.254
3.73901,4.39862,817.774
3.20492,4.22239,678.328
2.3785,1.9435,31.3503
3.52152,4.32031,754.733
5.44611,3.71637,385.775
3.4627,4.30099,738.764
3.51517,3.99007,529.367
2.69085,2.35961,57.5135
3.64272,3.81052,431.728
2.94462,3.92139,489.543
4.14694,5.60466,2464.29
3.20989,3.10153,176.95
2.16829,2.62512,90.1662
3.5754,4.78579,1197.17
2.9241,4.56781,968.227
5.21656,5.34115,1974.56
5.19474,5.26676,1852.77
4.64867,4.16876,643.179
2.8439,5.28877,1886.48
2.99338,3.7255,389.57
4.42453,3.28662,226.916
5.39121,4.27321,716.704
5.17438,2.89477,134.09
2.53689,4.59876,998.538
3.27012,4.38056,802.955
4.01638,3.68099,369.805
4.55442,2.5688,82.5415
5.73317,4.52129,928.173
3.02399,5.16216,1688.96
4.7929,5.79795,2879.67
5.15693,4.52172,927.356
4.21496,4.25698,706.294
3.64855,3.53167,310.656
3.94727,2.52411,78.0209
2.60274,4.64326,1042.31
4.35121,1.18277,10.8569
5.16574,5.14727,1670.27
3.36088,4.09515,594.694
4.9781,4.04389,561.631
4.82257,5.54356,2342.86
2.85877,2.69907,97.2422
4.50674,4.20467,667.413
2.21396,5.45846,2180.66
6.06056,3.27489,226.581
4.03622,4.94848,1394.61
5.13533,4.18896,658.239
4.07023,4.85517,1279.24
4.16991,5.73829,2748.17
3.28175,5.69716,2655.67
2.82298,3.58555,328.39
6.07304,4.46291,876.659
2.80166,4.22494,681.484
5.47597,4.14597,627.311
3.24476,3.76563,408.923
5.68512,4.67137,1074.8
5.33854,3.72684,392.381
3.69502,4.23603,692.97
4.85632,3.12806,185.237
5.11272,4.81605,1232.87
3.68129,4.11109,603.831
3.61919,2.21293,46.7788
4.01413,3.18916,199.003
4.68104,6.00999,3398.4
4.72604,3.22032,209.339
3.87769,2.85959,125.267
4.03553,3.91246,485.361
5.23341,5.11135,1616.41
5.40357,3.89005,473.603
5.54464,3.06857,169.529
3.01624,3.66195,361.972
2.3721,5.56017,2374.93
3.41226,3.85155,452.502
3.12318,3.62189,346.13
4.10533,3.88267,468.082
1.92359,4.31811,753.506
5.25838,5.8685,3048.75
4.66331,4.40086,820.452
3.08976,3.00731,156.467
3.78787,5.07861,1569.85
2.83379,3.73795,394.901
3.06507,4.49003,895.773
4.80761,5.4072,2092.65
4.45493,2.11943,42.2166
4.43389,5.53658,2329.75
4.3557,3.45345,283.547
3.29112,4.04752,563.333
4.80917,3.72166,389.567
4.0401,3.0001,154.814
3.36421,4.54191,945.368
3.82374,2.10867,40.1276
3.58957,4.26075,708.193
3.4939,3.48852,292.06
4.27826,5.61055,2475.11
3.41034,6.38194,4488.56
4.34147,4.64472,1043.64
3.05131,3.53266,308.445
2.91883,2.92087,135.431
4.59388,5.47465,2212
2.81433,4.96757,1417.38
5.59816,4.52964,934.904
4.17431,4.0694,577.135
6.98541,3.76029,409.551
3.65233,4.07153,577.872
3.42575,4.28477,727.613
1.90817,3.08443,170.9
3.82955,3.29273,228.761
4.73199,4.68481,1087.38
2.9615,4.38133,802.306
4.29344,2.9547,144.953
3.38348,5.19521,1738.51
5.19281,3.66922,367.274
4.64823,4.23899,694.422
4.15609,4.67241,1074.65
3.85461,3.55161,319.337
3.18029,3.47885,288.249
3.12937,4.63829,1038.53
4.68476,5.97949,3322.76
3.29658,1.75551,22.9511
3.83414,3.67094,366.024
3.39766,4.33459,765.015
3.26065,2.12873,40.4036
2.50929,4.93158,1373.01
3.87555,3.36958,253.968
3.39448,2.24926,49.4656
4.16629,3.21778,207.351
4.11882,2.65639,94.9028
3.61668,5.54439,2344.49
4.90068,4.0605,571.723
3.00175,5.19001,1733.81
2.88061,4.54016,942.898
1.92156,2.73809,104.871
5.54991,4.38897,811.204
3.25519,3.86817,461.483
1.99317,2.92483,137.317
4.95869,4.07485,582.776
4.7454,3.1575,191.384
3.61286,4.44822,860.54
2.36535,5.26271,1843.95
4.13088,4.99475,1453.89
3.23972,4.44216,852.581
4.04783,5.92284,3180
2.53529,4.69118,1092.19
2.91489,3.50872,299.574
4.11528,4.52058,924.825
3.09522,3.64625,355.359
4.1899,5.00005,1460.51
5.52454,4.94266,1386.51
5.69562,2.93891,141.489
2.59937,3.16928,193.251
3.49107,5.44115,2150.74
2.44598,3.91767,485.104
4.27442,3.49081,294.991
4.55607,4.91996,1357.52
3.58225,4.38704,809.741
3.94679,2.50931,75.7713
5.98928,4.32511,761.583
7.12905,5.70214,2670.62
3.07281,3.74362,398.778
3.53011,3.34796,244.838
5.51639,5.21923,1779.72
2.89242,3.45733,281.039
4.89302,3.00902,158.057
3.78117,4.3595,785.876
3.76755,4.09935,595.151
4.83834,4.93571,1378.24
3.43679,5.55112,2358.87
3.6225,3.8487,449.229
4.82285,3.92872,496.287
5.84645,4.5753,978.343
4.61855,4.14046,622.85
3.7774,3.9872,527.478
3.84744,4.62333,1023.45
3.18348,2.33473,54.9927
3.64705,6.02347,3434.9
2.3941,4.71544,1118.92
3.65683,3.51522,303.298
3.12833,4.16871,641.591
4.08176,5.28459,1881.95
4.57844,2.1772,44.7381
4.4839,3.12252,183.926
3.82161,5.43092,2132.53
3.7606,2.47184,72.3265
3.63972,3.57173,324.355
3.68353,6.14814,3776.45
4.46332,4.49922,907.368
3.3021,3.69463,374.205
4.90548,4.71255,1117.18
3.03925,3.69619,375.909
4.63581,4.0757,583.589
2.21889,4.96709,1416.85
3.48118,2.20022,45.7812
4.26501,4.61877,1018.76
3.95166,5.94433,3231.85
5.11415,2.9268,142.093
3.49929,4.40633,824.428
4.34102,2.8702,128.893
4.10323,6.28656,4186.83
3.49066,2.15725,43.0091
3.21611,4.99188,1449.51
4.05152,4.15834,634.567
4.9522,4.48393,893.921
2.88329,2.59587,84.7203
4.32507,4.95008,1396.45
3.76536,2.30055,54.6573
2.39689,4.53167,934.399
2.70855,4.85053,1272.28
4.79334,4.01564,543.388
4.84231,3.47375,288.241
5.41887,4.03706,558.629
3.65576,4.04607,562.007
3.93978,4.244,696.016
2.71902,4.2609,707.243
4.44924,4.56779,969.728
3.47541,4.16301,638.347
4.77782,4.15969,638.784
6.32157,5.38873,2058.73
5.24179,2.87579,130.672
3.82121,4.17038,643.156
5.16928,3.39489,260.34
4.472,4.67701,1077.96
4.59955,4.86676,1292.72
5.00456,3.42418,271.831
6.18011,4.10424,602.754
2.45393,5.03476,1504.67
4.80981,4.7535,1163.51
4.69779,3.48925,293.696
3.74358,2.73607,105.402
3.94613,4.27871,723.11
6.05217,4.44567,859.427
5.26074,2.9899,153.269
6.18472,3.35799,249.858
3.96418,1.15646,11.3853
4.04258,4.41671,833.331
4.91092,4.38141,805.47
2.79245,6.10926,3666.37
3.29417,2.26691,52.5311
4.50357,2.48683,72.7607
3.38922,3.62382,344.645
4.8706,4.92049,1358.93
3.80101,4.47044,881.162
2.93331,5.23538,1800.45
3.35843,5.07725,1564.69
3.52803,4.95649,1403.19
2.38733,3.54324,314.929
3.64632,3.41325,267.476
5.46253,5.15502,1680.24
3.347,4.38998,812.174
4.73127,3.71489,387.483
4.29344,5.50618,2271.86
4.98285,3.7138,384.205
3.21106,3.58878,331.442
3.4551,3.63098,347.809
4.55341,3.43591,274.474
3.41315,2.90503,134.485
4.5326,4.72378,1127.27
3.88619,4.92839,1367.8
4.91149,3.81834,435.281
5.73913,3.7355,398.631
6.42098,3.47757,290.508
3.67281,3.08003,172.149
5.17782,5.14308,1662.36
2.01667,5.35955,2004.77
3.21732,2.70122,100.285
4.52443,4.10001,598.12
3.60817,2.07012,36.7304
5.8842,4.0124,543.73
2.98576,3.49628,295.435
3.40719,4.36972,793.255
2.02541,2.72612,102.89
3.88878,3.73095,394.033
4.84439,3.57159,325.742
3.44499,4.71614,1121.49
4.8986,5.64825,2554.45
4.066,3.26894,223.52
5.67603,5.07956,1571.81
2.4106,3.62389,345.34
3.80794,3.56038,321.775
4.5773,4.54714,950.281
4.33524,3.21332,204.882
4.73191,3.84001,447.367
3.91569,4.47518,885.492
2.80277,3.88871,470.435
5.38468,3.6762,370.229
5.46891,4.6178,1019.53
6.01976,2.83881,124.979
3.59097,4.28945,732.609
4.723,4.99727,1456.65
3.61393,4.76728,1176.79
5.48546,5.53727,2331.86
4.26869,1.81444,26.5063
2.60884,4.95952,1406.94
3.75048,3.57864,328.514
4.28149,3.79793,425.354
3.89378,3.43389,274.683
4.10809,3.96019,513.396
3.12,2.84645,122.635
6.65842,4.2891,733.994
4.70991,3.25123,218.64
5.39675,6.41136,4586.49
3.22754,4.29973,738.279
2.56383,2.38251,60.2692
2.10479,4.16522,636.518
4.44179,4.09036,592.213
2.9208,5.71599,2697.19
5.1575,4.0836,586.704
5.00993,2.86313,128.927
3.56403,5.21144,1764.36
3.3212,3.64857,355.079
2.72502,2.84883,123.549
2.42163,3.48489,290.832
2.94668,5.25656,1835.21
3.82285,3.79194,423.006
3.51958,2.74797,105.849
4.87143,4.12148,611.173
2.14786,3.39284,258.299
5.28383,5.16975,1702.86
3.13773,4.14648,626.499
3.61866,2.25646,51.4893
2.55169,3.92115,488.299
3.85816,2.95532,143.211
4.05063,3.36679,250.025
4.13471,3.33786,243.244
1.78437,3.26062,216.175
4.31878,4.05908,571.115
4.90533,6.67415,5527.8
4.13009,2.6092,89.5018
4.82714,4.15563,634.772
5.40352,4.42583,841.63
3.79262,3.11219,179.264
5.69205,3.50692,300.942
2.73537,3.19636,201.114
4.2098,3.55756,320.022
2.95366,3.91481,484.597
3.58302,3.61348,341.284
2.91463,3.67339,366.525
3.26083,4.51551,921.406
5.68135,4.16654,642.612
4.57853,3.23543,212.174
4.2242,4.80415,1217.66
5.37753,2.87171,130.826
4.58026,4.21268,674.794
4.02338,4.98664,1442.65
4.4999,2.80573,116.995
4.58258,4.90879,1343.42
3.88794,5.51795,2294.05
5.22877,3.42574,272.332
5.33392,3.9708,518.225
3.91288,4.17863,650.885
4.14777,4.87691,1304.49
3.5937,3.98149,521.438
5.91543,3.90731,483.151
4.50433,4.7083,1111.38
3.80604,4.25785,706.486
4.9579,4.8501,1272.72
4.12456,2.95357,146.054
4.49283,2.97923,150.593
3.52058,4.11032,603.683
4.17946,2.31021,53.4689
5.50549,5.63937,2537.62
3.3364,4.26453,713.113
2.61428,2.79021,112.747
4.109,3.37945,255.785
5.11285,3.45542,281.866
4.54164,4.37878,802.801
4.19695,1.55871,16.8193
5.20486,3.88961,472.886
1.31848,5.87898,3068.01
4.52133,3.23165,210.745
3.8383,3.40322,263.742
2.98903,5.94685,3235.88
4.26893,4.67029,1070.91
4.07369,3.13302,186.566
2.0245,4.46461,872.547
3.82044,2.51247,76.3403
3.65139,2.02468,36.7484
5.58718,3.01637,159.761
4.79822,4.40565,826.372
3.36195,2.69037,98.3193
2.39027,4.47788,885.475
3.65988,3.53586,311.767
4.16648,3.78544,418.495
3.28076,2.54428,78.7
3.54638,4.6044,1005.2
3.82373,4.01919,546.056
4.80074,2.58851,87.7546
4.23403,4.60584,1005.78
3.97528,3.20563,204.357
3.3376,4.58126,982.019
5.55229,3.55077,320.088
3.70585,5.28214,1876.24
2.21605,4.24438,695.542
5.04163,4.68156,1086.3
4.57044,3.91075,485.847
4.1623,4.09035,589.206
5.67256,3.12031,183.905
5.04995,5.12252,1631.68
4.23373,3.25275,217.107
4.99867,3.05065,164.152
3.7161,4.38259,802.93
5.0801,3.19927,204.622
3.81186,1.87434,27.7416
4.94459,3.60653,340.44
4.73441,4.79252,1207.87
2.41095,4.56531,967.177
4.71466,5.0626,1546.73
3.84664,4.75889,1168.19
3.65091,4.42191,837.524
3.88966,4.00203,534.009
4.45642,4.15857,636.666
5.00896,3.21908,210.613
3.68146,3.92317,490.739
4.07485,4.36764,792.398
5.13093,1.12195,12.2187
3.43963,3.51379,301.981
4.6894,3.69683,378.368
2.93447,3.67372,366.687
2.03476,4.66134,1061.25
5.19124,3.13158,184.6
2.66342,3.61844,342.457
3.55601,2.37813,60.4572
4.30772,3.2577,217.618
3.51598,4.38448,804.942
6.12612,3.7368,398.138
2.94921,4.40782,824.902
2.22779,2.0727,36.7829
4.53483,4.62745,1028.41
3.86657,3.33325,240.244
6.47797,5.58529,2427.26
4.77448,3.87411,463.227
2.50951,3.04777,163.428
2.70518,4.36875,791.315
3.8544,5.3161,1935.01
3.6825,2.86159,126.612
3.01241,4.51529,920.58
5.24665,3.92374,493.78
4.17278,5.32209,1943.95
4.83253,3.22001,206.909
3.9744,3.26349,220.898
2.47024,4.79403,1204.44
3.94623,5.41413,2103.49
2.74791,3.77777,412.516
5.83985,4.50398,911.511
2.6177,3.59861,335.096
2.9061,4.03031,551.548
3.44674,5.26648,1851.19
1.83844,4.72181,1126.82
3.95391,3.70894,382.038
2.99924,3.40493,264.228
3.31967,5.06338,1547.14
3.15973,4.19788,661.245
5.68921,5.15903,1685.84
5.53906,5.17395,1708.59
3.71525,4.71855,1122.09
4.32948,2.84974,124.633
5.29695,5.53965,2338.04
4.33907,4.8775,1305.67
2.77434,3.28031,225.034
3.03632,2.38133,60.8543
3.46245,4.12561,614.415
4.93987,4.0393,558.072
4.53584,4.70411,1109.43
2.78806,3.04338,163.655
3.0639,4.04606,562.913
4.2943,4.40428,822.374
2.782,3.56918,321.934
5.73619,4.89889,1333.46
2.93614,3.53457,309.318
3.69238,2.56803,83.6369
3.71303,3.09525,177.86
3.6221,6.11342,3679.22
2.88604,3.94227,498.765
3.91103,4.00988,540.89
2.71165,5.44641,2158.47
2.22345,4.4346,846.459
3.92886,5.56307,2379.8
3.35398,3.32911,239.98
3.04358,5.47469,2211.77
3.34496,2.65639,93.6041
2.92419,5.25868,1838.2
4.49974,2.87035,128.438
5.49502,5.3297,1956.69
4.63529,2.69248,98.8355
4.21389,4.28051,724.679
4.62762,3.94627,502.502
4.4828,2.86114,127.657
3.07476,2.90585,134.407
5.04188,3.51437,302.955
5.27355,3.0802,172.848
3.24145,4.20115,665.426
2.93269,4.83,1247.37
4.26062,3.14725,188.156
4.02936,3.69126,374.131
5.72947,4.77336,1185.19
4.0664,3.92389,493.227
3.30782,5.71007,2683.12
4.22611,3.63944,353.252
5.20851,4.49267,901.819
3.97865,5.48219,2227.32
3.84223,3.56934,325.08
4.18405,3.78179,417.44
3.31141,4.75477,1160.47
4.79951,3.6715,367.445
6.32145,4.24265,698.584
5.12039,5.37387,2032.57
3.9062,4.08861,589.381
2.9921,3.83044,439.739
5.95576,4.87379,1302.52
2.38884,5.38204,2044.82
3.92742,3.60094,336.055
4.7797,4.79671,1210.84
5.43262,5.45979,2186.03
2.77769,6.17583,3855.53
5.13995,2.58446,85.6421
5.7652,3.9399,504.005
3.74622,4.27316,717.154
4.13192,3.31892,236.852
4.78264,3.98023,524.143
4.69069,2.08691,39.7901
2.60794,4.44355,854.885
3.70989,2.95135,142.727
3.7152,4.22203,680.187
3.74763,5.02166,1488.04
6.318,3.1079,182.589
3.18898,3.44146,277.86
1.78639,4.70946,1111.76
3.92086,6.07531,3573.42
3.91076,5.03603,1508.6
3.38713,4.3045,741.404
3.45083,2.88637,131.816
3.77877,4.12599,614.029
3.66588,3.92434,492.039
1.76101,3.90443,478.296
3.35743,4.3194,753.218
4.3501,4.4497,863.178
2.50441,5.75044,2771.14
2.47539,5.00889,1471.45
3.02311,5.9646,3283.85
4.06946,4.56062,961.535
2.09485,5.08067,1568.67
3.31417,3.74404,397.226
3.79656,5.12964,1641.15
4.82642,5.37981,2041.8
5.82345,5.31612,1934.61
4.08776,3.54246,312.885
4.1302,3.49691,294.848
2.95909,4.62378,1023
3.73663,5.59521,2442.87
4.29766,3.96361,515.763
5.57525,4.43299,848.854
3.36197,4.00664,537.551
2.71101,4.26822,712.447
2.90739,3.52689,307.964
4.12367,4.43248,847.584
4.35557,2.58178,85.1352
4.42814,4.48412,891.43
3.73143,4.81783,1233.33
3.76131,3.61373,340.496
3.24436,2.02176,34.5918
4.10566,4.0606,572.548
3.10545,4.11223,603.866
5.29984,4.93486,1378.31
4.23385,3.42356,269.996
2.64421,2.45563,68.2159
3.27958,3.01226,156.256
2.2758,1.86826,24.972
6.01385,5.02203,1493.56
2.9654,2.95329,142.948
6.41522,4.25467,706.598
4.00658,4.09322,593.384
3.82639,2.64548,93.1172
5.44172,5.27434,1866.63
5.457,1.35863,14.5779
3.01226,5.54144,2337.13
5.96248,4.31516,753.6
4.60082,4.53227,936.719
5.85311,2.94319,144.795
2.339,2.4419,68.0545
3.02756,3.286,225.183
4.20883,5.86131,3028.56
3.88207,3.96683,515.513
3.44494,2.55689,80.2262
3.90654,4.4186,833.203
3.3834,5.51309,2282.77
3.79069,4.93639,1377.78
4.52914,5.68144,2625.91
3.96847,3.85937,456.155
4.27404,4.06738,574.429
3.39808,4.77857,1187.75
3.74831,5.68809,2638.06
3.30666,5.78095,2842.08
4.17616,4.08553,588.238
2.79565,3.96077,511.514
4.09335,3.38991,258.223
4.15257,3.83321,443.923
4.68741,4.58512,988.543
3.85939,4.3156,750.757
5.59426,2.36573,60.2713
3.97048,2.23787,49.2922
3.55971,3.10746,179.096
4.26444,3.47662,289.309
3.88576,2.43705,68.5394
4.97885,3.13361,187.617
5.21675,4.98946,1448.21
3.00357,3.16836,194.605
3.81616,2.11502,40.2689
4.69632,4.79626,1209.58
3.55411,4.48737,894.058
2.64518,3.02904,159.224
3.90642,3.32245,238.055
5.19058,3.51968,306.121
4.41515,1.74888,25.7317
4.52349,4.45726,867.998
3.20803,5.45641,2176.38
4.33789,2.83974,123.68
2.86425,4.20209,665.351
4.18033,5.18956,1729.69
4.34517,3.27373,223.52
4.77813,4.51429,922.202
3.05241,2.94571,143.273
4.80696,5.11152,1616.28
6.09178,3.48791,294.865
6.13553,3.69339,378.638
4.89623,6.91609,6525.26
3.07182,4.93433,1373.42
4.23484,3.86063,457.036
2.55216,2.58921,81.9002
4.15225,4.07138,579.451
3.46541,2.2887,51.6235
3.60147,4.50596,911.38
2.67815,3.6802,368.406
3.6183,4.5497,951.184
3.08585,4.31454,749.696
1.92509,4.47782,883.521
5.07966,4.17981,653.839
3.9742,3.00222,154.837
4.58439,3.78107,416.38
2.77688,2.88463,130.95
3.25874,4.74176,1148.24
3.62911,5.80467,2896.91
5.99202,4.34073,771.821
5.67143,4.40505,823.952
3.70318,4.10464,599.616
3.92464,5.55418,2364.17
2.57417,4.30014,739.722
3.08706,3.7574,403.387
4.40977,2.73199,105.492
4.04059,4.21216,673.549
3.8545,3.77506,413.99
4.32991,4.71012,1112.96
3.33158,5.97126,3300.06
3.14281,4.33894,767.958
3.10335,5.78867,2859.13
4.98211,2.26064,51.3252
3.89127,2.59535,85.0515
3.52564,3.62896,349.792
5.02797,2.28454,53.6949
3.57427,2.84171,122.518
3.74163,2.95958,147.561
4.63544,4.99364,1455.57
4.33351,4.70104,1104.96
4.70719,6.27597,4154.22
3.60533,4.53049,934.075
4.472,5.53467,2326.61
3.31138,2.74521,106.913
3.81631,3.41168,265.883
2.95345,3.60192,335.486
4.70028,3.50576,299.508
3.1356,3.83072,442.585
2.84988,4.10482,598.603
4.14418,3.85238,452.19
2.40802,4.13267,618.411
3.05769,4.2135,675.587
3.45007,5.43856,2144.11
1.97108,4.83725,1254.75
4.34979,4.09135,590.329
4.00728,3.89564,475.391
5.51644,3.35679,249.684
2.9249,4.16701,641.159
3.78329,3.18377,198.929
2.97826,5.14934,1669.6
4.50511,4.7045,1109.01
3.24429,4.71209,1114.33
2.60502,3.65907,359.965
3.76527,4.38778,807.776
3.96582,3.00203,155.756
5.35464,6.09673,3635.98
3.67489,3.52982,306.215
4.46552,4.1427,626.773
4.53071,2.63333,93.0181
2.93737,3.00681,155.529
3.11254,3.43558,274.212
5.29881,3.63727,352.962
3.54782,3.89404,475.029
4.32995,4.1828,651.453
4.93102,2.50498,78.2764
5.4787,3.22853,210.674
2.85892,6.75797,5855.55
4.03214,6.79025,5986.94
4.40567,6.39055,4518.47
4.3238,4.02437,548.737
4.75481,3.13342,184.188
4.19579,4.34427,776.177
3.84744,4.93065,1372.39
3.28318,4.34688,774.787
5.20205,4.91928,1357.23
2.59264,6.20411,3935.1
2.20587,3.53699,312.236
5.25856,2.98168,151.485
3.748,3.15648,190.836
2.7289,5.00156,1461.48
2.79476,4.21161,671.911
3.92573,4.68982,1092.27
4.55757,2.62635,91.1533
3.24919,4.33541,764.33
1.40891,3.23829,211.116
5.47735,5.61039,2476.26
3.28927,4.15478,633.576
3.83964,2.42424,66.329
6.00194,2.93075,142.245
5.09535,4.67268,1075.7
4.6495,3.17713,196.903
5.66149,5.60048,2459.08
4.69911,5.28577,1883.64
4.43162,4.68233,1084.51
5.27513,5.51581,2291.15
4.05694,4.02724,551.13
4.57953,4.98599,1443.58
4.10653,3.68757,373.226
4.89472,2.56595,83.7542
2.91592,3.78121,417.525
2.68688,3.63306,346.685
4.61063,3.86245,459.543
2.83988,4.06048,570.393
4.57358,4.25446,705.906
3.42132,4.95912,1406.77
4.47986,3.63919,351.403
4.54684,3.49409,295.209
4.66176,4.38527,807.294
5.20739,3.44727,279.546
4.82638,5.10229,1603.97
4.16401,2.84319,124.331
4.92202,3.10745,179.623
4.21015,6.17409,3851.37
5.39358,3.77993,417.838
5.54452,4.95768,1407.02
3.68805,5.52341,2304.96
4.71181,3.26451,221.701
3.71626,4.51118,915.441
3.36908,3.51307,302.39
4.27215,2.7735,110.871
4.71886,4.45641,867.412
4.2654,3.87134,462.155
4.21582,5.73567,2740.73
2.14189,6.04966,3502.6
5.92352,4.46637,877.928
5.88057,3.74756,402.966
4.62699,1.98939,33.5378
2.92744,3.86616,458.19
3.53049,1.98124,31.8753
4.25735,5.7418,2754.84
2.53545,4.19432,658.068
4.80078,2.69489,100.538
4.39031,4.09088,592.005
4.93977,3.59778,335.461
1.06793,3.70411,379.705
3.46378,2.83225,120.933
2.92734,4.15721,634.094
3.75066,3.17536,194.07
6.17399,3.49704,298.429
4.8032,3.48929,294.287
4.15197,3.27071,223.977
4.89262,3.55,315.334
5.15717,3.58963,334.982
4.67321,3.8811,469.883
5.04875,4.0138,544.991
4.94826,5.56101,2377.17
4.62082,5.18101,1718.13
2.93702,3.56424,321.668
2.27419,3.16531,191.404
3.61521,2.83802,121.052
6.81787,5.21789,1778.66
4.66932,4.75293,1160.58
2.10684,4.71918,1122.78
2.78599,4.15085,629.541
3.8523,5.09834,1597.26
1.76041,3.69312,374.552
4.24005,5.20666,1759.28
4.62961,3.39666,260.734
4.77412,4.54073,945.19
2.71195,3.98193,522.485
4.63547,3.23535,212.955
4.41138,3.97401,519.932
3.7566,5.12542,1634.58
3.72975,4.57413,975.235
2.58421,3.49793,295.148
3.52782,2.97629,149.846
4.17846,5.33479,1964.73
2.77049,4.12049,608.395
5.48353,4.95101,1399.48
4.25621,4.98727,1442.33
4.29807,4.58039,980.724
5.30306,4.24911,701.249
4.15465,4.00159,536.852
5.27477,5.71455,2694.78
4.05155,4.83829,1255.79
4.74746,3.36802,252.674
2.14466,4.05281,564.491
2.92724,5.27462,1865.83
2.87804,4.90875,1340.77
3.38852,4.532,935.59
4.78765,5.14832,1671.77
4.44164,4.7554,1163.57
4.64827,3.41321,268.51
4.44741,3.28507,225.664
3.92842,3.21264,207.542
3.75072,3.74696,399.614
3.78544,3.65147,358.268
4.2207,3.84088,445.72
7.39177,3.43669,277.569
5.10275,4.93498,1379.32
3.68862,3.9237,491.502
4.13471,4.6629,1064.26
2.87159,3.6942,375.585
5.66859,2.96326,148.288
2.20601,4.00392,534.715
4.1055,1.36642,13.9807
2.32504,2.44916,67.7106
4.15511,3.32956,239.971
5.77491,4.12453,614.915
4.93697,5.18424,1725.81
3.3916,4.1689,642.492
2.066,5.55385,2361.02
4.24537,6.10906,3667.22
3.4001,2.40593,63.4525
5.31911,2.89905,134.987
3.64259,4.66885,1070.29
5.16876,2.50903,75.2887
3.84994,3.71726,386.049
4.76233,3.94849,505.262
3.18768,3.24484,214.173
4.34063,3.44831,280.016
4.29595,3.44294,278.044
5.05802,3.51451,303.561
1.2559,6.19921,3922.85
3.69022,5.21754,1775.71
4.69047,3.90428,479.896
4.6395,3.79857,427.334
4.34435,4.2473,701.141
4.34278,3.17023,195.915
4.95505,3.72566,393.063
3.42621,3.17091,194.915
4.89416,2.43799,67.8515
3.01332,2.94213,140.659
4.21813,5.79515,2875.68
4.56533,5.1069,1608.57
2.78152,2.91113,134.921
3.95803,3.5903,331.282
2.13706,3.35807,248.488
4.89372,4.4999,905.94
5.54982,5.41479,2104.94
3.47516,2.862,127.491
3.45858,4.04381,562.465
3.36694,3.95665,508.796
3.67047,2.3401,58.8021
3.44931,3.35049,243.145
4.94928,4.34488,774.006
5.62932,4.23964,694.739
4.53641,6.04643,3494.97
3.82493,3.71262,386.212
4.40489,4.74879,1157.66
