3
3.55634,4.89843,675.314
2.97304,3.86755,277.053
3.40049,3.21016,139.654
4.25281,4.83176,645.391
3.73267,4.85145,653.301
5.6995,3.38607,181.541
4.96793,3.12209,134.197
3.63013,3.50254,192.562
4.97228,5.54374,1102.11
2.56581,2.79113,84.6148
2.92259,4.68362,569.163
3.91874,3.77208,253.297
4.1166,4.81432,635.013
2.20774,4.40526,447.559
4.66963,4.27576,404.321
4.26109,4.03481,324.663
4.09275,4.08924,341.192
5.13546,5.98272,1488.21
3.85618,4.01366,317.017
3.86643,5.54162,1095.26
2.58814,3.51582,191.244
4.91203,5.24564,889.062
2.65847,4.17482,366.367
4.27742,2.55073,69.7889
3.095,3.52331,196.692
3.72971,5.42589,1009
3.7027,5.00162,734.406
3.79943,6.04379,1543.35
3.30368,1.42134,15.3326
4.09311,5.13387,814.281
3.24557,4.68234,566.751
5.47874,4.94891,712.299
4.50254,6.18073,1688.09
4.53004,4.51033,496.669
3.9116,5.13309,813.145
2.66728,3.09359,119.654
5.08867,3.38025,175.064
2.92809,5.77031,1283.13
2.61988,4.63774,545.532
4.68236,3.44466,183.609
3.43227,4.50642,490.145
3.66209,4.43788,464.266
3.52723,3.58315,208.367
3.47502,3.41059,172.735
3.03587,4.81422,633.219
4.66611,5.35661,962.662
3.88072,4.40434,450.296
3.92929,3.72842,243.332
4.62291,2.08749,40.9305
4.09615,3.63147,221.722
5.29858,3.89436,289.229
4.98624,5.76132,1282.52
4.38434,4.97777,722.983
4.57922,4.1921,377.382
4.26828,4.6293,548.647
5.28088,4.81752,642.738
4.74849,4.38939,449.436
5.15032,3.17833,141.898
4.56748,4.26429,402.629
4.38078,4.16192,366.964
4.68352,4.82806,643.008
3.1965,4.83425,643.075
3.29864,3.80835,260.26
5.35151,3.83667,275.323
4.76868,4.38837,447.337
3.37103,3.48557,188.577
4.55977,3.2182,146.285
4.84123,2.85791,98.8528
2.03277,1.47643,14.4515
5.10807,5.27592,909.806
5.54117,2.39977,62.8781
1.91157,3.94814,294.482
3.99573,4.80727,632.117
4.64627,4.01587,322.86
5.16417,4.51826,503.454
3.73669,3.65972,226.421
2.97458,3.61993,214.932
4.84173,4.09607,346.05
4.52771,3.45986,188.203
3.05048,3.16659,130.336
5.28289,3.6768,237.725
4.59562,4.72587,592.147
4.21978,3.07111,122.296
2.72509,2.93935,103.217
2.73171,4.53827,502.693
3.43802,3.45956,182.625
2.87608,3.17103,132.818
2.50232,4.96512,711.357
3.74273,5.6838,1210.35
4.08552,3.40688,175.373
5.4863,3.48703,198.474
4.36498,5.06494,774.143
4.35695,3.19334,139.888
3.52205,2.64768,72.7973
2.78709,3.39313,169.05
4.18029,3.8858,283.23
2.37842,3.5149,191.759
3.04392,4.11099,345.264
3.21392,3.64348,221.349
4.13698,3.03635,118.621
4.21196,4.92265,692.832
2.93868,4.34692,428.046
4.42886,3.84865,274.287
3.81963,2.92713,102.836
2.82999,4.48682,481.425
2.50426,4.80404,624.596
5.10205,5.06915,777.914
4.81599,4.86187,662.72
6.57059,5.04364,774.87
3.43447,6.83017,2511.55
5.10029,6.10885,1616.82
5.38555,2.90112,107.827
4.26907,3.97918,309.476
2.74421,3.93206,291.556
4.74529,2.90509,103.397
2.60259,5.4968,1059.52
4.05493,4.27696,406.159
1.4829,3.78234,250.633
3.14744,3.6095,212.569
4.43808,3.59553,215.954
3.37319,3.57385,206.818
4.22847,3.48913,190.773
5.06384,3.22544,149.067
3.91963,2.6021,72.129
2.48238,5.04373,755.831
4.763,3.60511,217.917
4.34011,4.14096,358.985
4.65678,4.18435,375.966
4.53241,2.94151,107.302
5.12329,4.59401,536.086
4.0986,3.83564,271.145
3.11087,3.97818,305.04
3.31341,4.39213,443.208
5.09789,1.75692,30.1803
4.52413,6.17118,1678.65
4.09619,4.06993,335.988
2.61528,3.74063,239.857
4.09374,3.79035,256.496
3.50476,4.76302,605.954
3.93421,4.65731,559.509
4.47416,3.85899,276.919
4.32042,3.06998,122.464
5.59022,3.91577,299.507
2.53433,5.66813,1192.64
5.20263,4.26521,406.574
4.84795,5.25977,897.002
3.85046,3.47645,187.667
4.04441,4.41533,457.848
3.29084,4.21289,380.051
4.06726,5.09733,791.865
3.32069,4.07639,335.036
2.94555,2.61798,69.0083
4.64929,4.99454,734.34
3.30162,2.94933,104.093
3.64031,4.22715,387.142
2.75531,2.77152,83.2442
3.82067,4.18198,369.756
3.23542,3.36057,164.801
2.92618,2.8791,94.1795
3.53857,2.43973,56.5637
4.24975,3.72327,243.018
4.79816,5.80332,1319.18
4.11898,3.3628,168.343
4.31409,3.28915,154.185
5.67828,4.04317,335.161
4.98127,4.57998,528.827
5.54934,5.46565,1046.35
4.13522,2.75917,85.4438
4.29679,3.22533,146.662
4.42288,2.79709,89.8556
3.44959,3.78538,254.654
2.98188,2.99624,108.402
4.77398,4.16591,370.263
6.60133,4.16207,379.735
4.84513,4.23766,394.193
3.6753,3.93709,295.371
3.07222,2.76351,83.5309
3.83824,2.38962,53.2605
4.49968,2.193,45.3015
3.32047,3.71692,239.211
4.69906,3.1589,138.658
3.79138,3.56157,206.754
3.0377,4.20302,374.22
4.32825,4.15675,362.535
5.47938,1.55006,28.3829
3.4744,4.21776,381.324
4.26894,5.32183,936.584
4.97068,4.5669,521.837
4.0938,3.49457,192.902
3.94549,1.67704,25.4807
3.09648,3.47064,183.397
3.626,3.75744,247.74
3.97049,3.13885,133.134
3.25085,3.97422,302.831
4.46461,3.83305,268.376
2.52929,4.70757,580.004
4.45413,3.75488,250.945
3.65266,4.72655,588.248
2.82663,5.40538,990.662
5.71349,5.1032,803.358
4.49908,3.54274,204.7
2.77808,5.31306,927.358
3.60247,4.55797,512.906
4.236,3.84857,273.748
3.09896,2.61898,69.554
3.48387,3.38345,167.847
4.30972,5.14053,819.624
3.52561,5.33133,940.661
4.98556,2.95386,111.313
3.725,4.39183,447.091
4.58709,3.65065,228.733
4.21857,3.70685,238.706
3.79553,5.76651,1281.92
4.07171,3.13855,133.408
3.42646,4.11308,347.523
3.8915,3.14,131.99
4.57286,3.3474,167.333
4.85279,5.32022,938.146
3.74795,4.32925,424.694
4.1816,5.31149,929.184
3.97142,2.43233,57.7038
2.48495,4.39106,441.653
2.97036,3.65392,221.49
5.06222,1.86439,34.4134
5.06513,2.60875,77.5405
3.59887,3.15531,132.856
5.4062,2.59441,75.1572
3.87842,4.03361,324.317
2.2815,5.43495,1012.09
4.90283,5.78889,1306.19
3.97599,2.62059,74.2342
3.60182,4.04331,325.791
4.46086,2.06149,40.5611
3.48985,4.54133,505.527
5.1135,2.7708,92.5084
4.65312,5.57142,1122.9
2.33951,4.1209,348.096
1.47585,3.85543,270.497
3.79608,3.30676,155.561
5.50984,3.44873,189.309
4.83998,4.55824,519.594
3.72285,5.39303,985.127
3.32821,3.19824,138.615
4.72624,2.84926,98.6999
3.52779,2.85862,93.5855
3.67538,5.24534,884.97
3.60316,3.6112,213.843
4.75107,3.89319,287.851
4.82117,4.92738,695.926
2.4389,5.03401,751.469
3.90383,4.92353,691.374
4.15233,5.03514,754.746
4.46934,3.17089,137.552
4.4373,4.68163,571.804
5.4771,4.49978,497.897
4.90054,5.38173,981.542
5.31826,3.66185,233.45
4.65024,3.53418,203.702
2.62413,1.22487,12.0019
3.21133,3.01748,111.716
6.24348,4.56754,530.715
4.34633,4.11976,353.383
5.5563,3.07868,131.601
4.78005,3.91171,292.448
4.00262,3.98278,309.642
6.16025,3.75719,261.58
4.79805,2.24259,48.2296
3.97459,3.86252,274.642
3.52526,4.06109,332.307
2.25312,3.5417,198.643
3.77511,4.03939,325.913
4.40577,3.45295,184.392
5.18977,3.38763,177.766
3.74077,4.86475,660.417
4.19426,4.57903,523.73
2.96029,3.85652,272.935
2.43507,4.09929,339.363
4.12077,5.02524,749.949
2.86668,4.49311,484.078
4.30826,3.59863,213.735
3.77085,5.11068,799.57
5.21559,4.93425,703.088
3.68129,5.05463,766.868
2.55933,2.66686,72.8571
2.71727,5.3301,938.041
3.48461,3.7132,236.015
3.58443,3.37442,169.446
5.89078,4.74302,609.011
3.60838,6.50635,2067.76
3.4967,5.22886,873.197
3.43522,3.5589,203.998
4.48466,2.05993,37.7051
4.48485,4.0816,340.397
4.43551,3.06569,123.639
3.0224,3.08589,121.081
4.27526,4.5907,529.375
2.37461,4.29251,406.029
3.71255,4.76515,607.39
2.48983,4.17539,365.975
4.60945,5.17691,843.118
4.36884,5.10139,794.759
4.44845,4.43357,463.115
3.71725,4.32156,419.859
4.33341,5.43561,1018.9
3.73522,3.84211,270.34
3.74063,5.09605,790.096
4.4314,4.39264,448.742
3.64387,5.21799,865.654
5.71377,4.75081,610.719
2.37345,4.94672,699.231
4.7227,3.34935,168.506
4.62678,4.8691,665.559
5.64998,3.40654,183.141
4.83416,3.95637,305.076
5.1667,3.84413,277.017
2.80081,1.68606,19.3093
4.97426,2.71805,87.0054
3.79355,4.79171,620.3
3.32148,6.40328,1939.28
3.49368,3.35513,164.831
4.63444,4.68408,574.156
2.7367,3.68791,229.777
4.34178,2.87106,100.062
3.6828,2.74951,82.5339
3.919,5.20465,858.582
2.49993,4.19028,371.747
4.2141,2.72626,82.0385
4.00324,4.0099,316.703
3.16637,5.56386,1111.94
3.48761,5.10929,795.608
2.528,3.03983,112.967
4.09239,2.60828,72.9597
5.15445,2.70614,85.2985
5.07205,5.35895,965.8
4.2531,4.92569,693.557
5.83577,4.80056,636.165
2.78265,4.3808,440.913
3.46526,4.23487,385.978
4.26011,3.36941,169.268
3.5429,2.91329,100.736
4.67129,2.7923,92.4029
3.47013,5.36498,965.116
5.2946,2.27391,53.8581
5.79394,4.43611,473.51
3.42898,4.18517,370.137
4.18961,3.3239,162.726
4.41078,2.32268,52.2383
5.47826,4.88144,678.274
3.35607,2.5689,66.5664
4.54311,4.66998,567.883
5.27288,4.84941,657.427
4.54457,4.04802,329.834
4.98283,6.17592,1686.66
3.42292,2.90764,100.661
3.47716,3.74376,244.33
4.79766,2.80291,92.1142
4.13747,5.4468,1025.09
4.18527,3.51728,197.28
3.39789,3.66122,225.585
3.43911,3.70925,237.367
2.96142,3.32596,159.141
4.80702,4.53154,506.544
3.20125,3.31105,157.198
4.21582,3.23331,145.946
4.01948,2.97485,108.258
2.01031,4.76588,607
2.12584,4.45576,465.946
3.72278,2.47766,59.8712
2.26966,4.54574,503.533
2.88398,2.01641,30.1726
4.19996,5.7638,1280.07
3.78585,3.57561,206.971
1.50742,3.21052,137.565
4.35709,1.8124,28.7754
4.15684,3.78447,256.911
3.59883,4.82984,641.391
3.8433,2.23485,44.7223
3.24049,3.79372,256.137
5.98192,3.37002,178.875
3.50783,3.52509,197.304
3.15682,3.51849,193.204
2.96847,2.62713,70.3636
5.90536,4.48603,494.913
2.8623,4.84361,644.321
5.18334,3.39766,178.693
4.67944,5.44368,1025.55
5.0813,3.50243,198.921
6.07539,4.87174,675.037
1.64288,3.34234,159.323
4.33905,5.22627,872.479
5.67587,3.95034,308.977
3.2384,5.44126,1018.34
3.17457,3.90749,287.313
3.18707,5.91488,1416.07
3.52232,4.86402,657.574
3.07579,4.29536,408.144
2.82518,5.59675,1137.47
3.03304,3.99141,307.351
2.78134,5.16959,832.853
0.942483,3.42691,171.625
2.48809,4.34121,421.893
4.71599,3.67261,233.641
3.56555,4.16305,363.805
4.46891,1.23268,17.0972
5.03639,4.88632,676.405
3.00411,4.19099,371.63
4.82342,2.78101,90.1649
2.57059,2.12358,34.847
3.69439,2.44622,56.5933
3.63992,3.95825,301.23
6.63997,4.73405,610.748
3.11154,4.33794,424.788
2.64227,6.10699,1605.42
2.55518,3.946,297.088
4.86036,2.86875,100.895
3.69973,3.70356,234.698
5.28755,4.36284,440.469
2.90843,3.4638,183.02
3.18494,3.94346,296.104
4.73565,5.28114,911.575
5.46635,3.69741,241.039
2.48319,4.3314,418.246
3.9055,3.71167,239.154
3.10941,5.38002,975.973
4.61132,2.73338,86.2829
4.61643,3.68004,234.53
5.42371,2.04363,43.033
5.70578,4.73836,605.067
5.76403,4.31114,425.673
4.70139,5.88701,1393.26
3.34492,3.71158,237.957
4.02571,4.59138,528.306
3.52768,4.88098,668.517
1.97139,4.46818,470.833
5.17416,4.39759,454.007
3.91259,4.80871,632.748
4.99571,5.25246,895.393
3.07137,4.83796,641.366
3.62111,5.23612,877.69
4.62908,4.30961,418.365
5.12259,4.93793,705.132
4.23938,4.98205,724.668
5.34853,2.63761,78.4214
4.00922,5.31633,932.953
2.04622,4.55385,508.16
4.04646,4.57018,519.024
3.62094,3.1792,133.481
3.38023,3.71567,238.817
4.24318,2.78269,88.1871
4.48808,3.68184,232.97
1.98515,3.69647,230.617
4.35963,5.62415,1164.48
3.44233,4.59556,527.602
3.47382,3.60854,212.887
3.83313,3.75373,246.314
3.36336,2.52855,61.3813
4.4429,2.88424,102.209
4.85385,4.03627,328.245
3.39599,3.70476,235.792
5.60492,4.86422,669.603
2.79359,3.72592,238.331
3.44982,4.05388,326.456
5.52694,5.3841,987.945
5.02717,4.366,441.543
3.62725,4.19879,376.648
4.21682,3.24218,147.557
4.87911,5.79458,1312.84
2.25056,3.8949,280.579
4.40013,4.82011,639.392
3.57257,3.92007,290.077
4.4219,4.38705,445.033
3.68519,3.34942,166.298
2.09438,6.80512,2474.65
6.51812,3.72504,255.986
5.12063,3.70026,242.259
3.54624,3.72471,240.146
4.00175,4.51334,496.756
2.40148,3.67332,225.507
5.46749,3.43173,187.736
3.60636,5.01412,742.179
3.47974,2.55284,66.6819
3.18074,3.88272,280.779
3.24487,5.91325,1414.75
4.27591,3.22662,145.714
3.74579,5.2244,870.805
5.44684,4.3834,451.439
4.06927,4.94566,703.511
4.52261,2.93044,106.466
5.83206,3.57425,217.514
3.79062,3.44993,183.944
4.40487,3.3263,163.761
4.05187,4.02231,322.877
2.66829,3.66274,223.738
4.27375,2.79993,89.549
3.17889,4.89068,671.097
4.65205,3.32066,162.447
2.90151,4.77006,610.018
4.97403,4.30173,416.667
3.67703,4.30887,415.857
2.56249,4.02092,316.441
4.68352,5.49991,1069.39
4.27058,4.26294,401.953
1.74469,4.472,474.329
4.52798,3.07696,124.708
6.1429,4.83732,657.408
4.8081,2.71992,85.0766
3.22328,4.08422,337.678
4.89869,4.17333,372.549
2.76214,4.55937,511.771
3.84981,4.08599,339.639
3.63876,4.62913,544.992
4.27991,3.84414,269.967
3.44064,4.3393,424.965
4.67036,4.10969,350.553
4.11858,3.60126,215.01
3.91066,4.26247,399.467
5.59799,3.93456,305.38
4.60087,3.04044,119.612
4.05946,5.57,1118.87
2.34129,5.67123,1195.63
4.30985,3.45204,183.7
3.0383,3.97084,303.118
3.73009,2.54069,66.0565
4.67967,3.19211,141.158
4.64256,3.76129,253.202
4.55068,4.65573,560.192
3.84957,4.09991,343.985
4.09038,2.89571,101.529
3.84999,5.52182,1079.21
3.21466,4.02815,320.388
4.0801,5.20841,863.036
4.8808,4.66278,565.262
5.18753,4.79232,629.699
3.07331,4.60539,532.842
4.27484,3.13852,133.019
4.91626,4.56243,519.469
4.27381,4.88839,674.03
4.64491,6.17199,1682.28
5.05357,2.91947,106.883
5.05914,6.15809,1668.39
5.49306,3.15845,140.483
3.15282,4.73531,591.504
6.95616,3.87454,297.784
4.05531,3.6591,227.203
5.26059,2.1517,46.4651
3.69734,5.91709,1420.49
2.57283,3.11439,123.856
4.44766,4.85991,660.337
3.45516,4.92241,688.096
3.06583,4.54115,503.654
4.00546,4.02026,321.754
3.22492,3.19672,138.814
4.26372,3.37296,171.427
4.61492,4.81584,637.571
3.1203,6.12504,1626.29
4.793,3.6365,224.255
5.99485,3.35275,175.405
2.78792,5.03645,751.454
2.63687,5.49445,1057.4
3.2133,4.87911,666.948
5.62322,5.18922,855.703
3.8288,3.90777,288.62
4.0067,2.67551,76.4039
5.32265,4.51222,501.609
4.6359,2.85742,98.1934
4.80522,4.9305,701.025
4.36568,5.07444,779.284
3.79469,4.41552,455.841
3.20089,3.9371,292.166
1.73548,3.99745,308.588
3.21902,2.34117,49.3874
4.65568,3.77366,256.145
3.36682,4.34247,424.759
6.21507,4.20888,392.231
3.13056,3.70221,232.448
4.40684,2.75905,88.3303
2.59035,5.80982,1319.07
5.61504,4.70754,589.919
4.01189,3.70688,238.152
3.95595,4.31858,417.472
4.18204,3.48483,190.013
4.80998,4.21226,386.839
5.01389,2.25023,51.6233
2.82467,3.84342,267.6
3.32517,5.73691,1255.11
2.65293,2.77029,82.7719
3.99439,4.3981,448.54
2.73863,5.88197,1384.55
2.52413,3.86636,272.776
3.26142,4.51025,492.05
2.01244,4.12655,349.346
5.5044,3.56098,212.546
5.27322,4.741,602.086
2.49078,3.80505,256.577
3.37928,3.11466,127.236
3.71969,5.25675,892.422
4.5969,3.52107,199.939
5.21558,3.90819,295.6
5.06702,3.98165,314.139
3.8578,2.39924,55.0215
3.77669,5.49377,1058.35
2.877,5.18125,840.56
3.09954,2.22088,41.8404
3.27057,5.70638,1230.14
4.8306,3.66222,233.292
2.77013,3.42528,174.384
4.55395,3.29194,155.742
2.86762,4.85432,651.577
2.38226,4.23414,384.045
4.2007,2.92918,102.142
3.41274,1.7546,21.8091
4.01203,5.65052,1182.61
3.0872,5.91271,1413.54
3.54092,3.57766,207.905
5.57658,5.65542,1196.04
2.90767,3.33877,160.251
3.82512,3.06901,120.643
4.206,6.56213,2143.82
4.56688,2.77708,88.5841
3.48854,4.9407,700.523
4.40424,3.03832,120.102
3.66334,4.44626,467.54
3.28462,4.76648,609.515
4.47855,5.8023,1315.69
4.45088,4.11436,350.77
3.71546,3.3211,158.519
3.29837,1.32147,13.5412
3.66198,4.72114,588.217
3.00307,2.29121,47.7517
4.0733,3.29298,155.956
4.15941,4.6688,565.913
4.44022,4.68786,574.256
5.16916,4.7822,623.241
2.97251,3.12838,124.089
2.95214,3.4086,173.398
3.26335,4.22939,385.397
3.66574,5.21588,863.458
1.77732,2.42099,50.5154
4.02952,2.34258,51.7017
4.63989,4.64784,556.531
3.92868,5.42037,1005.9
4.51518,1.57608,23.0622
3.1505,4.54538,506.312
4.04491,3.59525,214.418
5.18664,3.46995,194.196
5.43354,3.97499,312.374
4.48875,3.3778,171.536
5.44358,3.17186,143.369
4.5,2.59501,72.296
6.00315,6.18156,1696.79
3.83763,4.14117,357.829
3.39992,3.50793,192.86
4.5851,2.87053,99.1149
5.45912,3.64757,230.579
5.94318,3.53313,208.445
2.50007,4.32402,417.033
4.87114,5.20281,859.713
3.40469,4.14719,358.23
4.06457,6.54713,2123.04
5.35433,4.32746,429.473
4.05264,3.2721,151.662
5.39859,3.05747,125.983
4.54854,4.44228,468.09
5.44709,4.82805,649.41
3.65503,4.28797,406.996
4.2715,3.70221,237.698
5.12388,3.33246,165.895
3.30329,3.72875,241.986
4.20917,4.00054,313.123
3.94467,5.21989,867.126
4.13298,4.98185,725.25
4.92096,5.18627,850.32
2.32737,5.93024,1427.55
3.3514,2.71472,79.8279
3.18144,3.23892,145.761
6.05105,4.10819,357.174
3.18992,4.53447,500.738
6.66282,5.5744,1137.26
5.3117,4.33693,432.644
5.50244,4.28125,410.837
4.43928,4.25678,398.202
3.44534,3.13636,130.512
4.07798,2.49376,61.5784
3.18552,3.51728,193.699
4.99993,6.2392,1755.34
5.74164,3.95443,310.085
6.16204,4.01782,330.396
3.49781,5.07361,775.709
3.99824,5.27954,907.029
5.46068,4.02258,326.861
3.36161,4.06311,333.344
1.88146,4.52702,493.139
3.62853,2.9633,107.714
4.76438,3.74363,250.186
4.12483,6.28149,1799.49
3.13895,6.98089,2740.77
3.72899,4.75607,604.058
5.24016,2.71598,86.6192
5.12516,5.18604,852.814
3.65764,4.64423,551.204
1.92971,2.6793,74.3609
5.27004,3.1869,143.59
4.37248,2.52469,66.9786
5.397,3.61038,222.413
6.71709,4.22777,401.987
3.49395,3.36562,168.291
3.29378,4.16101,361.097
5.07953,2.14765,44.6358
4.34172,5.59728,1142.26
2.68839,4.94457,700.852
3.57841,2.34898,50.213
5.57492,2.78618,96.8838
2.20679,3.45429,178.688
2.88191,3.65242,221.939
3.80878,3.81475,262.001
3.59303,3.63048,217.46
4.64811,3.40152,176.521
3.47396,5.79902,1309.48
2.87992,2.42032,54.4561
4.17025,3.89059,284.526
1.87568,3.6411,216.365
3.13845,4.00362,311.68
2.92888,4.87222,661.595
3.88657,3.55192,201.699
5.0359,4.81051,635.739
2.64901,1.6215,19.7061
4.46932,4.36754,437.197
3.89721,4.64557,552.367
4.95862,2.26033,51.0159
2.23184,4.52751,496.211
3.5158,3.27478,149.283
4.84553,3.78912,261.885
4.46402,5.18692,848.26
3.38611,2.66151,75.237
5.59801,4.3478,437.777
4.023,3.76358,252.887
3.76604,4.55513,511.762
3.40044,5.93152,1433.54
4.26287,4.60069,533.3
5.54421,3.72886,250.004
4.34167,3.84341,272.084
3.4603,4.09769,342.773
4.05158,2.29687,49.426
3.26674,5.11066,796.119
3.90813,4.15193,362.098
3.13396,3.2368,144.051
4.29668,5.68891,1216.24
3.51185,2.51008,61.5584
2.37522,3.95321,296.545
4.83692,4.37943,446.119
2.34626,3.65463,222.3
3.5412,2.08774,36.3965
3.99577,3.69458,234.626
2.91402,3.66544,225.687
3.67709,2.22698,43.3725
4.37995,3.72919,244.86
4.92601,4.63263,551.295
2.37264,4.74148,594.007
2.35923,4.70771,577.634
4.74736,2.85572,100.637
4.76693,3.68958,236.783
3.38215,4.37642,438.748
2.26878,2.98796,106.119
3.78343,3.3353,161.997
2.89577,3.78038,251.835
3.85233,3.6859,231.937
4.77394,4.62171,546.526
2.69263,3.40698,173.544
5.14513,2.78498,92.8077
4.11324,2.80448,89.1412
4.8927,3.15239,138.168
3.55564,6.16421,1668.14
3.90232,4.31401,416.509
3.73591,2.64849,73.2534
2.52864,4.76487,605.923
3.79181,3.80137,259.309
4.36716,3.49354,192.415
4.28163,4.77686,618.111
3.07507,3.8224,263.043
2.89005,3.97975,306.454
5.24869,4.14267,364.91
5.41291,3.27441,159.343
4.63388,3.76345,253.89
4.52105,4.1251,353.814
1.27299,2.68323,72.7935
3.50809,2.01106,32.9368
5.00153,4.86708,664.954
4.39247,3.19846,143.827
3.18704,3.67285,225.681
3.59395,5.56605,1113.85
3.91527,4.07313,335.676
2.77347,5.18821,844.759
5.61717,4.27865,411.391
4.49775,3.6247,221.787
5.98357,2.54831,75.7093
4.75468,3.26924,155.859
1.36774,2.09313,32.5165
3.86991,4.17914,369.572
4.34318,2.83472,95.4275
3.73412,3.07803,122.544
3.59811,5.00764,738.932
2.35157,3.76461,247.074
4.68781,4.06762,337.564
5.63874,5.18856,855.688
3.921,4.19156,375.142
2.17158,6.09701,1594.01
5.19451,4.81544,640.511
4.23056,4.2575,398.039
4.768,2.13984,45.9132
4.8907,3.83622,274.806
3.55577,4.84697,649.642
4.38346,5.17364,839.809
2.86799,2.05832,34.015
3.89356,4.64419,553.584
5.45131,4.33165,429.569
4.96906,3.70897,242.676
3.75623,4.05637,329.54
4.20578,5.02339,748.996
3.839,3.57065,206.52
4.68557,5.0774,783.382
6.28054,2.25602,59.8659
3.32081,4.56435,514.02
4.53029,4.35018,432.185
4.54012,4.00405,317.663
4.06204,3.42186,178.182
5.48707,3.75343,255.135
3.97621,4.2897,409.597
5.26888,3.11636,134.367
2.98672,4.5388,503.927
3.68021,2.48461,59.1171
3.50423,4.59249,528.92
5.01008,4.66993,567.511
3.499,3.96033,300.46
3.91277,5.8029,1313.8
5.7378,4.39983,459.114
5.07712,4.10507,350.959
3.60182,3.02532,114.328
3.82118,4.81002,632.308
4.15862,4.54326,507.363
4.44787,3.38205,172.331
5.41704,4.74815,609.227
5.2711,4.04976,333.639
4.41479,4.42615,461.669
2.73585,5.28184,904.666
3.59891,3.38804,170.395
4.44242,3.55711,207.77
2.98787,5.42446,1007.14
2.36097,3.00759,109.369
4.39474,5.18195,845.648
6.56223,3.82472,281.738
4.40236,4.94926,708.406
4.94139,3.31109,162.202
4.63598,4.56976,523.176
5.67763,5.21886,875.955
3.31997,5.60319,1145.04
3.17832,4.221,382.798
3.92689,4.93109,696.61
4.95003,2.83012,97.7888
5.05614,3.53936,207.021
5.91551,4.23109,398.072
2.0824,3.25841,145.812
3.90855,3.8501,273.006
4.6271,3.39818,175.43
3.37087,4.18846,370.426
3.5216,4.61078,536.509
3.88592,4.16101,363.224
4.70374,3.70575,242.612
3.64131,3.45171,182.761
3.79245,3.57386,206.589
2.81035,2.48198,58.5262
4.79107,2.47639,65.0895
4.22215,3.90344,289.063
3.94513,4.16079,362.52
4.34496,4.19916,378.129
4.66937,6.44835,1999.41
3.23982,4.18825,372.275
5.68257,2.04758,44.6745
4.18984,4.06665,334.521
3.84809,3.73807,245.35
3.82787,4.27599,403.069
5.87652,5.30054,930.656
4.27592,5.10338,794.743
5.72922,3.9978,322.594
3.55941,5.94112,1441.31
4.66662,3.02214,119.485
4.08818,2.93077,106.197
2.63395,4.50687,486.085
5.25193,3.79552,266.388
3.52707,3.76629,251.293
3.59829,3.09951,124.082
4.61658,5.03281,755.841
3.8922,5.88897,1391.84
5.34354,4.42389,467.089
3.80814,4.32926,423.48
4.58508,4.29696,412.932
4.96525,3.50819,198.43
4.57738,4.60835,539.167
2.45109,3.91352,284.796
3.53777,3.35741,164.416
5.24349,5.75011,1273.45
4.83,4.7627,613.149
3.62609,3.42465,175.023
4.38021,2.88997,100.399
3.66168,5.33558,943.908
3.23659,4.87989,667.181
3.26046,4.28479,405.25
4.91402,3.46705,190.811
6.28604,3.43167,191.82
3.81151,4.02887,323.249
5.23829,2.80599,96.7278
5.58739,3.63473,227.067
3.63335,3.83795,267.75
0.857273,2.47637,53.6976
3.91576,5.00349,734.216
3.81055,4.68438,570.197
4.39713,3.18629,140.401
3.43925,4.00512,314.832
5.68109,2.94521,113.661
3.77869,4.30621,411.784
2.05892,2.80766,84.0312
5.93121,3.93475,304.476
2.71693,4.57865,519.147
3.26562,2.38679,52.3474
5.17856,4.59774,537.519
4.58129,3.52633,200.336
2.78412,7.02202,2803.47
5.34514,3.33587,171.018
2.52423,6.66261,2270.89
3.48939,5.42367,1008.04
4.73055,2.78981,91.685
4.27183,4.24537,392.264
4.67748,4.09635,347.803
3.92034,3.82327,266.753
4.58451,5.04658,762.606
3.90402,2.83885,94.4125
3.56622,3.93003,294.317
3.693,3.87136,278.036
6.12956,4.64221,563.28
3.13412,4.22888,382.744
4.76603,2.94422,110.687
5.05724,3.90357,291.449
3.07639,4.49451,486.215
2.97037,5.0339,749.718
3.55636,3.90996,288.405
4.73777,4.89203,678.119
3.98442,2.91826,102.621
3.03389,3.92915,292.643
3.58179,2.61073,70.6592
5.62498,4.91061,691.184
3.74346,3.8942,283.994
4.30015,3.75851,250.911
5.17908,3.47035,194.631
6.17651,3.6242,230.265
4.38086,3.80997,262.727
4.54442,4.37323,439.821
2.45632,1.81399,22.2967
5.64537,3.91548,299.192
4.33981,3.64433,225.315
4.29897,4.16816,367.933
4.77955,2.66034,80.1283
3.31707,3.41942,174.292
5.34076,4.26611,406.893
3.15508,3.35149,162.667
4.99924,3.06553,126.354
5.46957,3.75906,255.777
3.03486,3.64818,221.568
3.94674,5.68533,1211.65
4.09461,3.68019,231.001
5.32099,3.16609,142.439
4.22829,4.72631,592.042
5.77166,4.11031,357.405
2.9312,2.6181,70.9365
4.05143,4.64465,552.689
3.12042,5.10057,790.698
5.09272,3.83746,274.133
2.91414,4.38854,440.603
3.69162,2.98376,109.885
4.00383,4.42633,461.974
4.05592,3.81385,264.408
4.94763,3.70058,240.226
5.63799,5.3975,997.953
3.96235,2.68942,78.94
4.35862,4.62167,543.537
2.593,4.56192,511.657
3.20015,4.53764,504.602
2.7937,5.14868,818.577
4.52608,5.1575,830.814
4.44893,3.3769,171.505
2.27674,6.01454,1510.02
4.01474,2.32392,50.1927
4.32771,5.5549,1109.57
3.82932,4.50619,493.44
6.22329,2.13833,52.9711
3.37467,2.87153,96.995
5.93933,4.60296,544.239
4.20057,3.29253,156.801
2.36125,3.29545,149.269
2.32644,4.19886,372.862
5.22997,4.5475,515.205
6.0541,4.4823,492.373
