3
1.98755,3.44285,532.081
3.8877,4.15154,1072.12
2.23517,3.26732,439.518
6.15306,5.12942,2442.84
6.34344,2.53452,190.686
4.06157,5.24336,2661.66
4.04297,4.8819,2006.1
3.79891,4.2397,1159.63
2.7292,2.86249,276.397
4.79841,3.20836,413.811
3.16544,3.88794,833.731
3.50964,4.32322,1250.47
3.26823,2.46816,169.18
3.55561,3.50579,569.037
4.11869,4.14918,1069.54
5.66892,4.51978,1489.93
4.28829,5.04295,2277.49
4.19165,4.35848,1290.74
4.18623,3.25104,434.526
3.49168,4.33881,1266.72
4.78023,4.20824,1131.46
3.51967,5.00625,2212.68
2.10306,1.83802,67.8319
4.35797,4.90483,2043.93
5.18366,5.89166,4252.24
3.55541,4.11412,1035.46
2.99114,5.20639,2585.41
1.73537,4.97816,2161.46
4.99091,5.10722,2400.89
3.84649,5.00889,2219.78
4.0172,3.47395,550.036
3.31107,5.01965,2237.19
4.65835,2.52186,183.248
3.91169,3.10951,371.063
2.31497,4.24432,1162.58
3.7322,2.53029,185.588
2.73522,4.208,1126.97
3.57582,3.63603,650.943
3.14506,5.36075,2906.63
4.05268,4.10346,1024.5
5.03479,3.49614,566.774
3.29033,3.15065,387.136
4.82555,5.29047,2758.57
3.17416,3.8598,812.889
2.33268,5.24615,2663.22
4.40981,5.15334,2484.51
4.46173,3.1842,405.357
3.7216,2.71167,230.889
4.2928,2.94949,308.431
3.10104,5.20986,2591.88
4.19778,4.50189,1462.93
3.19449,3.22309,421.573
5.05446,4.01479,946.234
4.62872,4.20205,1123.25
3.20243,3.991,921.166
3.83399,3.24121,429.917
3.48457,5.63056,3536.68
3.92683,3.38723,501.372
3.60524,1.8496,72.9451
3.07478,5.18236,2537.7
4.40107,3.86059,816.03
5.61221,4.61642,1615.43
2.81447,4.64034,1641
5.25966,4.13275,1054.64
3.96355,4.05865,983.501
4.1831,3.27492,447.482
3.28706,4.05382,976.726
3.41016,3.10807,369.621
3.44407,3.93252,871.414
3.67912,3.44503,535.204
5.45969,2.30577,140.938
5.47474,2.94773,312.435
4.39181,3.35466,488.2
5.00442,4.77942,1848.8
4.66035,4.10699,1030.97
2.73019,5.01846,2234.37
5.12005,4.34212,1273.96
5.72171,3.60088,631.972
3.10409,1.79862,65.2478
5.30056,3.83869,800.762
4.37081,3.97039,904.557
3.25848,1.96314,83.9327
4.29026,4.81721,1905.54
2.85819,4.57157,1550.85
3.92789,5.09675,2376.68
3.96192,2.46634,169.666
3.83045,3.48092,556.228
2.71625,4.06755,988.474
1.8494,4.65508,1660.31
4.67908,4.17152,1092.21
1.95487,4.48114,1432.86
3.48598,5.17413,2522.64
4.56556,3.47139,550.864
5.42774,3.17792,404.386
4.51596,3.35254,484.614
3.56054,3.90679,853.156
3.92193,2.67812,221.467
4.67634,4.60562,1600.23
3.57821,4.11051,1030.52
3.03498,4.79858,1873.06
3.68958,2.4718,172.794
6.26924,3.83294,797.731
3.68571,4.82441,1914.33
3.90922,3.29748,457.865
2.65954,3.57101,609.005
4.80713,4.01545,945.75
2.7945,3.18291,399.955
3.36429,3.46013,542.563
4.51389,3.82035,783.024
4.88015,3.06978,357.496
5.98943,3.46939,554.341
3.98612,4.34749,1277.53
5.1602,2.49136,176.778
3.40286,4.65072,1659.82
2.78152,4.46358,1410.84
4.76935,3.66395,671.526
3.55392,3.61733,638.074
3.94438,4.81076,1892.91
4.76696,3.93074,875.094
3.71114,4.29069,1215.31
5.23343,6.07082,4799.2
3.3586,3.67919,680.66
2.56253,3.8522,804.28
4.27183,2.82244,266.802
3.10533,4.26539,1186.49
3.67013,3.12723,377.997
4.89637,4.8954,2031.41
2.40733,3.46116,542.476
4.65727,4.8053,1887.78
4.36386,3.83081,792.978
2.96304,2.76999,247.529
2.23636,4.28486,1205.35
3.01565,4.42353,1364.84
5.31786,2.86003,282.3
3.53519,3.61888,639.761
5.98526,2.8719,284.638
4.94565,4.42348,1369.51
3.15221,2.81526,262.873
3.08494,2.01437,90.246
2.14995,3.43316,525.771
2.28461,5.47505,3158.75
4.3964,2.13537,109.278
4.35243,5.18598,2547.85
3.51205,3.57765,614.088
4.97952,2.55217,192.422
2.68513,3.44967,535.133
3.53551,4.57163,1552.87
4.98329,2.69034,226.763
1.39241,3.72541,710.132
5.09432,4.74468,1796.34
3.67565,4.65092,1659.3
3.90953,2.9992,326.619
2.39504,2.59105,195.799
3.20365,3.93072,869.666
4.64936,3.21445,419.131
3.49362,3.33472,474.885
4.2819,3.92122,865.794
2.80952,5.02291,2241.27
3.23701,3.83744,794.482
3.40151,3.73932,721.936
5.13282,5.44618,3100.88
2.11142,3.92026,858.691
4.24574,5.21843,2611.3
5.96123,5.2526,2683.62
3.50216,2.32234,138.031
4.69842,4.12814,1049.94
5.13763,2.3629,150.805
3.98418,3.25796,438.071
3.77454,3.92074,863.24
3.43765,6.31489,5633.93
3.09822,3.6278,644.601
4.47853,6.06685,4786.7
3.27229,3.7086,699.422
5.01357,4.4386,1387.59
4.15929,4.61314,1609.22
2.87239,4.62402,1620.11
2.85436,5.15813,2491.54
5.89945,2.40429,160.413
4.05038,6.1655,5111.05
4.09432,3.82954,790.402
4.3405,5.71277,3752.82
2.13821,4.17789,1094.24
4.11054,4.16629,1086.52
4.83545,3.62608,647.379
4.66597,4.44342,1392.31
4.45768,1.98013,89.0008
4.97817,5.28686,2750.33
3.84943,3.37786,496.24
3.36941,4.25703,1177.36
4.2889,4.16592,1086.82
4.60411,3.5686,609.93
2.23858,5.02582,2246.95
2.82631,4.01392,940.843
3.04337,2.12584,105.819
4.56945,4.03067,958.671
3.9189,2.93578,303.871
2.57847,4.1536,1070.82
2.30024,5.2217,2611.48
3.95112,3.59586,624.171
3.79178,5.41734,3030.46
4.14712,3.93093,871.904
5.17042,2.15372,113.356
3.49884,4.54785,1521.08
4.80879,4.55849,1536.02
3.60223,3.16946,394.914
4.51824,3.0493,347.812
4.83524,6.61556,6823.55
2.66986,4.44894,1395.28
3.65882,3.44068,532.926
4.69119,4.26621,1190.49
1.74725,4.98651,2176.84
3.65168,3.07392,354.312
4.43775,4.67771,1698.63
3.5477,4.169,1085.29
4.22958,3.87872,828.601
4.33161,4.43502,1382.43
4.42948,2.04935,98.6533
6.08269,4.15054,1074.6
4.27732,5.0133,2227.99
2.89144,4.03371,959.119
3.11981,3.51364,570.876
3.951,5.56793,3382.52
2.536,3.0618,348.185
4.70874,4.81983,1908.76
5.15063,2.65781,218.476
4.49765,4.4296,1375.8
4.03828,4.55754,1534.18
3.94352,3.70199,696.218
4.53433,3.76413,741.288
4.34797,5.63817,3560.3
4.49528,3.59982,629.657
2.68059,3.32782,469.055
3.48012,6.23855,5362.03
4.48624,3.63797,653.995
5.47369,6.36362,5820.37
4.54459,3.63382,651.728
3.87008,4.97873,2168.34
4.044,4.43952,1386.38
2.90887,3.16631,392.417
3.70239,3.92703,866.373
3.01604,3.69704,692.222
4.64053,3.69902,697.187
4.94344,5.20485,2587.35
2.94148,4.29543,1218.67
2.12221,2.4794,168.852
5.97653,4.04191,972.856
3.25434,5.25423,2681.89
4.05049,3.07631,356.058
5.66,4.28934,1218.83
4.31563,5.44387,3091.65
5.62688,3.36968,498.487
4.85142,3.66897,676.732
4.20698,4.62447,1624.65
4.06645,4.79427,1869.08
2.54633,4.56791,1544.61
4.03256,2.53521,186.059
2.74949,5.01483,2227.53
4.36231,3.89612,843.71
4.89824,3.30933,464.114
5.71673,5.82764,4071.05
5.65145,4.08108,1007.72
4.67131,5.02859,2254.83
2.54495,3.31085,460.434
4.07725,2.82072,264.894
3.5654,3.71525,704.536
4.44385,4.92973,2087.84
3.71695,3.71863,708.637
4.49563,4.54022,1511.93
3.36529,2.92147,298.154
2.64753,4.31091,1235.63
2.35027,3.7779,747.238
2.44698,3.99635,923.48
2.82006,5.98223,4520.8
3.44554,1.93127,80.5619
3.23934,2.66027,217.215
4.41851,3.82251,784.994
5.10557,3.46747,549.976
4.91017,4.2057,1127.94
5.37627,2.99145,326.471
3.97636,4.54518,1518.55
3.56025,3.39644,504.872
3.8702,2.85847,274.761
3.833,4.13249,1054.29
2.70325,2.83772,266.738
5.40199,3.03277,342.013
4.27969,3.18765,405.317
3.08093,1.21185,26.307
3.61729,1.91695,79.0042
4.90171,5.2613,2699.71
3.75073,5.70223,3723.1
5.43358,2.16612,116.557
4.36467,3.98439,917.499
2.97204,3.61304,635.488
4.79143,3.83335,795.332
2.71883,3.62405,642.369
4.35185,3.36841,494.362
3.36919,3.36499,490.521
3.42102,5.61798,3506.78
2.57923,3.7365,717.296
2.50977,3.5524,595.643
4.47039,4.69011,1716.23
5.32587,2.75554,247.872
3.56228,4.4184,1359.11
5.99136,5.00051,2210.51
3.79182,4.01904,946.965
2.7209,3.87025,818.53
3.48518,3.69497,690.385
3.39432,2.86456,278.692
5.20553,3.80442,774.527
2.9267,3.33561,474.678
4.24824,3.78017,753.285
3.27298,4.37299,1308.46
4.35747,4.28461,1208.41
4.18263,1.72835,62.1446
3.99068,3.94324,883.872
3.80792,3.58916,621.582
6.2786,5.41658,3035.49
2.02556,4.45455,1399.93
1.22684,1.89703,74.4194
4.2894,3.90684,851.824
2.64922,2.91129,290.273
4.31358,5.12555,2431.93
3.63187,2.84532,272.844
3.4185,3.07848,357.155
4.26354,3.93544,876.437
1.85064,4.18273,1099.95
4.6512,3.82254,783.734
6.16658,1.19082,33.4642
4.27761,2.78273,253.252
4.47232,4.44564,1393.97
1.93229,3.51284,570.314
4.08524,4.44589,1394.88
4.85796,5.27238,2723.04
5.77618,5.98071,4519.99
2.62839,2.98346,316.237
3.81598,3.15249,388.924
5.08694,2.50818,183.073
5.68101,3.79171,767.255
3.60375,4.43644,1379.96
3.44819,4.40299,1341.89
3.64908,4.36777,1301.4
3.32805,4.71074,1743.03
3.3912,1.97694,85.7874
3.33187,3.39312,504.778
3.75134,2.26916,130.739
4.51366,6.21011,5262.97
5.0587,4.49693,1458.21
2.6217,2.78752,250.879
3.5948,4.30071,1226.33
5.94049,4.16469,1088.58
3.48333,4.79353,1864.36
3.02793,4.31067,1235.42
4.88207,2.88095,287.558
4.62697,5.75392,3863.53
3.27019,2.56303,191.371
3.39151,4.39578,1332.21
4.90999,3.68722,688.15
3.5665,3.88287,833.342
5.52558,2.90274,294.912
3.35547,3.24032,427.111
3.51599,4.89581,2029.37
4.12795,4.65722,1668.67
3.24526,2.86641,276.955
3.6727,4.31648,1242.63
4.69089,4.75625,1812.08
4.14983,3.00161,328.111
3.84171,4.90249,2039.53
2.94299,4.5983,1586.22
5.55412,2.53996,191.662
5.19986,5.34075,2865.27
3.33605,3.62472,643.302
4.51321,4.37635,1312.03
3.84317,4.41106,1352.19
2.35941,4.71781,1751.12
4.68642,3.33392,477.522
4.28085,3.70824,700.199
3.62995,5.13784,2454.86
2.48774,5.38638,2958.79
4.05321,4.58033,1563.48
3.20635,3.90289,847.891
3.66679,3.73588,718.038
3.53664,5.51425,3253.61
4.74732,4.43154,1377.15
4.76101,3.96324,900.151
4.40029,4.00068,931.269
4.39927,4.18046,1100.83
3.73226,3.56018,603.624
5.58128,2.21605,126.681
4.87362,4.35106,1283.88
4.29044,3.74211,723.334
4.05866,3.58469,618.809
5.38875,5.40941,3018.32
3.81186,4.17621,1095.56
4.65217,5.0145,2230.8
3.14317,4.00098,928.512
4.88432,4.01562,946.907
4.94612,3.47829,556.758
4.4714,1.99294,89.0956
4.30158,3.16486,393.885
4.19572,5.10771,2399.5
2.17691,4.48766,1440.03
2.4167,3.54705,593.838
3.72511,4.23592,1157.17
3.88207,5.20955,2592.65
3.1879,2.14925,110.223
4.40775,2.9995,325.951
2.98127,2.40238,152.969
4.84982,5.94566,4411.6
3.87174,3.68476,684.585
3.52612,4.80658,1886.99
4.73608,2.23253,126.765
4.50895,2.43099,164.472
5.0137,5.44165,3086.79
3.4193,3.93531,872.08
4.09811,3.38236,500.284
2.40297,3.92409,864.866
4.40928,2.4161,158.844
3.13551,4.46587,1416.57
3.85151,3.86027,813.304
3.73293,4.09016,1014.41
4.74576,2.41944,161.699
4.86289,4.38711,1324.26
3.9367,3.43341,528.492
3.94651,4.54974,1523.21
3.69787,5.24185,2657.83
2.82339,4.37857,1312.01
3.36794,4.89011,2016.24
2.33861,4.5287,1493.76
3.18444,2.44921,165.719
1.82385,3.05985,345.705
4.05826,3.89458,841.412
5.37383,3.30865,464.314
3.6301,3.40275,510.616
5.641,4.9742,2162.37
4.47658,4.27494,1197.95
4.8803,3.34526,484.248
4.75176,2.53314,187.547
3.53858,4.08001,1001.83
2.49853,4.63107,1629.63
3.51139,4.59913,1587.87
2.81017,2.28072,130.397
3.28749,2.48539,172.058
5.71148,1.46486,46.1511
4.00701,5.30697,2792.3
3.30698,3.86676,818.223
3.4357,3.97527,906.273
3.83921,4.06238,985.704
2.23143,4.82977,1920.64
3.50891,4.85996,1970.12
4.88929,3.40935,517.307
4.37919,4.85281,1962.13
3.76215,3.75804,736.542
2.22951,4.14029,1057.52
4.28329,4.20539,1125.36
3.49071,3.28395,449.256
2.89696,3.99931,927.868
3.09353,4.10489,1026.31
5.61526,3.49327,566.736
2.71405,4.07489,995.193
2.59134,2.36088,143.451
4.17419,4.80682,1889.4
4.07909,3.96351,897.072
4.7935,5.0037,2212.7
3.21113,4.27695,1198.68
3.31816,2.70837,227.782
4.4507,2.9276,301.276
4.42294,3.84422,802.352
4.83144,5.53991,3315.92
3.79758,4.68421,1706.43
4.03829,3.45,537.699
4.9097,4.95396,2127.99
3.07578,3.51471,572.624
4.36453,4.79153,1867.42
5.52042,5.0319,2263.6
2.71693,4.27729,1197.06
3.95716,3.82663,788.916
3.70576,4.53087,1497.46
5.19368,2.82273,266.4
4.19583,3.92682,868.67
3.56603,2.2263,121.86
3.53547,2.86575,278.8
5.11664,3.67886,681.401
3.4497,4.40273,1340.5
3.02756,3.07653,356.34
2.73274,5.9527,4428.02
4.21069,4.62417,1622.72
4.42957,3.13612,382.152
4.09652,5.02854,2255.5
5.81486,4.61339,1612.16
3.52457,1.69372,57.9067
3.70817,4.51809,1483.97
4.73206,3.40782,517.289
3.74717,5.31736,2812.48
5.51437,4.98175,2176.41
3.57994,4.20936,1130.34
4.35366,3.62317,644.823
4.33668,3.96381,899.808
3.45147,4.57671,1557.17
4.66698,4.4473,1397.12
3.39498,3.43509,527.702
3.26553,5.50321,3227.29
3.84181,3.36658,490.011
4.93121,4.1106,1033.32
3.91308,2.99538,324.791
3.79393,3.09417,364.621
5.06506,3.759,739.436
3.76204,4.98341,2176.22
4.15285,4.63807,1643.32
4.04812,2.70452,229.976
2.86916,4.51547,1477.72
4.47725,4.36531,1299.5
2.94174,4.13945,1057.9
4.51628,4.78531,1855.94
4.25284,4.54906,1524.42
4.53251,5.57521,3403.74
3.34125,5.43679,3073.63
4.66348,5.28147,2739.45
4.21891,3.89801,844.672
4.00077,4.68816,1710.48
3.55285,1.7217,58.8534
3.31741,2.97612,316.11
4.323,1.96509,87.0619
3.9391,4.25009,1171.24
2.42301,4.5013,1457.87
1.63554,4.08076,998.411
5.64108,3.53248,591.244
4.8901,4.30525,1232.77
3.92848,6.62183,6847.53
2.19145,1.7969,64.2804
4.29097,4.68988,1714.12
3.94255,1.33648,33.1776
4.53178,5.09084,2370.77
3.4216,5.2984,2773.92
4.78952,3.45258,541.541
5.08496,6.34971,5766.28
3.98966,2.47562,170.121
4.11899,3.92148,864.104
5.85237,5.43099,3067.54
5.17872,4.29221,1220.94
4.62033,3.34211,480.958
2.50081,2.6851,222.156
3.87562,3.55521,601.113
5.48354,5.28495,2750.16
6.41691,3.72262,716.248
4.27876,4.29834,1224.23
3.3302,3.31023,461.032
4.94949,4.82278,1913.81
3.9122,3.35226,485.065
5.41767,2.06462,101.973
5.35471,3.44197,536.518
2.97904,3.30367,459.018
3.40436,4.20709,1127.05
3.7838,4.12565,1044.21
3.2485,4.52938,1494.72
4.70349,4.97937,2169.71
4.11243,3.78249,753.866
5.22881,3.18347,407.185
4.04182,3.30332,459.282
5.23172,2.50662,182.139
5.95532,2.64836,218.248
4.30719,4.06691,992.513
3.49491,4.23435,1151.77
3.17208,2.6841,222.359
3.58442,4.78735,1857.39
3.41529,5.36817,2920.09
4.42818,4.43896,1384.57
4.68789,4.36415,1299.37
4.12016,5.12303,2427.16
3.52156,0.576632,13.0974
2.51986,3.49195,557.731
3.11027,3.90436,846.993
4.34769,5.05043,2294.62
4.25262,6.24185,5375.71
4.98317,2.94157,307.23
4.46268,3.62985,649.657
4.32617,4.4038,1342.66
4.28805,3.80666,771.775
1.37927,3.93596,869.315
3.56302,2.49308,174.035
5.15428,5.43973,3083.47
3.2346,4.63806,1640.24
4.31181,3.12793,380.107
4.72558,3.49793,565.869
3.00726,3.5003,565.86
2.62504,4.02345,948.57
5.27256,4.21284,1136.91
4.27514,4.6525,1661.37
4.18219,4.97214,2155.55
5.94549,3.21138,419.405
5.07582,4.54956,1527.14
3.61485,3.30911,462.988
4.03228,2.36447,147.544
3.01361,4.03305,957.755
5.02329,3.81575,779.797
4.46021,3.55525,601.924
4.79935,5.6812,3671.38
4.57993,3.73223,721.15
6.47055,4.62952,1635.51
2.81621,5.3875,2964.79
5.06057,2.9598,314.099
5.89403,4.23554,1161.13
3.96761,5.25714,2689.75
1.0345,3.42665,521.133
3.08201,5.01657,2230.67
3.36685,4.0263,954.273
4.03328,3.41117,515.178
4.12374,3.99652,928.516
4.42587,5.19231,2560.35
5.39899,3.47251,553.739
4.11579,6.2423,5376.04
4.15188,6.67673,7084.24
4.04761,3.09075,362.654
4.27871,3.78618,758.368
3.09393,4.10732,1026.14
3.46986,5.67275,3647.5
4.2462,3.15395,391.026
6.14806,3.94434,886.862
3.15075,5.00195,2206.02
4.40547,1.72325,60.7015
3.74613,4.58328,1567.99
5.0134,4.59411,1583.89
3.99366,4.48478,1441.57
4.38869,4.58692,1571.68
3.88976,5.79363,3969.85
3.44626,3.13963,381.66
2.99057,3.10663,368.147
2.19421,3.52325,577.867
4.10585,3.6551,665.641
6.29486,2.6343,215.094
5.53171,4.0371,966.935
5.10324,5.65989,3614.77
3.67649,2.24074,124.436
3.81413,4.16104,1081.33
3.97255,4.46485,1416.07
3.83045,4.003,932.651
3.41345,3.35452,485.024
4.92774,3.03765,345.242
4.31074,4.41137,1352.8
5.93785,4.11778,1044.16
2.67737,3.60647,628.922
3.77561,2.99875,326.946
3.19953,5.01015,2219.06
4.11267,4.54145,1514.6
4.18869,2.94215,305.634
3.92156,3.03533,340.644
3.37181,5.53597,3303.51
4.29646,4.16908,1088.33
3.84752,3.54913,595.597
3.4413,4.05812,980.402
4.08643,3.67636,677.921
5.14274,5.26794,2711.73
4.66597,4.65321,1662.25
4.64407,2.27822,132.837
3.97136,3.32898,473.216
4.8725,3.60292,633.011
6.15004,4.37191,1310.72
3.26358,4.46306,1411.83
3.2979,4.38909,1323.77
3.3969,5.05639,2303.04
4.35609,4.36957,1305.32
3.99305,2.91863,297.18
3.81333,3.668,672.689
3.29851,2.78814,252.568
3.53677,4.49887,1457.34
2.65042,5.08451,2351.18
3.65275,4.68624,1709.88
4.51988,3.73844,724.746
4.10377,2.98083,320.595
5.02329,3.33597,478.98
2.87796,5.26048,2692.83
2.92399,5.62178,3512.99
2.78644,5.82821,4066.42
3.84419,4.5403,1512.12
4.06922,3.44514,536.644
4.16785,3.81073,775.063
4.51131,1.72934,63.1241
3.04575,3.73527,718.463
4.10392,3.26422,441.852
4.09767,4.78706,1857.67
5.20494,2.29754,137.259
3.48274,3.34269,480.382
3.57122,3.9306,872.169
4.72872,4.18506,1108.32
2.88607,1.85851,71.5313
6.09636,3.5588,607.664
4.2291,5.09462,2373.17
3.89655,3.84534,801.656
5.66371,3.57887,619.843
4.56696,5.67045,3643
3.1487,3.6186,639.476
2.72772,3.94285,877.418
2.38945,3.92408,860.472
3.76633,4.65451,1664.7
5.0733,5.38888,2971.53
4.55335,4.23842,1161.26
4.18071,2.96537,313.2
2.86355,3.14485,383.601
5.36872,4.0698,997.431
2.84606,3.34648,479.396
3.8256,2.73298,238.127
5.68457,3.66514,674.94
4.43246,4.47252,1426.87
4.986,6.42085,6034.85
6.13286,4.30504,1235.38
1.58883,4.2126,1127.45
2.80056,3.92972,869.037
5.92943,6.01383,4623.61
4.74178,4.39681,1336.25
2.66386,5.72982,3792.57
3.63255,4.46916,1422.78
2.50979,3.66772,670.009
3.35674,3.72474,711.404
5.099,4.63998,1648.15
5.6261,2.92639,302.743
2.63129,3.3473,479.796
4.69083,5.03804,2273.05
2.76798,3.01625,331.916
4.40521,3.2109,416.46
4.18143,3.86164,816.214
4.12466,3.38174,500.924
3.83889,0.681026,14.6094
5.26444,4.08631,1011.36
2.78252,3.20792,411.244
1.86535,3.86912,815.683
4.18174,5.34695,2876.8
4.9713,2.55476,190.83
4.35108,4.64646,1653.65
4.01512,6.97097,8464.81
3.93696,1.41572,38.1813
4.51558,3.49962,567.238
4.98843,4.63781,1643.28
4.15205,4.7942,1868.21
4.01017,4.20114,1120.59
4.52861,4.91472,2060.48
3.80062,4.89846,2031.71
3.47914,4.57386,1554.08
3.65607,3.42994,524.828
2.65886,4.70782,1737.61
4.62698,3.59509,627.629
3.04532,4.36085,1292.46
5.53506,3.34984,488.359
2.7966,4.79201,1861.33
3.85577,4.86708,1982.02
4.75039,4.19096,1112.07
2.9431,3.93613,872.914
5.54054,5.08419,2358.78
3.78491,4.8228,1910.64
4.45833,4.9661,2148.62
5.16721,3.51197,575.803
4.46476,4.98377,2179.14
4.03155,3.9272,868.502
4.40985,2.42269,161.921
2.14843,3.38658,500.16
3.28775,3.85937,810.285
4.19239,4.60838,1602.87
4.53408,4.63433,1635.31
3.17306,1.50624,42.2227
3.97387,5.34313,2869.41
3.44747,4.47285,1426.28
5.98284,2.45363,171.231
4.37879,3.15779,394.277
2.57153,4.71547,1749.61
3.8443,4.07308,995.612
4.24646,3.72867,714.302
4.01007,3.29849,457.842
3.90705,5.21637,2607.48
4.73407,5.8817,4221.57
2.86265,4.34433,1272.42
4.40379,3.15431,390.246
3.12079,4.77207,1832.04
4.12645,2.48489,176.362
1.53499,1.9778,81.9745
3.40244,4.99329,2191.44
3.3544,3.70976,700.895
5.30328,4.83233,1931.64
4.96097,2.81099,263.147
5.32144,3.67468,680.984
3.52231,3.02908,336.92
3.85876,2.38123,151.333
4.12132,4.50401,1466.17
5.23893,3.37986,501.754
5.30054,3.47409,554.19
4.28192,4.74632,1796.66
2.13491,2.27366,127.924
2.35915,3.14198,380.348
3.87442,4.11485,1035.95
4.10909,2.99545,325.696
4.76289,4.18867,1111.66
5.03025,3.18564,406.743
4.13477,5.17925,2534.4
4.35739,1.53261,46.1625
5.16783,3.01087,334.396
2.56829,3.73739,718.072
3.89227,5.73905,3822.09
3.13827,3.89709,843.375
3.29359,2.812,260.295
2.85437,2.61759,202.4
7.17135,2.39171,161.297
2.59657,3.24074,427.671
3.30228,4.45717,1405.67
3.6669,3.90394,848.612
3.86546,3.57837,614.544
3.48709,5.44271,3088.81
4.35585,2.17845,116.231
4.825,3.94933,888.47
2.59958,2.62394,206.433
5.63723,5.58967,3441.01
4.63722,4.33812,1269.42
4.98588,6.20371,5243.83
5.35111,3.71852,710.374
4.71783,3.25179,435.966
3.74376,5.46156,3133.94
3.78134,4.81942,1907.33
4.98459,3.16828,397.323
6.19885,3.53599,594.012
3.9945,3.41453,517.906
5.78145,4.01417,947.279
5.16929,5.63528,3554.15
2.75655,3.29517,453.918
1.90425,4.11427,1030.67
4.66796,4.392,1331.73
2.79578,4.65949,1668.48
4.15199,4.82914,1923.37
5.02963,3.36861,495.755
3.46272,6.23304,5341.8
4.87117,5.54973,3341.51
5.79317,6.2277,5328.4
4.89687,2.91674,299.239
2.63766,2.62001,204.351
2.75819,3.96584,897.906
2.90225,3.3664,491.265
4.30778,3.33958,478.754
2.88008,2.55253,188.128
2.84778,3.73826,721.871
3.08989,4.04146,964.335
3.42769,3.54307,591.158
3.67861,2.34636,145.429
3.94972,3.64453,655.683
3.25518,4.5642,1541.18
3.71101,3.96614,901.462
5.41769,4.63266,1636.19
4.69997,4.05173,978.813
5.14145,2.69039,225.867
3.08579,3.81108,774.465
3.7076,5.2841,2744.27
2.89553,2.54798,185.888
5.09604,4.85505,1966.79
3.7678,4.22828,1150.37
4.70459,4.73795,1784.46
4.73956,4.81808,1908.17
4.11385,2.99044,321.17
4.78863,3.75572,735.448
3.03517,4.81842,1904.22
5.1143,5.09433,2374.04
3.0442,4.10989,1030.28
5.49063,4.66907,1687.94
3.68757,4.70296,1732.39
3.5624,3.66189,669.223
4.34655,2.9005,291.555
3.36769,2.41301,156.587
5.05388,4.35684,1291.61
4.49143,2.72124,235.823
5.18889,1.28589,35.1652
4.45087,5.65337,3596.75
3.1207,2.83841,267.612
3.09537,6.02584,4654.5
3.67282,3.05058,346.377
3.74497,3.40516,512.564
5.97383,4.51801,1487.84
3.91886,5.54897,3336.18
4.59143,4.37319,1308.64
6.59077,2.10818,111.691
4.26089,3.68082,681.399
4.28374,5.34715,2877.69
4.17325,3.38547,501.432
3.69886,6.27495,5491.67
3.04552,4.41302,1350.71
2.97161,4.84752,1949.18
4.2985,4.69458,1721.27
4.93579,2.983,323.146
3.02211,3.78185,752.389
2.41862,3.66676,670.775
2.99182,4.13569,1053.09
4.43167,4.46296,1415.34
2.31064,5.58893,3431.22
3.65519,2.71454,232.668
3.88404,3.66866,671.661
4.42498,2.29173,133.909
6.25896,3.15881,397.121
4.99956,3.50047,567.81
4.0585,3.85611,808.139
3.16411,3.74941,728.159
4.9829,3.65938,668.508
4.75428,2.40564,159.57
4.13584,5.21256,2601.14
4.593,4.90202,2039.91
4.05585,1.88954,75.1824
5.74287,4.42027,1368.86
3.40033,4.77004,1831.34
3.76393,3.89186,839.674
5.08662,4.26075,1185.77
3.67347,3.65276,661.209
3.91388,5.12179,2424.44
4.20218,3.50268,568.694
5.1202,4.45128,1404.13
3.99129,3.97059,905.56
3.21844,3.91044,853.5
5.50501,2.46147,173.278
5.20359,4.41592,1358.53
3.52318,4.72318,1760.26
3.02546,4.62483,1622.08
5.2478,3.95425,895.661
2.50295,3.62148,640.115
4.58615,3.04883,346.803
4.21705,4.86921,1984.64
5.41601,4.26444,1190.5
3.79382,2.95869,310.63
1.55577,4.4013,1335.97
4.98146,3.58412,620.79
3.46633,3.44926,535.528
3.18299,4.54193,1509.94
3.92849,5.01288,2225.71
4.29155,3.65046,663.172
4.42698,3.63693,654.422
2.71293,2.94839,305.674
4.58986,1.9517,85.4813
3.55798,4.36492,1296.53
4.78155,3.82775,790.905
3.99033,3.86372,816.035
3.68312,1.55073,44.7784
3.51676,3.29754,456.85
4.72347,2.36708,152.007
3.43042,2.56641,191.478
5.15849,2.2369,127.257
1.96245,2.888,282.563
2.91128,5.27289,2720.52
4.78472,5.33489,2852.41
2.24638,3.81036,773.391
3.33453,2.85234,272.453
5.45488,2.84046,273.931
4.00727,4.17514,1095.1
4.2469,4.27394,1198.29
3.55738,5.94032,4391.63
4.05277,4.36549,1300.09
3.9096,2.55035,188.055
4.86345,5.40907,3015.65
4.91978,3.28544,454.411
3.79433,2.71731,230.78
4.5593,5.56784,3384.85
1.94194,3.57457,607.145
2.92121,3.17875,399.459
4.0569,5.5309,3292.89
4.12869,2.76777,249.518
3.77449,2.56764,194.304
2.87071,2.55018,187.221
1.88441,5.63538,3547.53
3.15686,2.2286,123.33
4.76866,4.5342,1504.32
2.46787,3.7529,729.886
3.03682,3.06425,349.472
2.69896,3.27511,444.029
4.87877,3.24067,430.395
3.65565,4.03889,966.013
4.15431,4.39424,1330.91
4.84981,4.20964,1132.28
4.16726,4.40557,1343.84
3.7646,3.01486,331.392
2.24091,5.9047,4283.66
4.13607,4.76239,1818.86
4.51811,5.23741,2648.58
1.61143,2.17947,110.67
6.22912,2.81798,269.816
5.06199,5.17667,2531.77
5.34388,5.14018,2462.47
3.05445,4.49791,1456.27
6.2142,4.3079,1237.58
3.30111,4.04076,966.419
2.86615,4.76213,1818.03
4.45572,3.69576,693.518
3.41282,5.16446,2505.29
5.18535,6.18051,5163.15
4.6736,4.07947,1005.95
4.34089,3.48619,558.926
4.91199,4.04925,977.236
3.77893,4.30975,1235.74
3.64296,4.786,1853.72
3.56568,5.06071,2312.54
3.38975,4.71555,1751.74
4.02806,4.43118,1378.2
4.69805,3.75921,737.277
3.97399,2.87977,283.003
4.57045,3.46751,549.839
5.05246,4.82432,1918.37
3.55773,2.83293,267.448
2.18561,4.62803,1626.13
4.83625,4.83444,1932.1
4.03785,4.69643,1724.38
4.10483,3.08172,359.504
4.59376,4.79013,1862.7
4.32519,2.74255,241.45
