3
5.0252,5.23672,2393.14
4.9182,4.91837,1853.4
5.02342,2.40618,177.678
4.3396,3.82503,688.54
2.10305,4.40079,1142.13
2.98732,3.65853,557.356
4.14502,3.50362,494.801
5.97639,2.088,177.423
4.83415,3.11747,350.905
4.23292,5.25792,2405.37
4.31729,2.89659,264.271
2.71599,4.38379,1131.03
3.53191,4.36807,1125.22
3.93787,3.52422,499.388
3.01293,5.2568,2381.83
2.99725,4.53687,1300.9
3.63155,4.69493,1503.2
2.70979,5.0704,2048.21
4.80427,1.94427,110.001
3.63122,4.04091,829.575
3.20564,4.53156,1297.03
4.28369,4.42829,1205.44
4.03972,3.33346,412.452
4.93425,5.23299,2381.52
4.01107,4.81448,1672.43
4.06464,2.70253,204.929
4.39172,4.52938,1320.07
4.23144,3.82666,685.84
3.81693,5.26876,2418.56
5.21438,3.40125,477.792
4.31181,2.90922,265.299
4.25269,3.92924,758.134
2.50338,2.92297,239.734
3.81905,3.57154,520.902
3.22286,6.05408,4321.04
5.35345,3.9597,816.999
4.70287,5.68267,3338.48
3.57977,5.03637,2002.36
3.24642,5.39058,2649.14
3.79635,2.35952,135.168
1.69312,3.98164,764.057
5.24515,4.0824,910.221
5.67145,2.80702,289.472
4.2444,2.52984,173.664
3.63771,3.81347,664.232
5.74179,3.25511,439.045
3.97237,2.6577,194.297
4.99526,3.3955,468.667
3.72001,2.94126,263.202
4.0998,5.03748,2015.12
4.67342,4.02025,839.382
4.72924,6.17404,4732.87
2.79985,2.03801,79.529
3.75775,4.05,840.854
3.57762,4.80064,1646.54
3.61486,4.09115,870.72
3.16421,3.57563,514.263
2.78429,3.7726,625.965
3.8681,3.45348,463.183
5.91633,3.69029,664.326
4.50125,3.93369,767.998
3.92179,3.4117,444.144
2.90322,3.99416,782.747
3.94924,4.92599,1836.99
3.00347,3.78224,633.191
4.36277,4.24053,1019.03
4.06628,6.19193,4772.62
4.22303,4.6036,1402.21
4.04096,3.43809,459.23
4.90921,3.41203,471.785
4.80072,3.35056,441.579
4.08726,5.29206,2467.26
3.71196,4.79636,1642.21
2.10479,2.37557,115.848
3.90727,2.83804,237.795
3.44842,4.6609,1458.74
3.12724,4.29705,1046.06
4.08333,3.52286,503.223
5.49468,6.39257,5515.64
3.87412,3.16315,339.222
4.76882,3.55303,538.15
5.03331,2.95728,302.235
5.40475,4.32776,1139.61
4.25072,1.82459,85.1548
3.67048,4.76173,1593.45
5.32857,3.03697,341.09
2.43972,4.49126,1242.57
3.50303,1.68374,56.9545
2.92216,3.54303,493.164
3.6786,4.47227,1237.46
4.78122,3.31487,422.653
3.20387,4.86169,1725.76
3.88725,5.37863,2633.45
1.49535,3.65937,546.117
4.10735,4.08732,877.261
1.43786,3.77526,617.721
2.03216,5.25383,2366.29
5.31598,4.05694,893.506
4.06217,4.95663,1887.59
2.84024,2.5187,147.297
4.10828,5.12334,2160.21
4.54648,5.63257,3211.7
3.19012,3.16479,327.262
3.13257,4.77773,1606.82
4.09597,3.37337,430.76
2.54283,3.46419,448.501
2.74366,5.71407,3375.91
2.89976,5.90285,3876.6
3.19332,2.94475,253.029
3.05633,2.92736,247.036
5.70827,3.06623,367.376
4.9522,4.88803,1807.67
4.28325,3.70213,607.534
3.96345,3.25029,376.241
3.94041,3.75015,629.028
3.5023,2.81683,223.779
2.9053,4.22812,979.993
4.77527,2.81221,253.107
1.28999,3.21008,330.676
3.39545,2.69044,190.092
5.12104,2.80168,264.586
5.06617,3.46251,503.628
2.89456,2.11413,87.5865
3.81396,3.27052,380.253
1.71676,3.29073,363.293
3.89241,4.84547,1716.96
3.16036,5.1974,2274.32
3.68338,3.74546,619.5
3.53653,3.84638,684.681
4.90685,2.73609,239.144
2.86111,2.93952,247.118
4.07399,2.25535,126.29
3.85542,4.45632,1226.29
4.63197,5.27254,2445.98
2.25638,5.48777,2843.33
4.11172,3.72911,619.316
3.71913,3.85766,695.454
4.00711,2.74856,218.058
4.82805,3.69122,618.646
4.09795,5.02235,1991.77
1.78791,4.47156,1217.38
5.09393,4.19774,1004.69
4.84199,3.57532,551.947
3.58901,3.40245,433.848
4.713,3.83987,710.423
3.42872,3.958,764.357
3.11207,4.3078,1057.54
3.73946,2.34446,131.777
3.04203,4.82633,1674.64
3.63784,3.13424,324.033
4.18927,4.17728,955.515
3.65086,3.94268,753.798
4.9514,4.79655,1676
2.60785,4.97325,1890.22
1.32633,4.58351,1344.96
2.07606,3.03743,272.761
4.60213,4.24224,1026.42
3.87469,4.67729,1485.95
4.09458,4.51802,1300.61
3.97251,4.04877,845.337
3.57814,3.57308,518.441
4.89735,4.7941,1669.6
3.36742,3.69056,581.834
5.60235,4.37001,1190.9
4.19038,4.41788,1191.71
3.27621,3.7056,589.53
3.96329,4.40671,1174.39
4.89268,3.61242,573.043
3.39764,2.06162,89.3337
3.7875,3.78687,648.001
3.75562,5.17662,2246.68
4.28707,4.14656,932.745
4.55101,3.12551,342.257
3.48594,3.14939,326.522
3.54982,4.54497,1317.52
1.86247,3.95522,742.856
5.51184,3.86816,757.794
3.78212,3.35112,413.44
3.93989,4.30741,1071.5
4.4953,3.60561,558.441
4.19327,4.29212,1064.13
5.57893,4.37684,1197.32
4.98602,3.35988,452.15
3.96316,3.61654,551.523
1.68452,3.13078,301.458
2.94266,4.12102,885.317
4.3198,7.55364,11272.3
4.2953,4.75068,1592.72
5.22945,3.66094,613.885
4.17872,5.18247,2267.28
3.62951,6.18142,4727.72
3.27661,3.69283,581.627
4.24539,2.46338,162.43
3.78861,2.30355,127.034
2.75726,6.50837,5882.75
5.03959,3.98152,820.915
3.18313,3.01494,276.584
4.68531,3.5706,545.423
3.53429,5.44644,2768.62
7.02141,4.3424,1250.5
4.08556,3.94719,766.725
3.21605,4.03719,819.247
2.72056,2.78098,201.925
4.61617,4.37653,1160.54
3.59523,3.0856,305.52
4.35779,4.39087,1167.43
5.06376,3.17681,379.508
3.57521,4.85014,1716.43
2.93283,2.60865,166.616
3.65897,7.4015,10296.3
5.36927,4.16609,988.32
3.39398,5.03322,1994.92
2.60429,5.16753,2213.21
5.71034,5.63042,3253.75
3.66207,2.89623,246.699
4.67783,5.64446,3245.86
4.2361,2.24573,128.861
3.18413,4.60979,1389.89
4.88635,5.15772,2243.94
3.57928,4.8403,1701.92
4.16826,3.17458,350.011
3.42665,5.21482,2308.38
2.07253,5.16922,2214.6
3.33974,4.70837,1517.05
5.15278,4.85548,1769.33
3.90747,5.28387,2448.98
4.11326,3.04423,303.087
5.30286,3.69203,637.167
4.65161,3.46402,488.493
3.65271,4.21834,981.017
3.73041,4.11126,889.344
4.18526,4.37684,1148.65
6.26877,4.35128,1205.41
4.50039,4.63868,1455.54
2.563,3.18351,329.197
3.56514,4.87421,1751.58
5.23838,4.62272,1460.59
3.61359,3.97721,779.204
3.13795,4.49623,1256.3
6.06399,2.17582,193.324
4.73035,2.69657,222.613
3.80163,4.18243,950.037
1.45315,5.29814,2448.81
3.08452,2.95654,255.263
3.02307,4.67655,1471.25
3.9563,2.79987,227.86
5.06884,1.32416,82.5809
5.44337,3.43401,504.134
5.01417,4.70004,1549.13
6.79235,2.42939,275.414
5.70297,5.63149,3256.68
2.45152,5.20551,2280.69
3.37616,4.15841,923.461
4.73364,4.12556,928.577
4.60081,5.57225,3073.05
3.99295,3.50472,491.141
3.43557,2.36507,127.249
3.55807,3.5959,530.909
6.11464,3.6967,681.071
2.98529,4.33498,1081.9
3.25949,5.15485,2200.47
4.13412,3.17177,349.437
4.23737,4.31913,1091.78
3.39837,5.26304,2398.75
4.09624,3.02175,295.784
3.57125,3.25504,369.089
4.12885,4.81238,1675.08
3.61096,5.42019,2714.35
3.00066,3.98234,771.63
5.10048,4.87527,1794.42
3.34528,2.74336,201.379
4.90033,2.38376,169.832
3.16314,4.90085,1785.98
2.19892,3.42787,428.426
4.82211,4.89757,1816.8
5.93297,5.14485,2266.39
4.93969,4.92451,1863
3.3392,5.39243,2653.76
3.4784,3.04746,289.317
4.13996,2.97905,283.746
4.60021,2.68186,214.361
2.55126,4.28165,1027.9
4.24074,3.6288,565.301
4.70056,3.21857,382.633
2.85417,4.24399,993.165
4.00523,3.65722,573.507
3.99339,4.27467,1040.71
4.45133,3.88452,731.373
4.70673,2.51057,183.983
5.75319,4.02343,885.089
4.87155,3.0976,342.841
4.81138,3.73015,641.384
3.90085,3.98702,795.373
4.69639,3.41544,466.047
3.9891,4.24135,1011.33
3.32127,4.33809,1091.72
5.30897,5.061,2091.69
1.89053,5.06206,2026.83
2.21529,3.85438,675.272
4.12186,5.16621,2235.03
2.13039,5.1379,2158.34
3.79911,4.68671,1497.01
6.40011,3.41108,544.336
3.05151,4.0563,831.888
3.5847,3.2823,380.542
3.24433,5.5336,2953.16
5.05807,4.68545,1533.11
5.62749,3.59064,591.926
3.08511,5.36948,2603.57
2.92237,3.269,363.932
3.6297,4.34117,1099.04
3.24989,3.50055,475.856
1.88227,4.39167,1132
3.66876,2.80184,223.283
4.17677,5.17157,2246.3
4.779,4.33315,1120.38
4.64558,2.45364,172.107
1.32233,4.24474,986.367
5.50319,5.52268,2995.06
4.46847,3.33634,424.013
4.29701,3.79938,670.512
3.87398,5.01448,1973.81
5.4131,4.88813,1827.87
3.8976,3.49546,483.635
4.78583,4.0044,830.921
4.30806,4.17084,954.367
2.99887,4.26321,1013.97
4.61897,4.50208,1296.25
4.69777,4.1167,918.781
5.10004,4.73217,1594.2
2.58585,3.23291,347.27
2.44165,3.16405,321.974
2.90049,3.66333,559.317
3.59132,4.8072,1654.96
3.04971,3.55365,498.59
6.18255,5.32896,2623.86
3.80575,2.67554,193.945
5.01608,3.90092,762.353
4.94469,4.02309,849.881
2.89099,4.99396,1924.7
3.24131,4.11424,882.631
4.5729,5.13461,2192.61
4.37054,4.87197,1767.76
2.98734,4.43124,1180.41
4.59198,4.53389,1331.85
4.28732,3.50408,499.428
3.8926,3.37495,425.963
4.77569,2.94707,291.569
3.81727,5.57236,3051.75
5.00875,4.96148,1921.74
4.07444,3.09616,318.217
4.75152,2.71166,229.497
3.66576,3.74672,622.107
2.42958,3.25867,357.091
3.74778,5.36615,2608.22
3.55009,4.28182,1039.19
3.42356,4.26247,1019.35
2.50464,3.56576,499.69
4.14689,4.68066,1496.75
3.58047,4.66868,1469.1
1.59056,5.14411,2165.58
4.67354,2.51874,184.693
2.93374,5.5132,2906.28
3.79442,3.64354,562.054
1.3758,3.69053,565.598
3.6345,2.71992,201.902
4.38712,5.34653,2583.03
3.77928,4.35859,1118.78
5.28855,4.66209,1511.39
5.91479,5.04579,2097.79
4.63186,5.25178,2406.84
4.21781,4.42179,1195.39
4.03218,4.77604,1621.73
2.14327,3.67813,560.139
3.92955,3.1397,332.141
2.96138,4.75215,1571.9
3.66197,3.25827,373.246
4.14238,3.62567,559.638
2.99468,3.09171,299.346
0.566019,4.24688,984.511
4.30219,2.91735,269.777
2.60911,4.25063,996.677
3.90822,5.25329,2388.54
3.28649,4.46706,1227.41
3.73507,3.98208,785.978
4.03362,2.93656,265.734
1.97042,5.02404,1963.55
2.74484,3.38076,410.202
3.49031,4.32137,1077.56
3.5985,3.38697,426.79
2.34453,4.61421,1386.68
2.87896,4.50663,1264.62
5.52107,3.09419,368.944
5.84171,3.64034,631.585
4.1222,4.56592,1354.95
4.16243,4.20029,976.593
3.22197,4.88313,1758.17
2.46895,2.13447,84.9738
4.57726,4.83489,1719.51
3.67272,5.95311,4030.8
5.63426,2.96816,331.175
4.52577,4.43369,1217.01
3.30671,5.52893,2945.92
4.04722,4.40778,1175.21
3.39627,4.20605,963.61
3.2912,4.4138,1167.13
4.85182,2.62997,212.641
5.53502,5.0799,2137
4.32788,2.6615,203.422
3.79075,2.69982,199.808
3.42155,2.44327,143.974
4.63933,3.11432,341.347
3.12007,4.12608,892.583
3.95736,5.61552,3157.23
0.10884,3.97325,755.258
4.22735,3.91977,750.087
4.46221,5.01961,1995.38
2.16389,4.06155,828.2
4.59546,4.64653,1465.5
4.32489,3.13814,341.561
3.51643,4.38406,1139.49
3.49043,4.92645,1828.57
3.20873,2.65348,178.854
3.57526,4.01567,809.663
3.84825,3.31172,396.989
4.21944,4.21865,995.976
5.354,3.39355,481.489
4.57381,4.50389,1296.73
5.04542,2.18004,144.661
3.58161,3.91951,734.873
4.07844,3.9827,794.174
3.51374,3.64904,559.737
3.79156,2.60416,179.022
5.80607,3.14451,401.502
5.12817,5.23595,2394.11
3.28482,4.60211,1380.53
3.80821,3.54399,509.167
4.55876,5.61904,3180.78
4.86482,4.30189,1092.54
2.56545,4.66124,1446.48
2.36564,5.75785,3484.36
3.3112,4.02355,810.425
5.48104,6.08199,4469.75
3.98636,4.72541,1550.92
4.70313,4.90664,1827.82
2.27505,3.52564,478.375
4.48948,3.43276,467.902
2.4768,4.6322,1409.07
4.98735,5.14548,2225.32
3.22949,3.69164,580.804
2.02204,4.61059,1380.49
2.88024,4.7798,1604.89
4.47201,4.08142,882.721
3.75315,4.98503,1923.04
4.56621,6.09628,4481.66
3.83216,4.96731,1896.71
4.74933,2.72611,231.646
3.06506,3.41244,429.47
3.983,4.46984,1242.36
6.19807,4.19617,1056.59
3.63113,4.72118,1538.06
4.50485,2.94312,282.117
3.48347,3.66097,564.752
5.40863,4.19185,1011.87
3.59989,2.49061,153.813
2.78364,4.05007,825.107
4.90299,3.30605,427.722
3.31634,4.78713,1621.84
4.40277,4.09839,892.79
3.45771,2.71367,196.9
2.88928,3.15071,318.093
4.38738,5.0198,1994.49
2.25632,2.48631,136.655
4.23897,3.27214,389.924
6.25049,4.90681,1897.84
1.92876,3.78097,625.566
3.36741,3.59256,527.023
4.27146,4.37074,1144.17
3.71576,3.07374,303.568
4.35569,3.35863,433.017
3.24714,4.59915,1378.04
3.87837,1.77779,70.4031
4.22867,4.15658,940.112
4.26353,3.85026,703.942
3.38695,5.52276,2932.83
4.77385,4.87294,1777.73
3.39353,4.95338,1867.34
2.70338,2.13161,87.2229
2.37229,3.68309,563.859
4.14617,4.77357,1621.36
3.58931,5.98038,4108.01
4.27756,6.51209,5925.81
4.97138,4.04373,866.147
5.64478,2.91009,317.866
3.02688,4.68369,1481.19
4.80811,4.28101,1070.09
5.23934,2.98667,322.559
5.29421,4.22891,1041.67
3.84388,4.61154,1403.95
4.26987,3.92577,755.035
4.79697,4.47844,1274.89
2.92104,3.8611,686.342
4.20145,4.5079,1288.72
1.55006,3.47699,450.746
3.31511,5.55501,3003.48
3.82367,5.5183,2928.74
4.09447,1.87338,83.7796
3.45875,2.53726,159.733
4.13863,2.1444,113.981
3.39011,3.94745,753.451
3.22395,2.64286,176.52
4.30467,4.21008,990.39
4.01219,5.31971,2521.86
4.7264,4.45745,1249.38
1.91111,3.76969,615.527
3.67448,3.37287,420.625
5.11763,3.77035,678.262
3.83614,4.48941,1259.94
2.56098,3.48423,458.124
4.33078,3.34638,425.133
4.72055,3.30758,417.844
3.36934,5.74412,3459.31
2.31719,4.23556,979.251
3.44992,4.23075,988.261
2.71115,5.22463,2318.86
4.91768,4.93381,1877.31
2.38037,4.78797,1612.76
3.17932,3.94932,751.127
4.4055,5.19411,2293.82
4.73949,4.35129,1137.24
5.64631,5.97436,4153.93
5.00383,4.39597,1193.71
5.05483,3.78489,683.845
4.28771,4.13367,920.805
4.49338,4.16352,952.889
3.42848,5.00098,1941.61
2.86214,4.63786,1420.49
3.26194,4.26604,1020.25
2.42003,1.98398,68.4536
3.42612,3.26456,372.002
3.74989,4.40684,1167.8
5.08224,4.66897,1512.62
3.46957,3.07132,299.37
2.46907,3.16813,321.496
3.60451,5.39738,2668.84
3.58191,4.76348,1593.62
3.95862,3.45362,464.292
4.74023,3.03206,317.978
4.28726,2.14617,116.191
5.51809,5.23467,2408.3
2.22707,2.54488,145.716
5.67243,3.30457,456.674
5.87534,3.31445,471.978
3.84634,2.54503,167.765
3.5553,4.1382,907.478
2.91959,5.83475,3689.48
4.34036,3.29463,402.373
3.27382,4.08986,863.493
2.44233,5.26688,2394.76
4.54459,3.29997,409.173
3.24859,4.22733,982.368
3.91661,4.13281,910.281
2.30398,3.6048,521.377
4.14032,4.66523,1478.76
5.8752,3.40443,511.9
4.03953,3.55727,518.516
5.54737,3.11077,376.865
5.58451,4.42424,1247.11
2.28623,3.97334,761.621
4.04646,4.11573,899.793
4.54241,3.61904,565.864
2.86094,3.35026,397.714
3.01578,4.71905,1527.2
3.43399,4.35585,1109.96
3.23473,1.77352,59.4143
3.58609,4.60128,1384.87
4.88912,3.14347,358.891
3.81189,2.59814,179.323
3.93843,4.36065,1122.67
5.92,3.20548,428.829
4.58669,3.53066,522.293
4.63401,4.73297,1578.87
2.23106,4.27833,1021.17
4.34342,3.59961,549.442
4.81885,5.72991,3460.35
3.80043,5.83532,3707.05
3.50026,4.73945,1561.36
3.41865,3.43929,446.625
4.76824,4.20846,1002.56
2.56142,3.3845,411.271
3.82733,3.47431,471.104
4.81529,2.8001,253.353
3.82778,3.7869,650.111
4.2315,3.93147,759.343
3.93809,5.4999,2893.13
2.87208,5.04138,2000.09
5.97868,2.79756,301.103
3.8486,3.92624,747.052
4.4297,2.66207,206.996
2.36113,4.14692,902.208
4.44612,4.75242,1601.4
4.19313,3.36107,427.604
3.88358,4.91243,1814.85
5.4872,4.39189,1208.98
3.43242,2.55255,160.884
4.07806,3.56319,524.709
3.39413,3.00017,273.154
2.99884,3.7164,593.704
4.46647,2.80803,240.668
3.60144,4.35227,1110.38
6.03612,2.69092,281.772
5.85976,2.99569,352.229
3.00952,4.66336,1454.61
3.76936,5.4711,2827.49
4.96379,3.91184,768.638
1.95876,5.21059,2286.39
3.74004,3.31588,397.886
4.02046,3.7001,601.814
2.74988,5.202,2277.44
3.75434,2.16887,107.784
5.83635,3.09172,380.801
4.85635,5.50576,2933.61
3.76831,4.58015,1366.64
4.3615,5.37993,2650.27
3.52651,3.81464,661.552
5.54433,5.16775,2288.19
4.64556,4.28155,1066.73
3.94499,5.52351,2946.43
5.06671,3.87274,742.809
5.27314,4.55802,1383.54
5.19676,4.27256,1077.81
4.67228,4.18461,977.169
2.86254,4.02084,801.577
6.36826,4.32312,1186.37
3.50778,5.44493,2765.45
5.23492,3.38968,475.622
3.87938,2.99291,280.317
4.49683,2.67324,211.899
4.69105,5.67553,3321.85
6.08271,1.07995,123.549
3.06124,3.53105,488.015
6.20394,6.32919,5325.43
5.88888,4.1513,999.201
2.86041,3.38296,414.976
2.99808,3.31191,383.983
2.95413,3.37264,408.893
4.34625,5.0383,2024.44
4.13728,2.49866,166.3
4.50686,4.28557,1066
5.79202,3.82295,743.968
4.62322,5.05651,2060.3
4.63955,4.59124,1398.55
3.45407,5.93218,3967.54
4.65151,3.10264,337.238
3.7578,5.93551,3979.3
3.25819,5.13644,2167.41
4.42849,3.11008,333.976
5.02747,3.93513,788.047
2.25312,4.01167,787.355
5.39384,4.44711,1263.63
4.54386,3.2624,396.143
4.71935,3.31146,420.837
4.30244,5.1024,2129.22
3.02793,3.69481,579.685
3.84199,4.33783,1100.61
4.63356,4.46724,1255.65
3.88908,3.40042,438.974
2.63841,4.6743,1464.12
3.83657,4.33545,1095.6
2.73661,4.13892,897.388
3.0974,4.28614,1036.25
3.99264,5.0165,1978.35
3.80157,5.21153,2313.13
2.65177,3.86673,686.236
4.92003,3.56835,550.402
3.55176,3.71919,602.261
1.43393,4.02876,800.134
2.89348,4.17874,933.828
3.65482,4.90933,1805.48
4.77478,3.7964,683.564
5.36535,5.24073,2414.34
4.10732,2.86037,248.411
4.27069,3.91612,749.362
4.40079,2.37536,151.864
2.95505,2.87321,229.539
4.06739,4.10765,894.566
1.49273,4.33955,1076.16
3.94095,3.45316,465.117
3.24703,3.24473,357.437
3.66404,3.66036,569.181
3.81198,4.06661,854.999
3.42879,3.92953,739.999
2.14475,4.43529,1180
3.25576,5.38251,2630.58
3.93782,4.43807,1205.15
3.44929,3.17603,334.672
5.07253,4.41255,1211.84
4.12632,4.47674,1251.27
4.30572,3.15663,346.554
3.03544,3.32294,388.457
2.9681,4.04869,826.788
3.97304,3.55141,514.126
5.16102,2.41085,183.616
5.65758,3.89834,787.272
3.4965,3.66073,568.923
3.84355,4.39387,1157.85
3.25732,4.84628,1706.68
4.73862,4.02664,847.051
5.04094,3.35713,452.394
5.34886,2.83803,283.06
3.55559,3.95193,760.478
4.11705,2.97031,279.479
4.13841,4.63203,1432.28
4.37519,4.40921,1187.46
4.28531,4.00481,815.876
5.66518,3.96657,838.295
3.70032,4.95803,1881.98
4.77437,2.89532,275.38
3.25037,4.58783,1363.23
2.86145,3.91988,728.172
3.38598,6.32416,5208.7
4.96454,2.81505,260.542
3.75305,2.6022,178.618
3.7539,4.35111,1111.69
4.39863,3.43531,465.773
3.99198,4.46963,1242.37
4.90228,4.39283,1185.88
2.64968,4.44374,1192.57
2.90376,3.57324,508.056
2.48584,2.88487,228.894
3.70932,4.87813,1759.58
2.94502,1.81805,57.5427
5.82042,3.87916,780.692
5.05515,4.75505,1623.61
5.2874,4.17969,995.075
4.60065,4.52949,1326.29
5.37164,3.91067,782.785
5.50596,4.69679,1564.7
3.95631,3.2714,382.023
4.5574,3.52473,515.74
3.32572,3.91945,731.895
3.85322,4.61655,1409.75
2.25078,4.51705,1270.83
4.54704,3.52394,516.057
3.14669,2.22384,102.494
5.46817,4.69496,1560.55
4.36967,3.3821,442.133
4.87591,3.52994,528.978
4.72725,3.19917,373.837
4.2782,3.51613,504.392
4.5469,4.42589,1209.68
4.34478,4.29417,1070.17
4.29262,4.41613,1190.13
6.02678,2.59532,257.941
3.91534,3.61999,550.992
4.80497,5.0261,2019.13
2.36625,3.0261,270.051
4.13541,4.46729,1242.55
3.02906,3.42887,437.587
3.57909,4.39352,1151.68
4.96391,3.69879,626.974
4.32472,2.8312,244.43
4.1739,3.24977,381.389
4.99192,4.25054,1048.17
2.4577,4.22046,969.166
4.51589,3.96517,791.808
3.27109,3.64909,554.463
3.58808,5.46161,2803.25
3.6526,5.84855,3738.87
3.4475,4.1958,958.16
3.14665,4.44945,1203.22
3.80942,4.30701,1069.64
4.6446,3.91827,761.693
3.95725,3.77894,651.306
4.18239,6.27269,5046.03
5.58374,3.97735,843.242
4.23667,1.79701,82.6169
5.90107,3.67978,657.882
5.3377,3.09433,358.714
3.18084,2.83453,222.914
4.94473,3.90577,763.07
4.1252,3.64791,572.128
3.10075,5.88549,3831.19
2.79792,3.20898,340.432
4.90954,3.04788,327.539
5.01413,5.75754,3537.27
4.12133,3.2078,362.236
3.02558,3.68566,573.601
3.42678,2.85178,229.714
2.40857,3.88009,693.918
4.30155,4.08904,882.52
2.44452,2.5052,140.575
4.50211,4.4462,1230
3.1493,4.7114,1519.14
2.91992,3.38152,413.942
4.50827,3.59509,552.696
5.48846,5.00688,2013.56
2.34347,4.4101,1153.57
3.51428,2.64045,180.633
4.86171,3.69357,621.207
6.02248,4.38905,1232.79
2.86158,3.9426,743.083
3.38416,3.79437,648.645
4.00439,4.57657,1365.99
4.09472,3.87133,712.074
3.62524,4.26296,1024.13
4.98327,4.11708,930.156
5.16849,4.39087,1193.15
3.44093,4.55032,1323.09
2.2288,2.41661,121.812
2.55669,4.49449,1248.4
3.74571,4.20739,973.122
4.43103,5.97871,4121.39
3.73387,4.22036,984.75
4.85513,3.49559,509.947
3.4802,3.87785,705.981
5.40979,3.73275,667.443
3.79954,3.81566,668.919
3.46707,5.22124,2322.02
3.5682,2.55287,164.338
4.15027,4.91872,1830.64
4.00537,1.91089,84.7402
4.08129,3.24873,376.39
3.11167,5.75265,3477.35
3.44294,4.51257,1279.73
3.75189,3.55081,510.255
3.72584,3.46118,462.659
4.98689,0.5245,66.4171
3.09002,3.28394,371.928
3.56375,4.42624,1187.09
3.58144,4.42524,1185.04
4.96573,2.85741,272.713
4.41448,3.63208,571.032
3.64634,4.60014,1385.36
3.01804,4.68422,1482.9
2.6334,4.52913,1286.54
2.98848,2.90633,241.206
5.42499,3.92425,796.285
1.98712,3.40415,417.379
4.3207,4.61993,1425.48
4.55982,5.611,3160.25
5.48165,5.98921,4191.22
5.43312,4.1671,989.208
3.67898,3.63629,553.924
4.82638,5.82533,3707.84
4.26254,4.36873,1141.04
4.48569,5.41882,2735.11
2.81279,5.08992,2081.24
2.82779,3.30509,379.538
4.8192,4.28788,1077.65
2.6378,3.14313,313.286
1.1732,3.41456,417.437
6.09287,3.9523,850.026
3.36787,5.01565,1965.87
1.87522,6.12025,4512.82
3.25535,2.9183,248.755
4.63923,4.57288,1378.33
3.79619,3.31282,398.672
5.36677,3.65138,615.404
3.76527,3.38408,428.159
3.56723,4.00301,797.599
3.01558,3.88639,704.094
1.72993,4.02428,797.064
4.64736,3.93852,777.157
6.01303,5.05292,2114.61
2.37081,4.21379,960.173
4.61613,1.60343,79.7499
3.82525,2.76006,214.767
4.44976,3.64579,580.25
5.68485,3.67696,646.054
3.80037,4.46048,1227.07
2.35986,3.89193,701.102
3.60961,4.82669,1682.56
3.03828,4.35691,1103.68
3.92247,3.18049,347.719
3.90645,5.56575,3040.22
2.905,4.349,1095.82
4.80751,4.10121,908.417
7.19651,5.54268,3145.31
2.8341,4.73808,1550.59
2.99725,5.23941,2349.89
3.61583,3.72298,606.468
4.95746,5.02125,2015.63
4.2581,5.34227,2571.71
5.49702,5.0989,2165.76
2.0247,4.58061,1343.94
3.74338,3.63241,554.152
3.78463,5.11656,2142.8
3.25143,4.76576,1592.32
5.19035,3.72901,654.176
4.52812,3.6481,583.658
4.26469,4.09804,889.037
3.98549,3.64501,567.786
1.98078,3.73266,594.246
3.93892,3.9849,793.042
3.85091,3.83154,682.275
4.72895,4.53558,1336.9
2.53161,3.21005,337.399
4.21807,4.79256,1649.01
4.15363,4.14919,931.857
5.81773,4.25558,1090.31
3.14002,2.0765,87.0767
2.6928,4.43592,1184.31
3.20464,2.61369,171.677
4.92454,4.29907,1090.97
5.18871,2.52569,206.472
4.4197,5.22746,2356.96
2.64264,5.47496,2819.56
2.09333,5.31457,2483.22
5.33864,2.5089,208.466
4.70492,3.97806,808.524
4.3378,4.89709,1802.22
3.70793,5.18767,2266.18
3.85476,3.60415,540.609
4.34973,2.65601,202.515
3.55276,3.91832,735.056
5.09169,5.31617,2547.38
5.05691,4.95925,1920.13
4.84346,2.69827,229.68
3.72175,6.36617,5366.97
3.61313,1.97242,84.6228
3.73548,2.67507,192.178
4.91262,5.00564,1987.31
4.39009,2.51107,174.017
4.08921,3.67432,585.789
2.80134,4.09113,858.314
2.77602,4.76334,1584.33
3.24273,4.33996,1090.87
5.21076,2.85098,278.276
3.66241,4.70433,1518.8
2.96733,4.07521,847.487
3.86055,1.56715,58.3023
3.77179,4.32481,1086.69
5.71382,2.58944,241.938
4.13008,2.18005,115.73
3.77713,2.78771,221.199
4.21155,4.19323,971.995
3.4614,3.46485,460.475
4.34315,4.18238,963.019
2.63712,3.02657,272.904
4.73165,4.46865,1264.93
2.6618,2.80393,208.168
2.60494,3.7523,612.274
2.31591,4.38444,1127.12
4.89345,3.86927,735.042
3.22357,2.42538,133.607
5.02653,4.31654,1112.68
2.83693,2.7006,183.677
3.8451,5.56604,3039.52
3.79376,4.30296,1063.81
3.8932,3.05223,300.219
3.73994,4.11453,891.893
5.31012,3.30047,438.336
4.05846,4.5457,1328.64
4.47444,3.81854,689.64
5.29669,4.90479,1850
3.9953,3.97372,786.866
3.12766,5.124,2144.51
2.03478,3.49831,462.254
4.2991,3.85126,705.391
4.73819,3.95497,791.429
3.32743,5.07497,2063.22
5.25204,5.84656,3781.1
3.85474,5.32609,2529.89
4.33529,5.25949,2411.64
3.34526,3.29194,380.957
4.91427,3.83068,710.504
4.30863,3.08583,321.548
2.65609,3.50691,470.512
2.97297,2.77636,205.075
4.18205,3.7343,626.753
3.93516,3.81145,667.855
5.16634,4.45572,1263.6
5.80288,3.87051,774.745
2.27637,3.65976,551.272
3.13308,5.38765,2639.84
1.54132,2.99445,256.143
5.49699,4.00675,860.644
5.049,4.27805,1076.57
3.68997,2.65445,188.446
3.75844,3.06965,305.279
4.33829,4.63713,1446.85
4.12632,2.89457,257.796
2.39835,4.54191,1299.32
4.44371,3.56326,533.638
4.10418,5.40357,2691.43
5.49658,3.84568,742.834
4.04532,5.06112,2054.62
5.0255,1.75876,104.171
3.0533,2.66777,179.185
4.74974,4.31542,1102.22
4.34004,2.78794,234.476
3.80562,2.68956,198.483
4.9922,4.65432,1488.67
3.52516,3.88268,709.349
5.44694,5.3955,2720.26
4.92582,4.72082,1572.38
3.11347,3.23752,355.781
4.3882,4.21685,998.52
4.36091,3.07591,320.417
