3
3.2997,3.6726,19.1213
3.22,4.77785,19.6539
3.96611,3.06729,22.0439
3.36717,4.38808,21.3137
4.32937,2.67378,25.1829
4.64639,3.51145,28.1961
5.42834,3.63171,34.5078
3.10797,3.53461,17.5765
3.65026,4.88413,22.4089
3.40851,2.84479,17.2832
3.15657,3.72833,18.8383
3.42338,3.48754,19.2438
3.97427,4.17253,23.7108
4.51754,4.69041,28.6716
4.28588,2.74373,24.1219
3.83791,3.92057,23.6059
2.57539,4.1794,14.96
3.75658,3.60847,20.4309
3.42626,3.47349,18.9862
5.88133,4.09603,42.5911
3.57113,4.20256,20.6217
3.92623,4.77878,25.5851
5.66231,3.88968,38.8444
3.42415,3.95327,19.1926
3.38287,4.19751,19.5186
4.36354,6.15287,30.437
4.65834,4.46039,30.9457
3.16279,2.0586,16.0599
5.68553,3.46825,37.3175
3.98491,2.83075,21.4772
4.3116,4.79462,27.4201
3.03405,3.68048,14.92
4.10615,2.65407,20.8539
2.76812,4.15454,17.3984
4.37754,1.8638,24.9426
4.70671,4.70556,30.7798
4.11684,2.61765,20.8706
2.44694,5.25746,17.5742
3.30108,1.97685,16.1328
3.40324,2.34717,17.1413
4.23735,3.61446,24.1907
4.20734,3.59498,23.7161
3.98257,3.92192,23.5108
4.99286,2.63028,30.498
4.16536,4.88024,26.2779
4.26754,3.48648,26.3362
5.13493,4.05264,33.8285
5.2927,3.86948,34.4074
5.13072,4.09243,32.6924
4.20309,4.48305,27.2014
3.45168,3.19817,18.5042
4.18772,3.82157,26.0551
4.708,4.14912,30.3298
4.54415,3.27713,26.9734
3.59424,2.55097,20.9141
4.50259,4.36328,27.0606
4.3705,4.61962,27.2528
6.10198,4.10403,42.721
4.94975,4.13284,30.685
4.74171,3.11602,30.4545
3.90907,3.10356,21.0899
3.05382,3.31127,17.0369
3.44622,5.67821,23.9426
5.65779,4.91006,39.4935
5.93504,5.06793,43.7908
5.66803,3.96823,38.0624
2.68651,5.73442,19.8441
3.70041,6.01913,24.7498
4.46128,5.40277,29.9532
6.18146,4.40365,44.5905
4.82386,5.24814,32.3519
4.37283,5.07465,27.1696
4.36607,5.44332,29.3072
3.67421,2.50955,19.3645
3.36278,3.49392,20.1347
4.21104,4.31251,26.2388
4.06918,4.16934,24.6396
4.99111,4.54561,32.8809
4.94907,2.81389,29.7709
3.71065,4.08909,20.4724
4.94305,4.33773,32.3741
3.62969,4.39051,21.6973
2.48013,3.98293,15.8496
3.92059,4.24296,23.2291
1.969,3.0973,12.4543
3.15046,3.57702,20.1551
3.64049,4.49376,22.9564
4.12278,4.75962,25.9291
4.96234,3.93273,32.9283
4.36136,6.3867,30.0724
4.84636,2.20048,28.521
3.34685,2.14086,17.3651
4.30676,1.91912,23.0363
5.4622,4.94643,38.5079
4.69573,5.9373,32.8961
3.03907,4.12936,16.8092
2.49227,5.52687,16.5721
4.78378,5.16301,32.3306
6.50121,3.79515,45.2784
3.89778,3.40985,22.7324
5.50458,3.60514,35.2587
3.83411,3.93866,23.9486
2.93847,3.27315,15.8988
1.3815,3.59718,9.11077
3.01259,3.67684,15.7015
4.91103,3.31336,31.12
3.83505,2.38101,21.0976
4.59018,5.1296,29.0731
6.02505,3.48124,40.5798
4.33616,3.30203,25.1281
3.92305,3.54034,22.3499
2.33923,2.44337,12.4042
3.62893,3.10458,20.0688
2.37213,3.90467,15.8136
3.05548,4.36593,18.8635
5.51722,4.46752,36.9463
5.55569,2.88044,36.8471
3.42848,5.16165,22.5381
5.35936,5.16063,37.7746
3.95341,3.55882,22.9037
3.63764,5.25419,23.897
3.50008,4.64676,21.5967
5.4216,3.57157,35.4552
2.68144,2.63246,15.4906
4.24647,3.32277,23.6291
3.96136,4.63199,25.4063
4.6971,4.79023,30.1449
3.44714,4.35681,20.3341
4.46624,3.68746,26.3642
3.2786,4.07819,18.0093
3.04353,3.97381,16.8674
3.43876,3.64105,20.8808
4.36046,4.01426,25.4797
2.92859,2.88059,14.6486
3.72696,3.46192,20.5929
4.25692,3.09004,26.0184
5.60261,3.68456,37.2589
3.26751,3.92546,19.8261
4.15883,4.25136,25.9513
4.47118,4.06897,26.953
4.2167,3.87266,26.818
3.50847,3.01304,19.3979
3.44409,3.40881,20.0088
3.84806,4.33881,24.4965
2.84763,3.63936,16.1182
5.02111,3.68538,31.3505
4.75659,4.69418,30.8676
3.43619,2.89834,18.4355
4.24405,4.5091,27.3446
2.1299,3.81209,12.949
3.97304,4.62011,25.5483
4.15612,3.85102,25.3474
3.78976,3.43179,22.3203
3.90819,3.73532,20.7601
4.98707,3.81708,32.8706
4.47622,3.66631,26.3382
4.03157,5.71229,25.3635
4.84025,3.28636,28.6726
6.08479,2.9674,41.8189
3.23591,4.00529,18.9838
5.69626,3.66599,38.0207
5.51341,4.61541,37.5308
1.52928,5.42852,12.6172
4.70319,4.79073,31.2487
5.9523,3.63487,41.8751
4.04488,3.09104,23.2255
6.13641,4.45226,44.4793
3.673,4.62745,22.3273
5.52899,2.43028,36.1547
4.88505,5.06029,33.2563
6.1762,2.16405,40.9677
4.16289,4.26298,24.4855
5.82974,1.24281,36.8491
2.99649,5.28839,20.0975
1.61648,4.24669,10.86
3.64003,3.51313,20.409
4.60615,1.94683,25.0375
4.33836,5.51207,29.709
4.82509,4.60153,30.6544
3.07523,3.95673,17.8811
7.58786,4.36278,61.9094
3.98585,4.18109,23.8522
5.35519,5.30223,38.7331
4.51147,4.87674,30.934
3.77621,4.89144,23.9392
3.97794,3.37037,21.5991
3.99287,3.57202,21.2206
4.53189,3.35291,26.8447
3.62746,4.57364,20.5292
4.4711,3.44634,26.8624
3.95345,3.46594,22.2632
5.12017,4.53236,32.649
3.20986,5.76967,22.2278
3.14989,3.52268,16.6181
3.32222,5.03716,20.4779
4.08627,4.72139,23.9703
3.86292,3.00155,21.1694
5.79087,3.87377,39.7285
4.3008,2.93601,26.287
4.38958,2.7304,25.2708
4.79724,2.82356,28.4941
5.09822,4.29743,34.0901
3.62328,4.91799,22.838
4.23586,3.27549,26.0745
5.40642,4.1994,37.2579
4.93745,2.26265,28.0307
3.83425,3.3049,20.0709
3.74423,5.06737,24.1203
5.59283,4.86527,38.3476
2.65397,1.88084,13.5497
4.04262,3.7913,24.9625
4.12438,5.27832,27.1077
4.00554,5.32577,25.7223
3.18331,4.14653,19.4682
3.06609,4.22161,17.66
4.46993,6.00928,30.9967
4.89974,4.57404,30.8541
3.44962,3.24158,19.7109
4.80827,3.50915,28.8907
3.23927,5.41387,21.3399
2.48544,3.27465,11.856
3.34205,3.50089,18.7761
3.82266,3.36356,21.7245
3.309,3.96796,19.9577
3.93913,5.05306,25.208
4.07668,3.91213,23.8476
3.5208,2.24129,18.0915
1.98992,5.06774,15.3202
3.99392,3.95865,22.4024
3.30975,3.80878,19.3461
2.39162,4.38094,13.9715
3.81267,4.44285,23.1524
4.29486,3.84887,27.013
4.69535,3.01642,28.0272
4.13734,3.78395,24.4337
5.0374,3.06365,30.9289
1.98973,1.9073,9.60996
5.2238,2.70255,32.1366
6.0818,4.40742,41.9915
3.78235,2.85545,19.0789
6.10071,2.21174,39.6365
3.84138,4.19801,24.4571
2.60035,3.06933,12.9649
5.50221,3.50435,36.1305
4.42982,2.79251,27.3381
4.61729,5.31668,29.0606
4.42848,5.37943,28.6715
2.99315,4.36753,19.0631
4.61575,3.28085,26.1438
5.06405,4.02807,31.9499
3.90343,2.17972,19.3712
3.63613,3.76388,21.4906
4.78275,4.71915,30.657
2.496,4.42426,16.3402
2.63982,4.12751,16.7911
4.04345,2.775,22.9242
4.90884,3.79276,31.437
4.49417,5.14268,28.7078
4.53997,3.67192,27.3803
2.79394,4.01951,15.1868
3.95201,4.2018,23.7585
2.69434,3.44575,15.7097
3.50376,3.75391,18.95
4.4551,5.05773,29.1197
5.35968,4.63369,37.4964
4.01687,5.0808,24.4042
4.26516,3.59348,23.9949
1.9391,5.18694,15.6579
3.22729,5.05735,20.5376
3.51874,2.73067,17.8542
6.08288,2.76975,40.7621
3.97895,4.55101,22.8113
3.68263,5.03359,23.483
6.23249,4.49871,46.5837
3.87324,4.59233,24.0087
2.25151,3.61815,11.6402
3.88319,3.26216,20.1875
4.35348,2.69672,25.4421
2.29106,3.36021,13.5746
2.27632,3.54678,13.0359
4.7115,3.534,29.3245
5.19361,2.96746,31.7576
4.96716,4.21035,31.7786
3.10811,2.53425,16.1563
2.03429,2.3103,10.7095
3.14507,4.00528,17.1837
4.39886,3.91629,26.7057
4.28151,3.36935,25.1681
2.35473,4.14709,14.495
3.8903,6.328,28.7041
2.37038,4.62812,14.5073
2.85837,4.42082,17.6733
2.02618,3.53819,13.5385
3.5097,4.17738,20.9264
3.84083,5.42644,24.8147
2.68404,4.26852,15.8205
4.55762,4.55801,28.0695
4.04932,3.92447,24.5282
2.11471,3.31141,13.1909
3.89388,3.77418,22.2388
3.30608,4.03659,19.8519
3.65535,0.757813,19.2227
3.98757,3.5409,24.1587
4.67275,4.91279,30.1115
2.07542,4.63223,13.563
5.31346,3.51476,34.2424
5.82999,3.70693,39.427
2.80878,1.39349,13.1685
2.99012,4.82449,19.5806
4.50659,3.59908,26.9362
5.12006,4.62573,34.5217
2.98599,4.44786,17.032
3.31982,3.74437,18.9833
3.67873,3.2119,20.4186
3.49916,3.27246,18.2117
5.18932,3.61986,33.7798
4.51559,4.38192,27.9818
3.17718,4.3841,18.5956
1.92822,3.94225,12.1277
4.88896,4.69442,31.083
1.88176,3.14066,10.8927
4.51721,4.5575,27.6646
3.43444,4.09537,19.4944
2.66036,4.47954,16.4463
5.1375,4.17608,33.7423
3.71351,3.62116,22.1141
6.04322,3.84673,43.2988
4.3604,3.13726,25.0598
3.87833,4.85779,24.0911
3.51481,3.85435,22.2289
5.65124,4.11281,39.5774
3.38757,2.90538,16.1935
5.26915,4.97393,36.0672
6.1229,3.96125,44.3729
4.75258,5.32194,31.9215
5.17385,4.1925,34.5869
3.60507,4.17602,22.0328
3.0042,1.70175,14.6805
1.57303,3.6438,9.26449
4.23031,3.18765,25.7564
2.64948,2.59966,12.5504
4.93024,2.23499,27.9725
5.63554,3.70216,37.6603
2.57478,4.48238,15.4331
3.69514,6.04501,24.4367
3.05643,4.37115,18.1654
2.31692,4.79486,16.7783
3.82186,3.30055,20.9225
4.37398,4.91068,27.3426
5.75331,3.11975,38.951
5.09145,5.48228,35.06
3.36457,4.04235,19.0592
3.4453,4.24114,22.553
1.88837,6.14534,16.4705
4.86766,3.20877,30.0256
4.42341,3.59941,26.066
5.72957,3.73408,38.538
4.64852,3.91652,28.1394
4.33221,2.99391,25.3191
4.89918,4.09422,31.369
4.32878,2.26218,24.4417
4.43416,2.46795,23.8361
4.68996,5.596,31.874
3.83464,4.79376,23.9601
5.17065,4.18943,34.2624
3.49677,5.85389,23.0305
3.91295,2.4877,21.2954
4.29973,3.75821,25.8313
3.16149,2.57977,15.3894
2.70974,3.18725,12.4434
3.77916,5.6272,25.8117
4.99323,5.33582,33.7262
3.61843,4.48967,21.5278
2.70588,3.70561,14.6074
5.33253,4.04005,35.5838
4.78735,3.22306,30.679
4.73,4.95401,31.7619
4.14858,4.01212,24.4635
3.89263,2.23622,21.164
4.04065,3.73864,23.1484
4.29632,2.60148,24.5203
2.88871,3.49637,15.9702
4.98198,3.3914,30.1725
1.95998,2.7184,9.43185
5.49813,5.20652,37.2109
4.74981,5.18209,32.0997
2.34364,4.80586,15.6004
4.37321,2.4204,23.7806
4.22774,5.1498,28.0688
1.90897,5.90619,16.99
3.61239,2.7468,19.3099
5.82095,2.28515,38.4858
4.38281,4.46962,26.2745
5.79629,4.31643,40.2805
4.54844,4.99814,32.1041
2.32956,4.17603,12.204
4.83892,3.25189,30.2231
3.70092,4.166,24.9782
4.41703,4.06659,26.6042
3.34779,3.61892,18.4174
2.81,3.75312,15.8393
3.2219,3.23761,17.8821
4.47061,2.02429,24.8498
3.19191,3.62005,18.9907
5.34625,3.64336,34.5096
2.63016,6.20647,19.1222
2.65133,3.07355,13.6551
3.49326,3.81321,19.943
4.76547,6.3845,34.2124
5.12956,4.12136,34.0294
4.78561,5.816,32.6918
3.16573,4.18015,16.3386
3.76377,4.15996,22.9647
2.96043,4.95133,18.7313
3.30879,3.30255,17.2999
4.76236,3.88549,28.4345
2.63692,4.11832,13.4727
3.61849,1.97239,19.0085
3.99488,3.22229,23.215
4.78004,5.08059,32.8346
5.13521,3.85548,30.8222
3.32994,2.8217,19.3569
4.69417,3.95018,28.0328
3.44751,3.09526,18.6266
4.44808,5.25649,29.1154
5.66006,4.56328,38.6093
5.36445,2.84506,34.4097
4.53062,4.30935,29.4658
4.1337,3.46855,25.3381
3.29402,4.15709,19.5535
4.47518,5.0792,29.0351
3.82197,2.78285,21.5192
4.25576,3.38047,24.5863
3.65018,3.91252,19.9349
4.3746,3.10636,23.5647
4.06475,4.83072,25.0481
4.87155,4.37406,30.1333
5.51379,4.7122,38.2818
5.46349,4.84277,37.0739
4.66164,4.61181,29.487
3.15224,5.00535,20.0146
5.25558,3.14318,33.3057
4.12164,4.49387,24.442
3.92769,3.63984,22.319
3.00652,3.09077,15.0508
3.36776,3.22738,18.252
4.01145,3.73404,24.6089
5.26809,3.76428,34.3984
5.69201,5.23028,43.2272
5.71564,4.20363,39.8842
5.01122,2.93282,30.5458
3.58112,1.60302,16.7806
4.19575,4.15263,27.4947
3.47136,3.81044,20.5071
4.3665,3.67812,26.4281
3.78422,3.22258,21.2216
5.22282,3.89,34.1881
3.55324,3.9206,21.2524
1.94508,4.43792,15.7661
4.01397,3.23236,21.6791
4.58959,3.63638,27.7761
3.0837,5.33786,21.5056
4.67834,5.70705,31.7482
4.31201,2.8779,24.341
4.60178,2.29408,25.7386
5.15028,2.95652,30.7683
4.45463,4.7909,28.1128
4.49286,3.7105,26.3591
4.19712,3.14586,23.2172
2.92772,4.57751,18.3263
4.1344,3.41344,23.5564
3.27247,3.17022,17.977
3.44464,4.02334,20.8489
4.06287,4.79456,26.3044
3.82149,2.60043,18.9478
3.98103,2.25455,20.5042
2.83728,4.49086,15.7889
2.25405,2.17158,9.48705
4.752,3.57388,29.37
4.23646,3.95724,25.6253
3.35933,4.33993,21.2542
4.49891,3.95712,27.2665
4.74771,2.8236,28.7502
3.82708,2.67361,18.1788
4.81863,4.41871,31.0924
5.38359,4.18689,37.0953
5.88497,3.00174,41.7126
3.9329,3.70187,21.369
5.1068,5.48327,34.0454
4.91246,5.28742,32.2319
5.30778,4.32368,36.4057
4.55395,4.37442,28.0971
4.48283,4.10756,26.0892
5.06069,2.4947,30.2928
4.36322,4.03497,25.9217
4.53318,3.0328,25.0896
4.13931,5.79168,28.5587
4.29379,5.41749,28.2767
3.33629,2.3359,17.5735
3.76836,6.07564,26.6623
3.59208,4.72897,23.8716
3.5025,4.19927,22.3574
3.85725,2.15623,20.241
2.3516,4.3957,14.9842
6.06565,4.77993,44.5094
3.50573,3.67729,20.4458
3.15139,4.65526,18.6355
3.4895,4.85187,22.7523
3.89047,4.35468,23.9415
2.94375,3.54566,15.4405
4.48155,5.01433,28.0386
2.10837,3.29044,10.1239
3.65844,4.16643,23.036
3.30029,2.8801,17.8365
3.9469,4.01038,21.6143
4.49542,2.85859,28.0997
3.32155,3.07466,17.796
5.16186,1.51467,30.1931
4.30092,4.57096,26.743
4.70557,3.3994,28.0393
5.12733,4.92804,36.3494
4.20783,4.27175,26.7254
1.49555,4.61725,11.296
6.33398,3.96616,46.26
3.99202,3.59033,23.728
2.80517,3.80433,14.3055
3.83777,1.47996,19.69
4.91254,3.6806,32.3605
3.41185,2.36501,18.1217
4.73164,3.91952,29.0722
5.07072,4.51144,33.3562
4.67849,3.14107,28.5389
3.86082,2.73048,21.6195
3.55147,3.50957,19.4859
3.85912,3.14346,21.8694
4.18965,2.52073,23.6159
5.24056,4.89696,36.7925
4.09686,1.86467,21.9665
4.05395,4.38937,26.3238
3.58729,3.81582,21.0362
3.69759,5.22156,23.9136
4.38912,3.61696,26.4932
4.54911,4.41934,28.1242
7.13999,3.45908,53.921
3.95482,4.07663,23.2896
3.53562,3.61481,20.2026
4.19897,2.96554,23.4088
3.00241,5.08694,19.3396
4.16982,2.99104,26.435
3.80595,3.26637,19.8379
2.1767,2.24434,9.7441
2.57462,5.17942,17.011
5.63666,3.66157,39.5166
5.34146,3.15164,31.9305
4.71569,3.69223,27.4946
3.09552,2.75155,17.446
4.19967,3.79494,26.4056
3.95236,5.49204,25.8125
4.90067,3.91527,34.345
1.87413,4.45168,10.6681
3.85422,3.43817,22.7455
5.15319,4.61943,34.9888
4.29829,4.06706,25.7294
3.37526,2.76203,18.2922
1.84845,3.43104,10.743
1.67971,4.04758,10.9206
3.20885,4.72489,19.6345
6.81726,3.29823,50.4829
4.0243,4.32148,24.2856
4.29756,4.39628,27.771
4.2539,3.52098,24.2901
1.17505,5.69653,12.4204
5.43314,4.93959,37.8944
4.25702,4.02374,25.4735
5.32822,4.36786,34.639
5.02607,3.00293,31.5656
4.42438,3.09266,25.1907
2.72983,5.68751,18.0867
2.78665,3.51361,15.9858
2.72135,6.0322,20.5816
2.16359,3.09582,12.8402
2.91625,4.2958,16.1904
5.48593,2.67812,35.1617
3.05167,4.36081,19.6284
5.11138,3.92207,34.2788
4.80488,5.95815,35.0018
5.78602,3.78018,38.6738
2.5022,3.30085,14.7569
4.1026,3.95049,24.8946
4.96626,4.37382,34.143
4.19932,2.94308,22.3731
2.94382,3.1182,15.5322
4.87673,3.96775,30.8361
4.56051,5.28961,29.7498
2.47141,5.23252,17.2734
4.42395,5.3722,30.5287
3.09803,4.4033,21.2976
3.22305,3.50947,19.5252
4.40558,2.45104,24.5266
3.92768,4.00822,21.6773
5.05285,4.77748,32.2855
3.44932,4.01427,21.1504
4.3525,2.16393,24.1562
5.07952,3.92199,31.3044
3.82029,4.27091,22.4614
1.9412,5.09581,14.428
2.14787,3.71573,12.0607
3.43851,4.16898,18.808
4.77968,4.1661,29.9279
3.74467,3.48548,20.5142
4.00197,3.83847,23.2705
4.58843,2.53183,27.0582
3.39541,2.01661,16.8255
5.52202,3.02313,35.2325
3.31075,3.43943,17.2674
4.70964,3.6192,27.3293
5.97529,3.24729,41.3427
4.18406,4.16022,27.1614
3.59129,4.50326,23.1398
5.55469,4.63928,38.9207
4.62896,3.77019,30.8839
3.46978,4.73977,20.6579
3.61164,5.61942,22.3761
3.9298,4.65684,24.4181
3.79861,3.94276,22.0678
4.51638,5.17962,29.2767
5.71804,2.51795,36.0541
4.63898,2.19218,26.1582
6.39006,4.33334,45.9407
2.73167,5.8958,20.4192
3.08277,3.33051,17.0778
3.55136,5.69526,24.1068
5.93725,3.85721,41.5096
5.67039,5.04357,40.2554
4.13112,3.19081,23.3253
5.18551,3.27722,33.6739
2.48264,6.54965,20.487
4.73291,2.96802,28.2117
6.18614,3.7384,44.3431
4.17172,3.9325,25.5891
4.11277,3.72757,24.3151
3.8658,5.56817,27.7096
2.15911,3.20199,11.6728
4.47037,3.27183,26.0039
5.86734,3.16141,39.6214
7.20886,4.02862,55.7258
2.78119,4.1565,17.4257
3.87307,5.21999,25.0493
3.59665,6.24042,26.6272
4.37462,4.51748,26.1882
3.56657,6.37572,25.8402
4.07408,2.74832,22.345
5.03739,3.67692,31.6087
4.8349,3.48754,27.9867
2.68137,4.41016,16.526
5.61237,3.09074,37.0859
5.45258,3.28922,35.5975
3.67119,3.59494,20.5794
4.83534,3.63105,31.7272
3.95583,3.87772,24.563
3.4594,4.60981,20.0489
4.23303,4.54876,25.0596
3.85442,2.76935,19.7788
4.66229,3.16895,27.0216
5.15669,4.10913,33.6376
3.69122,2.73677,19.234
5.28852,3.06065,34.1916
5.16398,5.0375,34.7094
2.12273,3.03059,11.4566
5.55759,4.54768,38.3251
3.419,2.64385,18.3112
4.35079,3.72411,25.9281
3.99487,5.70468,26.0814
2.55246,3.02062,12.4243
4.10695,4.13463,26.9804
2.10184,4.36718,14.2465
2.74507,4.85014,15.8924
4.10561,3.07579,22.054
2.55582,4.57105,17.6872
3.76756,4.8066,24.1729
4.10272,4.8994,27.1417
5.35701,4.48599,36.9558
3.02389,4.51949,18.361
4.13775,3.13534,24.099
3.21563,3.89624,15.7999
3.65582,3.39265,20.8288
4.69873,4.94106,30.3833
4.67101,2.5364,26.4542
2.54587,4.6459,15.707
4.38753,4.86579,30.4248
2.61558,3.05573,15.3608
3.83334,4.56905,23.6614
3.37655,3.93249,17.2044
3.53767,4.31808,20.6701
4.69594,2.56703,26.1644
4.74704,3.89637,27.4974
5.66343,6.45211,42.4958
4.94272,3.03033,31.0864
3.89929,5.93891,28.5004
4.26664,4.32042,27.6407
3.60728,5.86955,24.3191
5.40285,2.70508,32.2373
5.72707,3.23875,37.9145
2.6656,4.56343,15.4659
2.67967,3.60042,14.2469
5.04601,3.41827,33.9457
4.51274,3.6243,27.2002
4.21641,3.72846,24.6669
2.85931,4.3569,18.2592
4.4972,4.27723,27.509
1.71559,2.81766,11.0906
5.60734,3.01765,35.8771
3.67123,4.80508,22.6086
3.89735,4.61893,24.7562
3.54536,3.81383,22.8298
5.10339,5.09598,34.7936
5.01292,3.72299,33.6577
3.87108,3.43252,20.4474
1.85579,3.47012,12.617
3.30443,4.48337,20.5782
3.91708,2.87244,22.0643
2.37167,4.05091,14.7747
3.52504,2.92511,19.2978
4.24701,3.40957,27.4122
2.98222,4.4078,18.8906
3.8996,5.60584,25.0927
4.07066,3.48382,22.8578
2.83154,3.95526,16.8144
3.81967,5.33655,26.1193
6.03535,6.38934,49.865
3.68892,3.59097,21.6385
3.1898,6.00393,23.837
2.88725,3.13715,14.7883
4.2703,3.5184,24.662
4.85882,5.03866,32.5659
4.54856,3.77059,27.1312
4.72527,3.81443,28.8711
3.00131,4.08002,17.7079
4.67647,6.20697,33.7565
4.20436,3.55453,25.2569
4.78903,3.83063,29.3289
2.88657,3.80346,16.2754
5.04446,3.64878,32.2009
4.95677,5.19026,33.5658
4.54046,5.43024,30.2252
4.30276,3.08593,23.6755
3.53789,3.29384,18.4963
3.81521,3.69098,19.664
2.91859,4.24658,16.286
2.59048,4.75082,15.7075
4.31401,2.74629,23.2023
2.97769,3.7747,17.052
4.78791,2.5036,29.2936
4.28029,2.65518,22.9023
5.20287,4.91888,34.4769
3.7605,4.33341,22.1754
2.17441,5.41191,15.2032
2.74544,2.72696,13.1351
3.08173,4.59992,18.3944
4.21738,2.91436,25.5926
3.61879,3.84071,20.5858
3.70509,3.77079,21.9597
7.12937,4.01609,56.9485
4.18035,4.21718,26.4619
3.89569,3.41045,21.3354
5.37796,2.60347,33.9136
3.54273,3.66057,18.6637
3.50081,2.6728,18.7526
5.33237,4.19592,35.5997
5.43144,6.05484,39.9993
4.42823,3.79256,25.3148
4.16495,1.73105,22.1669
3.25742,5.16306,20.6629
5.35466,5.52387,39.3671
4.03464,3.65536,24.1446
5.62094,5.84348,42.1146
4.36554,2.54653,24.3044
4.42281,3.78023,25.9394
3.99873,2.2454,22.1898
4.84283,4.06578,30.1369
3.91913,3.2185,21.759
5.16615,5.48626,37.4918
3.7353,4.3728,23.4807
4.28441,1.66703,23.5297
4.71016,3.39984,28.1055
3.32539,2.87298,19.0943
6.08482,3.15462,40.8605
4.52222,2.66222,27.3032
4.28919,3.52961,24.2748
2.07865,5.08133,15.6038
3.8812,3.41914,20.6227
3.77882,4.04084,22.3201
4.70159,3.47056,28.8487
3.99931,3.10961,23.6796
4.15425,1.2133,21.6157
4.32594,5.80152,29.4743
4.32265,6.51934,32.728
4.82493,3.71846,29.4696
4.92967,4.58436,34.1646
3.08277,5.78815,19.5706
5.25602,5.11314,35.4163
4.44389,5.65055,30.3066
2.39174,3.00821,13.2005
6.05651,5.3113,44.0423
2.4127,4.36041,16.9156
4.52203,5.78391,31.5898
5.48443,5.54344,39.7239
2.90349,3.4258,14.2047
2.70272,4.02259,14.9721
4.62321,3.8961,28.5572
4.56431,4.45192,29.5914
2.64693,2.44179,11.6219
4.53522,2.41174,26.6869
4.61388,3.06968,26.3713
3.2819,4.56533,19.6397
4.44802,3.88598,27.846
3.53505,2.84252,17.6886
4.20844,4.40636,25.5713
3.45755,4.91589,21.319
3.30045,3.9636,20.1827
4.61913,5.09064,30.3352
2.56699,4.30439,15.7432
3.14275,4.87671,18.3362
2.85002,3.97963,15.3601
4.94611,5.25326,32.7708
1.96923,4.59965,14.4939
6.00071,3.46595,42.0682
3.79339,5.06124,24.0638
5.31786,4.07507,35.0658
4.79208,3.15182,28.9075
2.49629,3.6318,14.7029
3.39202,3.55398,20.4045
5.87621,4.80834,41.8265
5.43898,3.30065,35.5035
4.50066,4.27545,29.4446
3.55758,3.5291,20.1618
4.5258,5.41945,31.6238
7.28592,3.08036,58.0472
5.54898,5.52513,41.401
3.34878,3.67816,18.2307
5.18525,5.4156,34.9029
5.89529,2.44533,37.9966
2.54287,3.08833,12.607
5.34124,4.62874,35.3621
4.91552,4.75513,31.4555
4.81341,5.02132,33.4904
4.25886,3.73205,25.269
3.43748,3.81508,20.1442
4.29463,6.18753,29.9579
4.5806,3.76235,26.9294
4.33687,3.79747,27.4228
2.89418,3.86016,15.776
2.73329,4.53953,18.3443
4.10232,2.26565,22.2382
2.97683,3.50019,15.6781
2.64731,5.01885,17.921
3.78562,1.38914,18.355
3.8241,3.94576,23.3254
3.24263,1.33565,15.2022
4.23911,3.19856,24.2261
4.46494,6.57861,32.9633
4.32305,4.59089,27.2366
3.14965,3.7071,18.2055
4.5466,5.60478,32.1654
5.99248,2.70091,42.7346
3.79551,4.71658,23.5821
3.26694,3.70968,17.6853
4.28504,5.25405,30.5937
3.63332,6.39401,26.1815
4.9205,5.12192,33.0379
3.45899,4.57395,22.3945
5.68876,3.00359,37.6651
5.01264,3.42169,31.5354
2.78936,2.99964,14.5408
4.14829,3.67182,23.5646
4.04889,6.27966,27.4286
3.02299,4.63665,17.958
3.20178,5.37251,21.5362
2.87665,3.50813,17.5115
2.92683,3.98733,17.9475
5.38082,4.15599,35.8358
4.50833,3.73102,27.2297
3.8757,4.1986,22.5019
3.17143,3.31171,16.9797
4.04121,4.56443,25.7061
3.50079,1.90747,17.6695
3.98761,4.31544,23.1588
5.52586,2.79988,35.8437
4.31831,4.88721,26.9459
4.70802,3.65258,28.4889
3.52274,3.32381,19.6742
6.0244,4.57251,44.247
3.4392,4.42139,21.9971
4.23606,4.09106,26.4357
5.12946,4.45909,33.2536
2.20294,3.53083,13.7365
5.26577,3.56377,34.303
3.60571,2.48296,19.3037
6.17988,4.39241,42.5666
4.57876,2.525,26.9493
4.0176,2.25981,20.3961
3.76627,4.35843,24.3468
4.52665,5.08229,30.2819
5.9638,5.84952,45.6386
3.77564,4.23069,25.6192
4.8998,5.38525,32.0582
4.77654,5.31926,34.1729
3.9139,2.57318,20.6462
5.45892,4.54155,38.7604
4.24339,3.69111,27.0185
3.02575,4.12464,16.4099
3.38207,2.95523,17.1191
4.40588,3.87095,28.711
3.89798,4.57642,21.6109
4.39165,3.36587,24.6216
4.02309,4.00964,24.8993
3.15491,2.94258,16.8434
4.59042,3.86126,27.6166
3.75334,4.71526,23.1294
4.07152,4.53965,23.9108
4.42526,3.16525,26.4153
5.31871,2.90908,33.73
4.01191,1.92396,20.1359
4.32245,5.29593,25.2834
5.70695,4.24107,40.2804
3.12586,4.45363,18.8048
4.34207,3.04217,24.9054
4.8064,3.02435,30.1132
3.61021,4.44186,21.675
2.44753,4.35331,14.6827
4.05945,1.88369,20.1012
2.19436,4.12793,14.9041
2.0036,5.07092,15.2452
5.25846,3.84692,33.3405
4.20772,4.13864,25.4033
5.36895,4.5523,35.2871
4.04684,3.06833,21.2074
3.83356,3.62298,23.4848
4.41076,4.64776,26.762
3.7386,4.71686,21.987
4.12713,2.45654,22.1365
5.45586,5.67615,39.2183
3.15817,1.55517,13.9926
4.2816,3.41653,23.9527
5.57618,4.54047,37.6245
3.49912,4.35286,20.9877
4.43323,4.02355,27.264
5.18263,2.64362,32.9604
4.39283,3.45558,25.2774
5.07228,3.07127,30.1897
3.22762,5.03803,20.4055
4.20368,4.61921,26.0761
5.13402,5.0725,36.5431
4.67163,3.88599,28.3104
4.82378,4.11801,31.4888
3.6731,4.94173,23.28
3.66875,2.81774,19.2767
4.13336,4.34986,23.7646
3.17314,4.02347,17.7962
4.32486,4.9322,27.7154
3.58046,3.49773,20.2074
4.77066,2.27698,26.865
2.55321,3.84715,13.02
5.0846,3.97309,32.3374
5.91145,4.54432,42.5558
3.30426,4.36275,21.2811
4.72094,3.97357,29.1018
4.11051,4.19827,24.2947
3.23424,4.44351,19.1852
4.31465,4.02178,26.0227
4.20972,5.02809,28.2573
4.62962,5.92026,33.4959
2.38662,1.77444,12.5032
5.0452,3.60191,33.1439
1.32013,3.30291,8.09826
5.41554,3.95196,37.566
3.22217,4.32534,19.7444
3.24447,6.13732,23.4468
3.51289,4.30558,21.7929
2.45953,4.79258,16.5106
4.04748,3.48673,21.8193
5.28121,3.02849,33.946
2.19283,3.19229,12.6683
3.03961,3.76081,17.0859
2.23887,3.0947,12.3007
5.11101,4.87374,35.0113
3.13334,5.51182,21.2333
3.63304,3.46788,19.3148
2.94981,3.40498,15.8039
4.65239,4.1402,28.7917
3.14744,3.68788,17.4716
3.89802,4.54413,24.252
3.93519,3.69762,24.0403
3.80094,4.6526,22.8636
4.89394,3.02058,28.1323
2.53432,4.27983,17.4203
3.94062,3.93795,22.2088
5.47343,5.86605,41.2719
4.74016,3.10584,29.2005
4.67072,4.00627,28.8897
