3
3.31311,1.82263,103.228
3.70409,2.47979,253.879
3.53063,3.10262,527.116
3.36079,4.95235,3022.49
5.10993,4.57329,2236.39
3.34617,4.15274,1526.51
3.51292,4.23082,1639.08
2.50517,2.46835,239.109
2.14766,4.77495,2608.99
4.90833,3.19169,600.994
3.91164,2.89042,418.338
3.13814,4.05809,1397.02
2.70096,2.95984,439.86
2.79769,2.25035,180.538
4.27427,4.91456,2943.86
3.60975,5.44802,4424.45
4.51522,2.79643,383.113
2.30151,4.57379,2205.66
4.18806,4.11918,1491.04
4.70615,1.46981,81.6586
3.44365,2.63883,305.734
4.6385,3.31344,679.098
5.49094,2.91969,456.253
6.46323,4.36136,1890.5
3.36564,3.33831,681.338
4.12288,4.17951,1574.19
3.83117,4.98144,3099.81
4.64099,4.35202,1843.52
4.14553,3.50515,821.104
4.3633,4.90649,2924.19
4.75942,4.4828,2064.28
3.57233,4.25966,1685.37
2.51236,3.16112,555.17
4.04115,6.13537,7163.86
3.28025,4.20546,1602.47
3.55321,3.52117,830.057
5.4134,4.28489,1749.11
4.80951,5.81735,5779.06
2.93931,4.78383,2634.88
4.45656,3.16891,579.98
1.40893,3.04556,478.66
3.66573,4.51708,2113.2
5.27042,2.99974,493.332
3.70432,3.73096,1025.06
3.80812,4.96036,3047.85
4.66523,1.89207,130.228
4.37558,4.6723,2417.86
6.19779,3.99778,1365.4
4.08027,3.40915,742.187
3.69739,4.60072,2268.41
2.87323,3.57891,872.689
4.88331,6.8193,11084.2
4.89078,4.67017,2419.5
4.81296,4.91299,2948.1
5.51841,4.05816,1429.66
1.9181,3.36551,691.982
5.18056,3.32323,694.087
3.87712,3.77028,1067.63
4.28399,4.52096,2125.7
2.38193,4.00683,1324.71
2.36348,3.30902,651.124
3.61423,4.004,1331.8
3.57389,4.96187,3048.77
3.93665,4.85109,2792.82
3.54889,3.79116,1086.91
4.05357,3.77962,1079.57
3.76422,3.56434,867.963
3.18687,3.05452,497.089
0.945118,3.96734,1269.59
5.33406,6.23526,7671.65
3.42303,3.95311,1270.57
4.96926,3.48962,820.867
5.03542,3.9311,1262.95
4.8263,3.34778,706.681
2.0267,4.34085,1800.49
1.46212,4.90943,2907.42
3.85236,4.55462,2182.59
3.59173,5.84852,5889
5.1294,4.42969,1977.74
2.94193,3.8526,1146.27
1.59623,4.69898,2448.35
4.24666,5.92239,6207.04
5.22494,4.59462,2277.4
3.14088,6.07462,6870.04
1.89709,5.71541,5350.83
3.15892,3.7273,1017.07
4.45352,2.61715,308.936
4.57443,3.52085,840.84
3.73656,3.4157,741.781
2.56408,4.01481,1336.15
1.84979,3.21506,584.246
4.24893,4.27942,1722.58
3.10829,4.46422,2013.36
3.30469,3.49788,804.881
4.67763,3.81681,1126.45
2.90577,4.57203,2205.78
5.40488,5.5978,4958.68
4.34681,4.18711,1587.51
4.53525,4.52376,2137.4
4.71466,4.68054,2436.89
2.94975,4.69076,2438.38
4.73526,4.12709,1509.11
3.37105,4.51806,2109.7
5.19247,3.1537,581.593
4.85592,3.31017,679.99
2.92569,4.12653,1487
4.62013,4.25747,1694.87
4.7095,3.63093,940.072
4.2566,5.031,3228.41
2.5187,4.80731,2683.47
6.69653,3.91347,1273.73
4.09037,2.55463,282.113
5.01158,3.35885,718.857
3.78587,3.16185,565.954
3.75393,6.93824,11894.3
2.76069,4.17322,1550.34
3.53482,2.82996,385.88
4.15687,3.94962,1271.26
3.55311,4.18519,1576.58
5.3702,3.41984,768.454
5.91648,6.82159,11117.7
5.26903,3.03788,512.834
4.03639,3.88819,1197.4
3.7168,2.95295,447.224
4.605,3.81081,1121.79
2.47581,5.38623,4216.19
3.89253,4.76544,2605.02
3.73253,4.2282,1640.12
2.26567,5.16865,3572.88
4.45273,3.61942,925.381
5.92173,4.12499,1526.66
4.05675,2.31974,210.829
3.04079,4.58416,2231.33
2.45871,4.99908,3131.36
3.422,6.41942,8617.47
4.54556,4.51852,2125.42
5.10311,4.30084,1770.66
4.15945,3.3593,706.839
3.2714,3.72285,1011.59
5.47993,1.77774,126.959
5.12326,3.16101,584.136
4.28794,4.04203,1388.56
3.6507,4.34338,1814.05
4.20457,4.99477,3137.93
3.70979,3.31809,672.197
2.73214,3.21824,594.321
4.18185,2.34182,218.648
2.47897,3.27404,627.9
3.19779,1.08041,39.3408
5.67763,2.1986,206.1
4.25476,1.9096,127.163
4.32558,2.39753,236.333
3.11337,4.24562,1659.34
3.5817,3.09495,523.896
6.10038,4.3251,1823.27
4.48037,4.49379,2080.28
3.11315,5.05273,3270.82
4.01835,4.66047,2389.15
5.20134,3.66222,977.081
2.78613,3.17134,563.258
4.09117,4.88507,2872.16
5.28757,2.21845,203.842
4.35935,3.84257,1150.98
5.55778,4.13701,1535.64
4.98606,4.05708,1418.99
5.43789,3.8421,1167.36
3.69024,4.85292,2794.56
3.46487,5.49906,4589.64
3.59784,4.71867,2502.96
4.94449,4.63294,2347.57
4.05684,4.25527,1683.25
3.96239,2.88029,413.629
3.2937,5.37598,4190.22
4.10625,3.59118,896.026
4.8266,2.72833,358.715
4.06108,4.35034,1832
6.8417,5.46966,4548.82
4.87841,4.48063,2064.04
4.09999,2.119,164.972
4.53474,3.37657,722.233
1.93337,3.34327,672.445
4.74349,5.56099,4818.43
4.19135,3.27858,647.687
4.56151,4.56074,2203.88
3.96358,2.84427,397.249
3.84811,3.04802,500.682
1.89152,3.52623,821.171
4.54581,4.50791,2107.85
3.15807,1.48289,61.955
4.04633,6.33867,8189.6
4.06752,5.09531,3390.98
4.5496,5.19648,3675.13
2.5999,3.42406,739.015
2.95443,4.4938,2064.07
4.74734,3.97145,1306.82
3.84265,3.56619,871.227
2.71083,4.66201,2380.15
1.8317,1.66426,70.8307
4.07173,3.60643,909.295
2.44531,1.96839,118.136
4.66799,4.6792,2436.09
2.923,5.34622,4093.89
3.16299,3.65007,939.721
3.6112,3.17213,571.15
3.33584,4.00779,1334.46
3.94721,2.22258,185.575
4.85736,4.78879,2667.79
5.02837,5.11402,3455.93
3.68459,2.94325,441.887
3.50209,4.2121,1613.77
4.3723,5.24844,3818.7
4.97948,4.94396,3024.37
4.12038,5.34278,4095.78
4.52115,3.77235,1078.28
3.80773,2.9641,453.604
4.2916,3.28184,652.222
5.31075,4.07294,1445.98
5.05215,3.13144,564.637
3.70533,2.0648,147.8
4.67839,4.61318,2305.93
3.63921,4.69571,2455.78
1.98376,2.04784,130.765
2.0547,3.56958,861.666
4.27065,3.95721,1282.83
5.97931,3.20674,630.214
4.19595,4.37158,1869.09
4.50247,4.8558,2810.45
5.71489,5.24599,3832.73
3.91211,4.83384,2754.03
4.83422,3.39336,741.227
2.73867,4.71642,2489.84
5.62019,3.23633,642.103
4.70057,3.78323,1091.58
5.8118,3.85335,1187.56
2.37554,3.25579,615.603
2.89546,4.86923,2822.07
2.76188,4.22512,1625.85
2.69394,5.9143,6154.9
4.52053,3.41115,749.87
4.53699,4.90009,2911.89
3.53265,3.76366,1057.28
1.76216,3.884,1175.19
3.07424,2.32606,201.012
2.09155,5.97834,6428.28
2.35057,4.88996,2866.89
3.59869,4.89852,2897.5
2.91216,4.63172,2321.24
3.57556,5.1488,3528.99
5.02964,5.19322,3672.67
5.6911,4.04393,1414.7
2.68556,3.8498,1141.02
2.09479,3.31503,652.694
4.01037,3.78958,1090.21
4.8667,3.71437,1023.03
3.3829,5.7576,5522.63
5.16255,2.87915,431.376
4.78847,3.33602,699.438
4.20208,3.30607,669.081
4.87378,3.94457,1276.58
3.19161,3.53096,834.301
4.2874,3.05335,508.09
4.67225,3.35125,707.181
3.24308,3.01888,475.977
4.02208,4.91645,2944.31
2.85692,3.73747,1022.6
3.82164,3.42369,751.35
2.73998,4.71857,2497.15
3.43438,3.02846,484.236
2.90404,3.70804,994.856
6.02132,4.13409,1540.38
3.82585,4.14467,1520.2
3.78122,4.98168,3098.06
3.65482,4.43354,1965.44
3.75198,3.94988,1266.65
3.90165,2.66459,319.106
2.56981,5.48832,4546.38
5.90668,3.48275,831.076
4.28368,4.63997,2352.03
4.56352,3.92842,1252.2
5.24047,4.93497,3007.32
6.39558,3.29585,699.169
2.20708,4.51695,2099.16
2.71747,3.34362,678.817
2.52202,2.66011,305.021
5.1311,1.8825,134.529
2.97456,3.91886,1224.06
3.27976,3.83741,1134.84
3.06011,4.86259,2811.99
3.40849,4.69081,2443.45
3.03736,3.74139,1028.41
6.11931,2.89256,454.461
3.71727,3.97362,1296.46
5.61275,4.27633,1739.56
3.86891,4.7506,2571.99
4.57292,5.33648,4083.85
5.13699,3.43071,774.723
2.29093,4.55283,2165.95
5.73305,3.37509,742.993
4.29417,2.6365,315.233
3.39053,5.062,3297.03
3.241,2.71955,335.666
4.57111,1.83296,118.859
3.16004,2.86578,400.44
4.35847,2.777,373.622
4.98027,4.46209,2034.29
2.64507,3.63917,926.304
2.66739,5.42782,4351.11
3.27439,3.30096,656.08
3.95433,5.39131,4245.51
4.96324,4.02448,1376.85
4.02551,4.90169,2910.45
6.21562,4.20147,1639.85
3.99422,3.53468,843.554
1.81451,2.48873,240.99
4.08283,1.4208,68.5941
3.91628,5.19695,3667.9
3.22988,3.41036,734.96
3.80368,3.83968,1141.45
5.85889,4.55404,2212.69
6.25197,3.59273,933.419
4.53923,4.32069,1791.64
4.73502,4.67419,2425.77
2.82167,2.59543,283.81
3.48512,1.99289,133.544
3.53935,5.30521,3973.74
5.06593,3.54074,866.204
4.75302,6.09237,6972.11
2.93742,3.38485,712.369
5.39615,4.42471,1978.18
3.38806,5.11325,3432.4
3.1326,2.10905,151.234
4.49833,5.28916,3937.88
3.67136,3.70285,997.192
3.12963,3.03042,483.508
3.40289,4.64064,2343.81
3.96375,4.05673,1405.37
5.08165,4.90159,2923.8
4.23988,2.68233,333.718
5.15342,2.79415,391.92
4.51906,4.17295,1569.68
4.26983,3.09398,531.101
4.65161,3.01105,489.825
3.66997,4.33709,1805.81
3.10113,4.14113,1508.12
4.28628,2.83778,397.675
6.03642,4.4432,2018.85
5.73446,3.34076,718.105
5.06284,3.11265,554.338
3.80595,6.7221,10430.7
5.14836,1.69157,111.781
3.82834,5.45079,4432.78
4.28389,3.58923,897.421
3.30112,4.87291,2836.57
3.0056,3.63863,929.985
4.96944,2.85289,414.927
3.68742,4.33479,1802.02
4.97475,4.6736,2428.7
6.0512,5.08399,3395.85
3.55758,4.73906,2542.41
3.89868,4.9361,2991.23
3.66691,4.13802,1508.46
5.73226,3.84299,1171.82
4.45367,3.64827,954.301
5.20333,4.91422,2958.25
3.88537,4.05918,1407.2
2.64617,4.05128,1385.12
4.09148,4.37374,1871.28
5.73274,3.69259,1015.13
3.45227,4.88105,2857.64
4.62845,4.46896,2038.29
3.62638,4.75536,2580.56
3.86561,6.4721,8917.61
3.94689,3.38242,720.75
4.483,1.482,78.4232
4.49911,5.33083,4062.93
4.95439,3.64606,959.842
4.17192,4.7347,2541.84
3.68749,3.10893,533.376
5.48764,4.79349,2689.3
5.39288,6.02739,6684.62
3.54059,4.78329,2637.8
3.39937,4.98537,3104.85
3.7966,5.17182,3596.32
4.5158,2.84427,402.745
1.859,3.02198,469.13
3.81522,3.0663,510.198
4.61264,3.62304,932.208
3.95919,2.87554,413.067
3.6342,2.382,224.126
5.37254,3.88791,1218.42
6.79274,4.05631,1453.09
4.04031,6.01,6583.79
3.66059,2.85797,400.982
4.77226,3.20598,609.078
4.857,3.55087,870.431
3.10596,4.67975,2418.09
4.70915,3.67794,984.807
3.93181,5.39437,4257.93
3.60839,3.41529,744.051
4.44434,3.67167,974.676
3.97343,2.95366,450.248
3.95255,3.39259,727.706
4.1609,3.46448,787.559
2.95739,3.77787,1066.08
5.11425,4.08831,1461.12
3.69415,3.12164,542.181
5.09789,2.7689,379.919
3.49673,4.34177,1812.37
3.21184,3.87763,1179.85
3.26187,2.46609,244.64
3.90864,2.83405,390.449
4.03806,2.70428,336.484
3.5405,4.96724,3062.86
4.09332,3.65882,959.522
3.75977,3.99023,1317.76
5.13093,3.97791,1322.84
4.2529,3.34152,694.894
3.12829,3.95427,1265.54
2.9118,4.85853,2800.03
4.37791,5.57733,4869.75
3.31721,5.94431,6288.39
4.78515,4.98949,3130.71
4.49981,3.6441,949.712
3.67787,4.2005,1596.62
4.10612,1.83545,114.193
5.05945,4.12255,1507.27
2.76173,3.5856,877.713
4.44879,3.95987,1287.23
5.13418,3.9533,1291.72
6.12536,3.67925,1011.73
3.16797,4.78991,2650.6
4.36369,4.02624,1369.68
4.82032,4.76401,2614.66
3.08896,2.88492,408.031
6.06493,4.61195,2326.36
4.85836,3.82005,1133.74
4.36281,5.28467,3924.81
2.89668,5.82791,5799.22
5.20065,5.11653,3464.56
4.90572,1.84179,127.259
3.87405,4.92721,2966.25
4.07515,4.09252,1452.16
3.51578,2.60954,296.411
2.67822,4.02858,1354.4
5.03917,4.38627,1904.58
4.33115,3.83028,1137.72
5.4589,4.0382,1402.84
5.05651,3.97366,1314.67
1.87647,5.09069,3361.28
3.87234,3.91832,1231.15
3.33464,3.02311,482.377
3.7605,3.56949,872.12
4.50954,5.07205,3336.06
6.15152,4.88011,2895.25
4.73382,3.34198,701.908
3.1918,4.46845,2022.16
5.2036,4.73921,2567.72
4.16633,4.04075,1386.62
4.35481,2.594,298.051
4.3862,3.45765,784.657
5.11799,4.48332,2071.9
4.3477,5.17086,3598.45
3.52952,5.51887,4656.75
4.08975,2.68328,330.616
3.8561,3.92615,1239.82
7.26566,3.20349,655.521
5.63801,3.11996,566.843
3.47599,3.2791,639.839
4.93728,3.83165,1146.97
6.04581,4.6296,2360.61
3.90762,5.23788,3782.76
4.56456,5.18713,3647.12
3.64237,3.57524,875.343
3.40825,4.13512,1502.65
5.08182,3.94568,1282.57
4.53991,4.70334,2482.43
1.56286,5.17874,3597
6.40082,4.2482,1712.16
3.81973,4.12177,1486.86
2.53516,3.61139,899.652
3.68236,4.73506,2537.18
4.73131,3.45562,789.121
5.65317,5.9966,6550.89
3.95488,3.26595,636.208
4.29501,4.53081,2144.07
4.25673,5.37083,4185.94
3.5953,5.21012,3701.03
5.91137,1.31492,88.772
4.06835,4.88488,2872.89
4.26302,3.67808,979.837
5.65955,4.31563,1803.78
3.85821,3.70757,1002.89
3.49752,4.48988,2059.91
3.72507,5.55546,4786.34
4.35171,3.25882,636.857
5.22137,4.24224,1683.01
4.68015,4.84644,2794.21
3.69961,4.91908,2947.95
5.06764,2.39357,246.218
2.99906,5.18935,3637.35
4.80906,5.25415,3841.16
5.14182,4.08344,1456.3
5.17986,4.1235,1509.41
3.84652,3.18947,585.202
4.71054,4.55668,2197.83
3.79856,4.60768,2282.46
5.1025,3.85982,1182.63
4.25816,2.99818,477.65
4.23416,5.49729,4593.94
5.03713,3.107,551.441
4.01986,3.84803,1155.2
4.03546,3.81099,1113.45
3.33165,5.35778,4135.02
3.89108,3.67792,974.983
2.97625,5.21886,3716.96
4.67447,3.60856,921.042
4.06118,4.00108,1333.25
4.40344,3.01653,489.329
4.17842,3.6523,953.644
4.78636,5.83283,5841.2
5.67528,3.72314,1047.03
6.0143,3.32573,710.761
3.65167,4.98417,3103.76
3.03512,2.67016,314.12
5.22726,2.97886,482.901
3.74272,0.703072,29.3162
2.802,2.99099,459.62
4.42279,4.01767,1358.69
3.86553,1.86013,116.105
4.82719,2.5754,299.423
3.28863,6.97134,12126.1
2.75451,3.87315,1168.84
5.85906,4.75727,2615.91
3.70368,4.44151,1980.19
4.12011,4.46958,2033.17
4.65074,5.70713,5346.23
3.3379,3.08906,518.95
3.70139,2.58037,286.731
3.43872,3.89953,1204.88
4.85694,3.61632,931.782
4.36662,5.19763,3673.3
2.11304,2.80428,365.137
2.83645,5.02918,3207.85
3.23728,4.14451,1514.54
1.518,5.27698,3879
3.6761,3.46739,785.005
4.97206,3.86371,1185.5
3.18762,4.03116,1361.39
4.49571,4.36584,1863.39
5.07639,4.30196,1768.84
4.16457,2.56148,284.545
3.8393,4.88941,2879.59
4.64854,3.94431,1272.34
4.02694,3.11255,540.156
3.51891,2.52279,263.027
4.26424,4.54308,2167.47
5.63634,3.46243,809.478
3.36019,4.14582,1517.52
4.67921,2.60423,307.031
4.43014,3.24954,631.375
4.33795,5.07731,3347.78
3.634,6.08363,6917.09
2.01688,4.93122,2962.24
3.87155,3.06181,508.711
2.88505,3.77442,1061.39
4.10093,3.57258,877.71
4.27043,2.72058,347.729
4.36458,3.13839,559.024
4.99373,2.91955,446.477
4.50001,3.58892,899.438
5.15588,5.30234,3990.67
3.56552,3.89995,1206.59
5.98896,3.64307,973.537
5.54746,6.01143,6614.35
3.77036,4.20093,1599.62
6.2309,3.07329,552.205
3.9967,2.75096,355.497
4.32148,5.13399,3496.87
3.32669,2.33499,207.655
3.37802,4.75253,2571.35
4.15152,4.3966,1906.54
4.5548,3.84984,1162.33
4.72067,5.30187,3980.46
4.95921,3.17809,593.237
3.39834,5.86307,5948.29
4.05175,4.36077,1850.63
3.79935,2.85231,399.85
2.80107,5.90988,6135.99
3.66245,4.10728,1468.08
3.76605,2.93996,440.956
5.10811,4.26277,1709.51
4.28173,4.63135,2336.32
4.75041,3.68441,992.955
2.98358,3.67281,960.639
3.91636,4.13603,1508.9
4.56698,5.84874,5903.36
5.23292,6.45898,8862.99
3.50229,4.20127,1595.33
4.04268,5.27735,3899.45
0.634194,5.55073,4747.9
2.11169,2.67047,308.475
4.40596,5.70406,5331.76
2.24033,5.28873,3917.75
4.97314,2.98657,481.64
2.84536,3.20293,583.229
4.80448,3.42907,768.922
2.99686,4.03208,1364.04
4.74716,4.21318,1630.57
4.74341,3.21996,618.035
2.39689,4.93564,2975.37
3.76171,3.5774,878.308
5.82392,4.05774,1432.62
3.96646,2.41257,234.868
3.59568,3.30353,660.247
3.56961,5.29474,3946.44
6.10533,4.70867,2521.23
2.47333,3.54428,838.867
4.03529,4.61543,2301.99
1.97377,3.13146,532.39
3.86106,2.61363,299.842
3.85963,2.44238,242.206
3.45216,4.1981,1590.45
4.2522,4.01364,1353.32
4.90809,4.35506,1849.79
1.9917,2.6915,315.458
1.93495,2.1362,149.36
3.39137,4.88001,2850.46
2.97461,3.90057,1203.51
4.70536,3.61081,921.245
6.45365,3.25689,670.585
4.48848,3.26807,645.359
3.83501,4.92798,2970.87
2.35809,6.10508,7003.74
3.68579,3.94771,1265.69
3.15256,5.27756,3891.18
4.55344,3.17108,582.283
4.82983,2.09345,168.637
3.07311,1.8503,105.611
3.63257,2.79172,369.523
3.54299,4.16176,1541.26
3.18901,3.1134,530.493
4.77328,4.9153,2953.37
3.92701,3.956,1277.35
2.72692,3.93939,1246.71
3.00943,2.99007,461.04
2.97488,4.04704,1381.83
3.59534,3.53388,839.223
4.57059,4.42037,1954.07
3.43164,4.29283,1733.11
3.31704,3.63226,924.024
4.86207,4.99185,3139.64
4.11014,3.2625,635.265
5.15481,3.24456,637.03
3.86519,4.24362,1665.06
4.60064,4.32765,1802.81
3.84224,4.1343,1507.62
3.42686,4.36334,1844.93
4.78806,4.38062,1891.39
3.95754,2.87227,411.032
5.2752,3.72287,1039.26
3.1721,4.63864,2336.37
4.32744,4.37767,1879.86
4.09594,3.68261,981.933
3.30483,3.54053,842.365
4.11168,6.02613,6660.12
3.4116,2.492,254.045
3.89169,4.66342,2395.63
5.14496,3.42156,769.734
4.12523,4.44533,1992.57
3.80405,3.53959,847.488
4.27494,4.12563,1501.02
3.55164,4.38017,1875.25
3.98899,3.12233,546.03
4.25,5.27077,3881.59
3.89455,3.55473,860.204
4.22903,4.76833,2616.07
3.23657,4.54749,2162.93
4.49545,3.41867,756.819
5.80164,3.02035,514.51
1.64954,2.4223,218.094
3.64286,5.11214,3430.98
3.32075,4.75668,2581.35
4.42814,3.83647,1145.39
3.57234,3.08703,517.622
2.72438,6.09443,6958.04
4.36723,4.36326,1857.68
4.93314,3.52975,854.374
2.54621,3.53625,832.622
4.45713,5.76802,5578.81
5.11677,3.8808,1204.82
4.29209,5.80802,5736.89
4.91994,5.75837,5549.69
3.53861,2.42621,237.076
4.44206,3.24982,633.33
3.66165,3.53269,839.378
4.27926,3.66444,966.984
2.24366,4.03641,1361.09
4.65222,4.02986,1377.96
3.44851,3.43635,756.695
3.61382,1.58883,78.2289
4.91581,4.49738,2094.02
2.3897,3.75878,1043.28
3.40897,6.45221,8802.88
4.94917,3.29961,674.326
4.38903,4.04978,1401.74
3.76513,4.36846,1859.12
6.38612,3.95374,1315.86
4.3615,4.69353,2460.96
2.39332,4.1167,1470.56
4.10136,1.76563,105.714
2.9298,5.01569,3174.78
2.05688,4.84611,2766.09
4.2344,1.67784,94.06
4.61228,2.84105,403.672
3.8369,4.34406,1818.8
3.1346,4.06912,1409.35
5.08312,3.75898,1072.59
4.37066,4.23877,1662.53
5.47882,2.35711,243.934
4.34162,4.95534,3043.02
4.72337,3.57628,890.75
2.06939,6.37874,8388.26
4.74718,3.52587,847.356
4.60194,3.81379,1123.58
4.74603,3.02894,501.711
5.41159,5.00349,3174.5
3.393,2.77424,360.311
3.79356,5.39154,4244.66
4.86103,4.39031,1908.83
3.72329,4.58437,2237.4
5.79563,2.75623,388.427
3.46808,3.1676,566.32
3.19277,4.60768,2277.53
4.55785,4.21791,1634.49
4.97307,3.25457,644.984
4.59584,4.28147,1731.56
2.88196,3.82403,1115.69
3.89344,4.62061,2310.07
4.42463,4.17416,1572.38
3.75017,4.51204,2104.25
3.52545,2.83403,387.944
3.18027,3.82755,1121.03
3.67911,2.89753,419.931
3.37496,2.30488,198.695
3.40372,2.47606,248.146
4.91927,4.61665,2316.52
3.27311,4.03005,1361.22
1.70771,4.72548,2504.12
4.70227,4.26988,1714.47
3.48941,3.56625,865.803
3.41423,6.00012,6535.94
1.66024,3.67835,956.172
2.02806,2.99897,457.145
3.12474,3.61524,907.851
4.78335,2.57899,301.828
5.01669,4.26637,1714.12
3.72802,2.61792,301.58
2.74526,2.39231,219.55
2.92045,4.39025,1885.3
4.85576,4.15118,1544.57
3.10159,2.86915,399.29
2.7432,4.36447,1842.23
4.39039,2.61491,308.379
4.27586,4.14553,1526.34
2.54749,5.133,3476.03
2.37431,3.63871,923.241
4.31424,2.37896,230.204
4.59476,3.65502,961.584
4.98053,2.62317,321.873
2.53034,2.02284,129.231
5.00122,4.57562,2238.05
4.65975,4.05412,1408.84
2.33873,4.17564,1551.7
3.30545,3.6051,898.953
4.72965,4.36432,1864
4.27682,6.57259,9509.67
3.76626,3.99574,1325.11
3.56103,4.46664,2021.51
2.65362,3.5485,843.783
3.42567,3.9698,1286.55
5.26355,4.5664,2226.72
4.47087,6.52412,9225.06
3.78973,3.60421,903.788
4.37925,3.93504,1256.98
5.29325,3.95161,1291.33
3.33447,4.5018,2082.1
4.37749,3.93137,1252.59
5.45989,3.83196,1156.52
4.31655,3.88359,1197.97
3.12891,5.20233,3673.05
3.23091,4.68379,2428.55
3.73577,2.73246,344.748
3.83715,3.93498,1250.99
5.4336,1.50679,94.4704
3.48773,4.93076,2973.6
3.82631,4.65213,2371.52
4.60702,2.23514,197.778
3.40745,4.15336,1529.55
5.38938,4.33665,1829
4.70283,2.17127,182.824
1.68208,3.73008,1009.6
4.84614,2.55386,292.008
3.44715,6.64484,9936.99
3.06622,3.73611,1023.91
4.88377,5.55325,4795.05
4.00013,4.33395,1803.67
3.37426,4.52939,2132.76
2.73911,4.11883,1475.68
3.74289,4.16469,1548.74
2.66101,5.76821,5560.91
3.52551,3.63786,931.91
3.61904,3.25647,626.299
4.68233,4.62997,2339.64
4.82369,3.30096,671.269
5.49955,5.03064,3246.14
5.27185,3.91026,1242.89
2.49092,5.58428,4875.39
4.6682,4.64599,2370.06
2.59378,3.08728,511.066
5.53941,2.11627,185.416
5.42985,2.31953,230.098
2.47107,3.77737,1063.78
4.70247,4.29789,1756.95
2.46185,3.7352,1018.91
3.8676,1.97249,133.728
3.85122,2.85178,399.711
3.95533,3.31023,667.602
4.35842,3.53894,852.704
5.03087,3.76521,1078.96
6.02496,4.394,1935.33
5.27914,2.95279,468.949
2.59376,3.39454,717.496
2.48474,4.33639,1794.08
2.98811,3.38684,714.736
2.22329,4.15792,1525.55
5.06549,4.22375,1651.59
5.36513,4.83985,2788.58
3.39741,4.55699,2182.42
5.81573,4.24979,1703.42
3.28727,3.77648,1066.77
3.92255,5.21637,3722.07
4.68488,2.99463,480.667
4.55162,4.41019,1937.81
3.85909,4.27599,1712.65
4.44462,4.59003,2258.07
3.47496,3.90446,1210.2
3.79676,3.14462,555.04
4.51094,3.41451,751.803
3.95001,3.92589,1240.59
3.84281,5.32513,4039.77
2.99969,4.25513,1672.96
3.76844,4.17915,1569.01
4.66278,3.63746,946.862
3.84099,3.82817,1129.05
4.32794,2.92771,441.196
3.19174,4.50056,2078.11
4.9932,3.3961,745.369
3.41463,3.39931,727.837
5.9528,4.54233,2193.55
4.79278,3.57665,893.782
4.1033,3.3885,725.986
3.51721,4.30635,1756.06
5.15611,4.78038,2652.39
5.50601,5.75906,5559.95
5.08784,4.52234,2141.69
4.16421,5.51267,4644.34
5.14274,5.49545,4600.92
6.74269,6.19726,7512.8
3.90991,3.43539,758.961
5.3635,2.08563,174.966
4.1097,4.05643,1405.78
5.51074,4.42311,1973.45
4.6853,2.6744,333.934
2.31813,3.86295,1154.71
2.17585,4.97745,3076.92
4.34127,5.47059,4504.52
3.35063,4.53036,2135.76
3.86379,3.14387,558.213
2.60595,4.47687,2031.51
4.37625,3.08702,531.181
4.58564,3.30634,673.365
5.15918,5.18722,3657.67
4.49797,3.19775,598.792
4.12214,2.656,320.758
4.55355,2.18787,185.586
5.56533,4.53116,2166.7
3.55199,5.25929,3840.64
5.12644,4.8265,2754
3.63908,6.06214,6817.73
2.94644,4.9064,2909.76
3.47663,2.91083,423.463
4.42077,4.16127,1552.92
3.27525,3.24023,611.509
3.37117,3.75685,1047.71
3.82587,4.14725,1524.09
4.97446,2.47272,267.612
3.86762,2.9888,467.031
3.84938,4.73905,2548.61
4.82883,6.06141,6829.73
4.62366,2.36443,229.993
3.26545,3.73596,1023.93
3.22506,5.43479,4377.22
4.60089,5.18829,3650.34
4.82416,5.44683,4436.02
3.8076,2.79387,373.784
2.9593,3.58856,881.779
2.55097,3.13771,539.817
2.91633,4.48114,2041.36
4.70243,3.44374,778.32
2.44612,3.64042,924.32
2.73517,4.64719,2350.63
2.60216,2.53588,259.575
5.1516,3.24373,640.283
4.76462,4.42172,1958.31
4.81478,3.91209,1238.38
1.56136,4.10337,1446.22
2.69314,4.83839,2752.92
4.53204,4.02086,1364.43
2.8154,4.48561,2049.07
3.63926,5.3462,4101.22
3.66804,4.88141,2860.43
5.09541,4.69365,2471.04
5.29892,2.79986,398.54
5.00237,4.03233,1386.06
4.24505,4.16828,1559.36
2.95337,2.50235,252.296
3.91697,4.1739,1566.01
3.07556,4.23525,1643.37
2.65217,3.34797,683.492
3.36988,3.85106,1149.65
3.62547,5.9046,6124.11
3.75678,3.78818,1085.17
3.5884,3.8491,1151.1
4.70534,5.06661,3326.95
4.99836,3.77963,1093.52
4.18954,5.30098,3969.41
3.52694,5.06199,3300.46
4.42928,5.22284,3745.93
2.73723,3.90418,1206.67
4.25859,3.28707,655.863
3.82937,1.33871,58.6988
3.28786,4.55166,2172
3.42067,3.85581,1155.31
4.26899,3.87975,1190.97
1.70254,3.31365,651.395
5.40898,3.18819,606.412
4.53256,3.9297,1254.28
5.24139,3.63983,958.197
3.96831,1.847,113.356
3.98951,5.38752,4232.49
6.68049,3.68717,1032.21
4.23357,5.23545,3780.17
5.53548,3.82728,1151.65
3.15411,4.29138,1729.53
5.16983,4.43873,1995
3.60473,4.39281,1893.95
3.79983,5.41615,4323.95
5.36804,3.72241,1040.28
5.68065,3.25588,658.274
3.14302,3.09491,517.948
3.7983,4.27279,1705.45
3.63891,4.17161,1555.94
4.03557,3.15913,569.709
3.5661,5.15666,3550.83
5.59004,3.70334,1025.05
5.03536,3.65983,972.074
3.9012,4.84376,2776.63
5.33877,3.96902,1315.06
3.49432,2.48892,252.846
4.48554,6.03074,6685.49
5.94298,4.02837,1399.84
4.35711,3.97833,1309.67
4.31628,5.16429,3581.7
5.38518,1.9484,154.018
5.24633,4.27499,1732.44
4.57011,5.32515,4048.83
3.71515,4.30476,1755.72
4.19049,4.21333,1622.91
1.5042,2.46671,232.4
4.97754,4.58129,2248.77
4.42539,4.76462,2608.04
5.96578,4.51368,2140.88
2.89998,3.52407,825.281
5.00199,2.34053,229.026
4.71802,3.86697,1182.93
3.32499,3.15602,558.651
3.68895,3.89116,1199.02
4.00085,4.83957,2766.93
4.01014,2.80501,379.39
2.47432,4.26014,1676.61
1.84622,3.82771,1113.41
5.28812,4.62971,2347.93
4.70485,3.39633,741.808
4.08842,4.77579,2629.86
4.48374,4.98017,3105.08
5.20514,3.51468,845.732
5.20994,5.08909,3392.04
3.82147,6.07067,6859.39
6.73362,3.1935,637.548
4.03448,5.2765,3895.58
