3
3.36881,3.66628,634.319
4.30858,4.05927,980.237
3.51114,2.76042,199.059
4.26653,3.68794,653.192
4.15883,5.01696,2433
5.1806,3.90298,833.567
2.6588,4.64944,1742.23
4.2101,3.05204,299.253
5.44959,3.75893,712.735
0.93293,3.83728,760.071
5.01603,4.36176,1333.68
3.90977,3.43761,486.167
3.14642,3.09531,315.139
6.00565,4.60435,1685.97
4.53591,6.17123,6038.2
4.11547,4.80144,2011.37
2.36556,3.89899,817.156
4.77092,3.37521,457.315
5.98102,4.10217,1033.09
4.43428,3.97304,893.731
3.88798,5.23473,2926.41
5.41008,3.37521,460.014
3.93427,3.1536,341.072
3.95242,4.52025,1547.76
2.44066,4.9718,2333.49
4.55202,2.96291,269.837
3.46163,4.83421,2065.96
3.16303,4.43331,1421.4
3.94717,5.25495,2976.45
2.8852,4.42041,1400.49
3.71363,4.07464,991.038
2.10704,3.40555,460.84
4.73951,3.64296,621.474
4.94778,2.99283,282.206
3.68858,4.07188,988.662
4.80877,6.40334,7113.4
4.91176,3.26994,401.724
6.00092,4.51882,1557.55
4.73726,3.13851,340.354
3.27992,3.06551,301.518
3.50868,4.45325,1449.4
3.93878,2.77292,207.061
2.70883,4.26882,1205
4.00655,3.72869,681.974
2.88936,5.0773,2558.2
5.33484,2.93438,263.767
3.94165,3.28663,405.165
3.60302,5.9192,5019.88
3.36015,3.90341,822.417
6.66504,3.76324,726.979
2.30346,5.25173,2964.12
5.79945,3.51244,541.137
4.92834,4.36126,1333.87
5.47766,4.54091,1587.66
4.20812,2.85746,233.164
4.1305,3.89998,826.84
4.34869,3.78481,729.718
3.0446,4.17194,1094.88
4.12139,3.98715,907.274
4.18824,4.31986,1276.67
3.01496,4.55605,1597.91
3.86581,3.53109,542.731
3.45579,3.25829,386.815
6.4037,4.33726,1311.43
5.01211,3.87007,802.824
3.38291,5.17237,2776.21
4.40353,3.85369,786.799
1.97266,2.46411,125.93
5.28972,4.54817,1597.96
5.92993,5.10071,2623.84
3.63866,3.1817,353.693
3.67566,4.00296,921.419
6.35882,3.26453,407.282
4.19206,4.7861,1982.66
3.89532,4.91206,2217.05
4.48596,5.70605,4275.57
5.51959,2.81278,226.679
4.63537,2.70598,191.17
5.35525,2.98067,280.888
4.33359,4.53333,1569.61
5.22929,4.2774,1228.2
5.69519,4.01455,940.145
3.32406,3.25317,385.745
4.73757,4.72568,1880.34
4.62462,4.1246,1050.21
2.93491,3.89582,817.007
3.80204,5.95207,5144.15
3.18218,2.22429,87.9482
4.00214,5.10036,2613.53
2.61377,2.85042,223.305
5.13057,2.92612,259.582
3.09429,4.28458,1226.15
4.51246,5.22732,2911.65
4.2219,3.86045,790.886
4.82199,3.50071,528.249
3.42188,5.48616,3594.05
3.71259,4.89713,2188.51
4.77178,4.15919,1086.72
4.26323,4.10029,1020.62
2.96447,2.75956,199.611
4.5889,4.57068,1628.09
3.02872,3.98012,894.577
6.2641,3.12846,345.447
4.39683,4.07377,991.605
3.66334,4.33675,1293.76
4.02139,3.04367,299.421
3.29326,3.13556,331.174
4.01349,3.95162,870.977
4.41865,2.542,147.149
4.34742,3.78222,727.702
3.51897,4.4499,1444.89
2.01906,1.97661,55.6736
4.6141,4.31787,1274.63
4.63022,4.20045,1134.65
4.71128,3.66513,639.079
1.92953,3.60401,585.165
4.12726,5.04384,2490.52
3.73525,5.61012,3963.96
4.30454,4.44582,1442.17
4.1851,2.92992,253.95
2.62388,3.10001,315.208
3.98932,3.84636,776.205
2.46954,4.62014,1695.42
4.923,4.47822,1491.75
3.5618,4.83077,2062.1
4.54137,3.79684,739.014
3.43736,2.8713,233.903
3.54748,3.5262,537.908
5.12054,4.2283,1168.44
6.26205,4.02297,954.156
2.73557,4.99604,2384.09
3.93994,2.55105,147.823
5.03882,4.11576,1040.77
3.42016,2.74601,196.131
5.42998,2.84292,233.755
2.78439,4.51685,1540.09
5.6542,4.57436,1637.86
3.81162,6.39836,7080.54
4.35246,2.70625,188.399
3.96775,3.29489,409.493
4.22496,4.78702,1984.38
4.95817,2.45415,135.66
3.47158,2.88172,236.009
5.10894,4.30743,1265.06
5.15245,3.97109,897.731
5.21512,3.40737,475.994
3.7523,3.74869,696.619
4.96567,5.6777,4182.84
6.14122,3.17685,365.607
3.55496,5.07389,2552.23
2.72417,2.79101,205.502
1.67729,5.1722,2770.52
5.95903,3.30744,425.763
3.23684,4.39765,1372.19
4.39614,4.74007,1903.03
4.01011,2.34073,111.284
4.12193,4.16743,1092.86
5.05466,2.97113,276.59
4.51756,4.33006,1289.79
2.35473,4.63174,1715.1
2.95261,3.60704,588.378
4.60794,3.8679,798.211
3.28155,1.92635,57.6428
3.90127,4.14558,1066.6
3.50383,4.83203,2064.37
3.16008,3.89994,821.143
3.99819,3.00472,283.167
4.15467,3.74409,693.96
4.39324,2.10725,78.8763
4.69827,2.59123,162.49
4.2952,3.58075,579.705
4.93041,3.77109,721.163
4.70767,3.15423,346.64
4.99609,4.04837,969.899
4.61872,2.55529,154.588
6.86174,3.94794,886.55
4.28303,4.52353,1555.64
5.61262,2.92624,262.512
3.91245,2.5009,139.431
4.41272,3.89286,821.257
3.65171,4.07567,992.477
1.35036,4.59374,1649.06
3.92513,5.04841,2502.54
4.6671,3.31985,424.079
3.92631,3.12473,328.513
3.08076,2.47421,129.924
4.28924,2.62485,167.483
3.6046,3.06547,302.657
5.37176,3.66679,642.849
4.8846,4.00261,926.212
3.54732,3.46712,503.644
3.89751,4.46854,1472.81
3.92731,2.69189,184.504
3.54133,5.27355,3021.88
4.09028,2.40199,121.025
3.73275,5.8665,4826.3
3.80707,2.40422,120.444
6.45581,3.76782,727.564
4.35322,3.71049,669.763
5.24986,2.51807,150.036
3.32749,3.31239,414.362
4.92723,4.74428,1913.6
4.60558,4.36239,1332.14
5.37906,3.44336,497.631
4.883,2.99631,281.811
2.32546,4.86088,2111.75
4.27254,3.68027,648.312
3.21357,2.4708,129.752
5.39926,3.20642,372.807
3.79821,5.38357,3307.31
2.8549,4.73836,1893.15
4.72977,3.90199,831.656
3.90648,3.57164,570.164
2.47643,5.24096,2936.44
5.12172,4.76147,1943.9
4.08894,5.33674,3185.76
3.75897,2.92566,251.806
3.2319,4.27109,1211.05
3.71453,3.4985,522.738
2.30773,6.26878,6461.69
3.26367,4.31197,1261.42
3.39678,3.06,301.387
3.47271,2.59817,158.422
3.51795,2.64468,169.213
3.78975,4.11144,1031.61
4.64226,4.01223,934.858
3.90255,2.53368,145.183
5.06349,3.05573,309.086
3.59038,4.3214,1274.27
5.28691,3.2617,397.07
4.18573,4.45213,1453.21
2.67699,3.20823,361.216
3.70595,5.13175,2683.35
5.87562,3.79162,740.559
3.15809,4.2896,1232.6
3.6053,4.88523,2166.13
5.28887,4.37651,1354.82
2.60491,5.2219,2890.41
3.67596,5.07139,2548.34
3.22273,3.04046,293.63
3.23842,3.53375,543.425
4.53684,4.8891,2176.1
5.75925,5.42111,3420.86
4.10896,2.82485,221.268
3.72853,3.95288,869.939
4.02895,2.8465,227.912
4.95611,4.45016,1452.61
3.93834,4.748,1915.57
4.58925,2.13667,83.7042
3.22849,4.10405,1020.01
3.58243,4.65006,1746.64
4.8303,3.51787,541.33
5.18565,4.56284,1618.48
3.85395,2.75269,200.567
2.50198,2.65494,168.096
5.11476,2.80886,223.584
2.08898,2.26872,93.3228
4.40666,3.73308,688.916
4.85499,6.00439,5352.46
4.35178,3.63142,611.286
4.79155,4.60128,1675.29
4.43628,5.57665,3865.54
3.35943,4.76173,1937.18
3.9671,3.65946,632.913
3.51422,5.24615,2950.74
5.85224,4.37139,1351.17
5.50524,3.63167,617.765
4.67626,4.4735,1484.5
1.97352,4.18799,1107.97
3.66878,4.35338,1316.34
1.70053,4.71544,1850.68
5.06381,5.35112,3228.27
5.81285,5.36265,3263.57
4.11701,3.26756,396.329
5.22828,3.96858,894.889
3.65889,2.2644,95.9924
3.42632,3.11082,321.678
4.25027,3.44451,493.274
4.13064,4.79161,1993.24
3.18437,2.44595,125.118
3.89692,4.21778,1151.95
3.47193,4.90684,2206.66
3.78413,4.21799,1148.09
3.41374,3.69659,654.502
2.81225,3.20009,359.27
3.49458,4.27008,1211.04
4.0552,5.47538,3564.26
3.73897,4.86986,2136.49
2.80031,4.29594,1239.65
4.43173,4.64957,1750.64
1.54893,2.30535,95.6698
3.95089,1.56317,33.6126
3.94431,4.26804,1209.7
3.06261,3.15349,337.155
4.14936,4.02036,939.443
4.47144,3.2258,379.092
4.84925,4.32323,1282.14
3.21141,2.90998,245.004
2.32668,4.70162,1829.01
4.97297,4.5721,1632.45
3.00737,2.36787,109.339
4.7733,3.43168,487.562
4.9889,3.53939,555.083
4.44677,5.23324,2926.97
5.35075,4.65928,1772.77
3.75288,2.0057,66.1186
4.30173,3.65431,628.921
4.29784,3.59905,590.612
4.83507,3.10915,326.714
3.00114,2.62083,162.445
4.78248,4.41894,1409.93
1.96947,3.8511,775.461
5.00013,4.20194,1137.47
4.81692,3.17208,353.629
4.03629,2.98288,272.738
3.37397,3.45939,496.617
5.04211,2.79228,218.051
1.68634,5.48707,3589.39
3.25001,4.7183,1859.59
2.48371,2.17126,79.0569
5.93058,4.41906,1418.06
4.11022,5.38854,3325.25
3.85594,2.19925,88.6147
2.93526,3.2442,380.774
2.9777,4.98985,2372.21
5.69489,3.45131,502.713
3.38237,3.03174,289.061
4.11312,3.78758,728.913
3.64454,6.36047,6897.22
2.68309,4.08049,992.497
3.23075,4.07337,986.957
1.9847,4.03384,945.204
2.50163,5.3422,3193.72
3.69834,4.02552,940.545
5.29973,2.3767,122.997
3.74624,4.28838,1232.97
3.64491,5.03796,2474.97
4.01445,3.09371,319.328
5.68278,2.80802,226.744
4.98574,3.15301,346.658
3.32071,3.0139,282.768
3.1837,2.87867,233.402
3.19752,2.97511,266.594
4.54736,3.24933,388.611
2.90597,4.81848,2035.13
5.34592,2.68146,190.309
4.36024,4.2134,1148.06
3.35168,4.52832,1556.33
4.44245,5.31748,3136.39
3.70339,3.53368,544.72
4.85413,3.87006,802.72
4.29225,5.5082,3659.51
4.62802,4.21131,1147.14
3.61582,3.55579,558.666
3.62578,4.24392,1178.8
3.03438,3.95564,870.955
3.60768,4.74966,1916.51
4.14929,3.01834,287.31
5.17313,4.95248,2306.02
4.50891,2.51254,143.495
3.90626,3.85814,787.627
3.69858,4.16018,1083.51
3.20198,3.91776,837.29
3.67368,2.59951,159.843
3.67098,3.08976,314.485
3.37963,4.49578,1510.41
4.97089,3.84431,783.079
2.99154,3.71024,664.699
2.74669,3.99555,908.426
5.47143,6.18804,6115.73
5.00775,4.81045,2032.97
3.54041,5.02468,2448.02
4.11027,4.11457,1035.28
3.2043,1.54033,29.4949
4.09242,5.34499,3207.7
5.41051,2.6905,192.799
5.60762,2.79949,222.886
2.68419,2.77179,201.869
4.65551,3.73206,687.696
4.49294,4.69791,1831.17
3.57577,4.40712,1387.01
2.49739,3.95447,869.332
2.41908,4.10568,1020.11
5.19311,5.14707,2726.34
4.7452,3.21803,377.246
5.27122,3.28999,413.498
3.33752,2.36232,110.917
5.15471,2.60749,170.257
4.86703,4.01666,938.776
4.09172,5.07277,2552.32
3.99033,0.944784,17.7328
6.4832,2.59479,175.657
4.89408,4.22629,1165.3
6.93818,3.90721,848.486
5.31685,3.71499,680.482
4.33047,4.57306,1628.46
4.34863,6.05697,5558.81
3.22308,4.16356,1085.46
4.51564,5.25514,2979.97
4.49336,3.84146,778.268
4.08654,3.99677,916.095
4.3612,3.70311,665.233
4.0789,4.27644,1221.21
3.28745,4.32142,1273.75
5.08891,2.92581,259.985
3.99247,3.92474,845.096
3.81962,3.5954,585.961
5.12703,4.24059,1183.07
3.60865,4.26266,1202.09
3.44235,3.85895,786.217
4.68833,4.56488,1619.4
1.94923,3.86822,788.56
2.79974,4.51298,1533.7
4.9458,4.01801,941.127
2.83035,3.44533,485.959
3.27907,4.47976,1488.11
4.60856,4.31583,1271.31
3.71901,2.52407,142.352
3.73705,3.64861,620.964
3.46538,4.82903,2059.08
3.83972,2.5987,159.03
3.79579,4.76059,1936.13
4.92997,3.56785,572.069
4.81383,4.06739,991.14
3.98172,5.30734,3106.91
5.28022,3.76635,720.294
4.44732,4.57663,1635.76
3.85767,4.33856,1297.02
4.28359,5.1816,2802.11
4.17182,4.62572,1710.71
4.62719,4.75004,1921.86
3.58824,5.38889,3321.88
5.22074,4.49051,1509.83
4.4187,4.40749,1390.79
4.42381,3.42491,479.722
3.33022,2.66651,173.771
2.74864,4.26543,1199.93
4.38556,5.17575,2787.7
2.33074,2.29741,97.2502
4.76232,4.2824,1231.38
4.331,3.93032,854.176
5.09529,4.11344,1038.8
3.35025,5.26963,3009.22
5.52698,3.68664,660.97
2.90129,3.12015,322.716
5.28096,4.56299,1618.81
3.41137,3.37281,449.507
4.88858,2.76345,208.83
5.86896,3.97337,903.846
3.21859,3.4416,486.562
4.96738,2.92127,256.301
4.64641,3.82531,762.755
1.97887,3.61531,591.96
2.35128,4.75628,1921.7
4.60617,2.5281,147.421
3.49601,4.69095,1814.2
3.68777,4.18033,1105.51
4.67368,2.8934,246.091
4.16127,2.53043,146.269
3.69699,3.89544,817.854
4.16941,2.44724,126.199
3.09982,4.20602,1132.09
4.25693,3.9373,860.524
2.36778,4.23394,1165.41
4.07493,4.55725,1603.7
5.63195,5.05681,2526.27
4.67988,5.0245,2449.8
3.1967,3.44617,488.044
3.30721,3.78744,725.88
3.94178,4.86409,2125.47
4.00343,4.81221,2031.25
2.987,4.68127,1795.06
4.01662,4.61271,1689.47
4.54251,3.75154,704.636
4.74766,2.57926,159.935
5.58999,4.83838,2086.83
3.09652,2.92746,251.197
2.77045,4.34079,1297.82
4.66878,3.36895,451.275
3.03844,3.75558,699.101
3.24121,3.23105,374.579
3.97466,4.72526,1874.62
4.41899,4.65056,1753.12
4.58616,3.72121,680.152
2.96773,3.62287,601.188
3.10424,2.34924,105.964
3.0799,5.30699,3106.14
2.53126,2.23117,86.0685
4.44537,3.17584,354.902
4.64549,3.79672,739.703
3.55675,3.8333,764.605
4.23942,4.327,1284.18
3.51257,3.21684,370.059
4.52514,4.14977,1074.59
2.76672,3.61551,594.671
3.6602,2.9269,251.674
2.26802,4.67817,1789.62
4.01102,5.72545,4336.58
4.4943,3.44753,494.876
3.69636,4.7727,1955.22
4.67173,2.8499,232.103
3.0011,3.85051,777.448
3.58423,3.11224,324.685
4.75433,5.10678,2633.3
5.14103,3.00809,290.31
2.93974,4.28837,1231.8
6.44413,4.09725,1029.6
2.94874,3.79302,729.171
3.97675,2.273,100.282
4.72727,5.19485,2835.81
3.82326,4.84448,2090.16
3.91628,3.16535,347.826
2.90524,3.52005,531.556
1.95103,5.73089,4345.59
4.48481,3.92401,849.66
5.45469,5.3603,3253.62
5.47248,4.98751,2377.71
3.82199,3.16339,345.606
5.38696,4.40871,1397.38
5.45233,2.62072,173.282
4.46657,4.73456,1892.58
3.30351,3.35672,436.015
4.05975,4.42991,1419.45
5.14773,2.7751,212.169
2.97286,3.95331,868.216
3.27274,2.85121,226.764
4.99357,2.72721,200.363
3.89412,3.78281,726.78
6.55805,2.86505,250.478
3.82641,3.3416,433.567
4.23755,3.76349,710.218
3.64288,4.38306,1354.5
3.00239,2.62964,164.198
3.91085,4.22938,1164.12
4.30272,3.92311,849.074
1.95799,3.4241,471.754
3.81964,3.31036,419.284
1.2478,3.93423,846.766
3.78063,3.20822,364.716
3.44827,5.37359,3280.08
4.49395,4.79053,1995.45
2.37727,3.03694,287.079
4.59352,2.45475,133.876
2.91827,2.23379,90.4014
3.25963,3.76461,704.772
4.0669,2.80793,217.944
5.67633,3.56274,573.129
5.33297,7.19769,11959.8
3.1414,3.65843,626.945
5.29203,3.61659,606.57
4.19695,4.56768,1620.23
4.92016,4.06108,983.125
5.02636,2.55201,155.506
4.30426,4.53036,1566.23
6.29458,4.91435,2237.77
3.3472,4.24675,1180.54
3.63528,4.25019,1186.5
5.70788,5.12687,2684.12
3.34914,2.6547,171.104
2.10867,5.06949,2539.67
2.25978,4.62705,1705.53
3.24533,3.27879,398.652
4.36567,6.65862,8455.78
2.88903,3.62398,601.581
3.87062,4.79217,1993.62
3.40426,2.44809,126.052
5.4893,4.08208,1006.14
2.23449,3.97724,889.235
2.30712,5.18046,2789.04
3.4622,3.02886,289.29
3.70032,2.58376,156.283
2.21401,3.6238,598.763
5.48431,3.0611,313.16
4.36824,4.90438,2207.85
2.39479,4.41073,1387.63
5.07665,4.09957,1024.52
3.89936,4.30001,1249.57
5.46346,3.74314,700.313
5.01805,3.85733,793.248
5.94182,2.96515,278.76
3.4011,4.56324,1609.86
4.88249,3.75258,702.936
5.47688,3.68747,659.347
5.33322,4.85485,2115
3.33436,3.47731,506.628
4.70526,2.79308,215.48
3.20059,4.10339,1020.11
4.39176,2.28203,102.385
3.63929,2.06693,70.4706
3.89016,5.81403,4639.42
2.70741,6.42197,7194.49
4.08013,3.80718,746.268
5.29658,4.34263,1310.9
4.68239,3.95178,876.097
6.27983,4.4154,1412.38
4.08782,2.42369,124.124
3.60959,4.70007,1830.51
4.58323,3.74151,697.047
4.21593,4.16178,1087.75
4.40946,4.20991,1144.09
3.02835,2.77534,203.356
3.33185,4.91489,2220.88
2.84838,5.39004,3321.67
2.47451,3.81519,746.2
4.52879,4.58156,1642.57
5.53751,4.67533,1798.93
4.37145,2.68162,183.799
4.07675,5.55431,3795.38
3.6225,5.52455,3704.91
4.13137,3.92239,846.218
4.97572,4.41909,1408.49
3.57119,3.06841,306.308
4.98559,4.65463,1762.22
3.02116,3.44779,487.375
3.1847,2.89876,238.646
4.37997,3.49817,525.521
4.3648,3.44628,493.421
2.85088,5.09057,2587.35
4.66254,4.13532,1060.1
4.29176,2.99362,280.309
2.3504,3.56659,562.114
4.93547,2.29635,106.795
2.77778,4.30008,1246.92
3.36751,3.57767,571.671
4.16237,5.33564,3182.21
4.14712,2.69421,183.887
4.12592,2.27621,98.9485
4.03132,3.60562,595.103
2.71655,4.53579,1566.82
3.73714,3.76917,713.723
5.10529,3.53247,552.314
4.01818,4.98774,2371.68
2.83521,3.43411,480.57
4.98538,3.72056,681.79
2.55782,4.90783,2204.72
1.90989,2.7812,199.615
2.07833,5.49207,3605
2.959,2.54328,143.885
4.84123,5.33244,3179.53
5.02767,4.08731,1010.52
4.91253,3.82484,764.004
4.55539,3.09308,318.843
4.68162,4.85493,2113.11
2.67452,2.81023,211.67
5.65135,5.53766,3752.82
3.97126,4.88749,2170.25
2.01089,2.78462,202.205
3.56001,5.73299,4359.67
1.72199,3.74555,688.026
4.30074,3.48975,520.37
4.18077,4.17518,1100.96
5.05774,3.17273,357.091
2.31758,3.50215,521.047
2.47529,5.98171,5252.35
5.17267,4.10352,1029.68
3.79464,4.14838,1070.84
3.80291,3.93427,854.85
2.03973,5.75207,4418.34
4.94351,4.77578,1969.5
4.40881,1.50615,32.6725
5.25832,5.60499,3956.85
4.38901,3.13924,339.47
4.36709,5.93925,5098.73
3.65634,4.83067,2063.72
4.11157,3.04071,295.248
2.8395,3.73865,683.272
2.94955,5.06711,2536.65
5.14945,5.41266,3392.93
3.8645,3.68797,653.438
3.17765,4.95475,2298.59
3.43627,3.50024,522.217
4.21758,4.74638,1914.6
5.15657,3.6366,621.072
4.29008,5.07796,2565.54
3.83994,4.53167,1565.38
6.71753,3.4338,500.734
5.53056,2.70165,197.077
3.14464,2.94024,255.568
5.03689,3.27338,404.475
3.53119,6.12191,5821.94
2.62967,4.08552,1000.11
4.2778,3.71349,671.814
2.0359,2.02387,61.7938
2.90651,3.1828,350.297
4.7736,3.76899,717.685
4.11764,2.2635,99.3905
4.04531,2.73688,194.999
5.61571,4.26074,1209.57
5.59107,4.97119,2349.07
4.42898,4.5314,1567.54
4.96377,3.85058,786.162
3.03081,4.37597,1341.98
4.49984,3.05871,306.239
3.34759,4.65374,1753.51
4.75042,5.88224,4888.27
5.12798,4.2653,1212.9
5.97254,3.61631,612.217
3.6756,6.06701,5595.62
5.6544,2.65268,181.461
6.02862,5.65764,4126.6
4.01549,5.77064,4488.77
3.65533,3.15819,343.52
2.52339,4.1247,1039.14
3.20844,5.97352,5223.15
2.09946,4.86221,2115.33
3.12171,4.5776,1631.06
6.2718,3.19316,373.295
2.30025,2.48403,128.844
4.60954,4.07601,996.996
4.48056,3.63251,613.645
3.40607,2.90584,244.872
3.55259,3.43913,486.523
3.01163,3.94131,858.323
2.66428,4.56428,1608.41
3.71403,5.9889,5286.19
4.13851,1.92648,58.7679
5.06159,4.51907,1552.18
2.63702,3.45452,489.372
3.09902,2.92137,249.64
5.47707,3.58481,587.617
4.3731,5.28413,3051.47
2.71775,4.5773,1627.7
2.31027,3.33153,422.385
3.47754,3.65816,627.675
4.35084,4.63444,1725.9
5.21783,2.50734,147.132
3.76501,2.72688,192.188
3.45952,2.74474,195.958
4.39898,4.23808,1177.67
3.50703,3.99449,911.098
4.22623,3.51093,531.312
4.2644,3.68898,653.934
2.53252,4.91909,2227.21
4.33535,3.84206,777.092
2.82926,3.67024,635.249
2.92287,5.72298,4324.85
4.32128,4.05662,975.085
5.67095,3.09342,326.601
3.45176,3.82853,760.372
4.27093,3.27388,400.85
3.95226,3.14727,338.435
2.44512,3.15478,335.83
0.561664,3.4467,481.636
4.46878,3.16162,346.076
5.56858,4.89606,2196.51
4.50074,4.99237,2383.35
5.27692,5.80221,4602.69
4.80309,3.69232,659.919
4.76719,4.75905,1937.76
1.71722,3.85259,776.612
4.81763,3.4925,525.675
4.03841,4.58919,1652.88
4.33267,3.76455,714.309
3.45017,3.0275,288.531
2.39524,3.68768,645.011
4.91445,3.70815,671.762
5.08685,6.67284,8540
4.93344,4.08646,1009.05
2.93878,2.78716,203.848
3.17821,3.13348,329.892
4.13999,3.79693,738.446
1.94163,4.35298,1309.5
2.9919,4.35531,1314.78
1.9296,4.7354,1885.83
2.13754,4.0077,918.223
3.75126,4.53348,1566.41
3.49478,3.83969,768.788
3.1103,3.87381,798.207
4.03463,1.49284,31.8619
3.6272,4.1043,1021.66
5.61332,3.0418,304.013
2.63521,4.03999,951.334
4.20093,4.61257,1690.86
5.05724,4.09037,1015.35
2.21348,3.74884,689.943
2.82193,2.41786,119.592
3.16477,2.28399,95.2351
3.63279,4.01198,929.172
6.05658,3.56597,578.28
4.40961,5.24202,2946.27
5.86773,4.55542,1611.32
2.97014,4.19218,1114.85
3.62449,3.67113,637.971
4.7326,2.78169,212.41
4.66396,4.35857,1329.55
3.51866,3.88851,812.879
3.26705,4.60438,1673.9
3.60791,5.51055,3664.19
3.25412,5.85763,4791.57
4.93085,3.14195,341.034
4.00114,4.55007,1593.47
4.01895,2.50921,140.993
1.65913,3.93641,849.465
3.43563,4.56892,1620.25
4.55351,4.03108,951.138
4.79606,4.30202,1255.8
4.96053,4.58661,1654.51
3.70139,2.57836,153.492
3.81829,3.35054,438.125
3.7458,4.68097,1797.83
2.55633,4.83907,2073.72
4.22701,2.61528,167.354
2.50631,3.58848,575.784
4.01446,2.80681,216.71
2.63192,2.93231,248.508
3.08245,3.37438,447.375
4.58586,4.89732,2194.55
4.74726,4.92816,2253.47
4.31201,2.98058,275.603
4.87307,4.57665,1636.68
5.48827,4.0361,963.081
5.10674,3.35719,448.059
5.29762,6.25793,6427.22
3.83112,6.42377,7206.61
5.01536,5.82284,4675.33
5.72761,4.96031,2325.15
3.00333,4.36449,1328.77
5.24023,4.59293,1666.37
4.16348,5.01979,2439.2
3.72409,4.32962,1286.35
5.88751,3.8538,793.968
4.26033,4.23846,1175.75
5.17473,4.13958,1066.78
4.84986,4.57115,1629.54
3.96498,4.6621,1769.36
2.464,2.65136,167.478
3.78417,3.35956,441.689
4.13801,4.77711,1965.3
4.92609,4.69652,1829.7
4.27172,2.51418,142.577
2.94103,3.35251,435.805
4.84481,3.32687,427.764
3.63596,3.63267,610.13
4.04467,4.59289,1658.09
2.85388,4.58558,1642.1
5.42297,4.32964,1295.19
4.18163,4.32543,1283.35
2.58609,5.18584,2802.85
3.84589,4.37435,1343.97
3.3099,3.97607,891.62
2.58421,4.80373,2007.26
3.55083,4.30272,1250.61
3.64918,3.96403,880.682
3.80785,3.04882,299.668
4.67886,3.98946,912.485
3.70562,4.71617,1859.51
5.16346,3.8446,782.275
3.72373,3.60956,594.967
3.42733,4.18963,1116.84
5.26545,2.3844,123.462
4.03787,3.31737,421.495
5.29366,5.22437,2910.79
3.05088,4.69864,1826.56
5.06781,3.75166,703.977
3.08572,5.66053,4121.46
5.37691,3.19096,365.862
3.37628,4.21975,1150.45
4.29493,4.47192,1478.91
3.6949,1.63492,36.2849
3.2468,4.97965,2352.72
4.6117,5.02633,2455.87
3.74818,5.43888,3459.84
4.00274,2.32811,107.789
5.9183,5.98642,5287.48
4.60164,4.01118,932.57
2.48547,4.00592,916.197
4.56872,3.20741,370.897
3.76547,2.01292,64.0485
2.20327,4.82617,2048.33
3.58463,2.35006,109.232
3.62462,2.95818,262.627
2.76112,3.59219,580.794
3.55383,3.5621,563.654
3.68217,3.00413,279.651
5.23616,2.68104,186.735
4.12867,2.40077,120.048
4.61563,5.26887,3015.05
5.13242,4.22524,1164.83
3.29902,3.17804,350.1
5.3141,3.56014,568.922
4.19283,4.03504,952.605
2.70272,4.44103,1429.93
4.58008,2.57641,158.304
5.32721,1.7086,49.7305
4.52768,4.76966,1955.23
4.41748,4.0143,934.401
3.12558,3.47868,509.061
4.23657,3.71996,675.966
2.32309,3.30715,409.208
3.51418,2.84065,223.285
4.8025,4.54652,1589.53
4.68459,4.27256,1218.55
2.76743,4.96761,2323.1
3.99113,3.24044,382.965
4.08719,4.50254,1523.04
2.98553,5.68206,4189.11
2.12071,4.046,958.399
3.88812,2.8662,232.125
4.72305,3.34208,437.577
5.71114,3.00119,289.149
4.27535,3.44557,493.17
5.06655,3.4668,509.886
4.15161,6.4465,7323.67
4.14284,3.35956,443.598
5.8067,4.75276,1932.14
2.61189,3.58475,573.02
3.89814,3.47761,509.812
4.39755,1.72901,43.6223
5.61572,3.75426,712.301
2.70293,4.97076,2331.29
4.62159,1.97602,64.9038
5.9034,2.80584,226.116
4.13077,3.62577,606.96
3.26715,4.62035,1698.08
4.02358,2.6458,173.116
4.95797,5.82658,4688.11
5.26309,4.17949,1113.11
4.95888,5.1367,2698.69
4.9891,3.69579,662.972
3.67669,5.36832,3266.86
4.1604,4.37331,1344.19
4.96751,4.86174,2126.85
4.7645,3.48601,519.028
2.33713,2.49367,129.371
2.30566,2.86846,227.737
4.34408,4.62881,1715.58
4.6941,5.76177,4462.88
4.07501,4.0983,1018.42
4.5116,1.51457,33.2322
4.27547,5.36276,3255.2
5.2092,2.74572,205.219
5.2662,3.16288,353.587
4.13176,4.26311,1205.36
3.61866,6.41413,7160.58
4.63872,4.84242,2088.01
5.57942,2.53223,155.188
4.26284,2.89054,244.006
4.6263,1.70724,45.3935
4.15116,4.04075,958.52
3.80675,3.13947,335.873
5.09834,3.86939,803.288
4.83402,2.60198,167.863
2.62773,4.1023,1016.87
2.22499,3.59168,578.529
4.18265,4.07779,997.972
3.04081,3.45343,492.045
2.89402,4.12758,1045.13
6.1124,3.15169,354.551
1.24592,4.46874,1465.3
4.61792,5.90907,4985.36
5.05175,3.68716,657.643
3.57883,2.66911,175.042
1.87977,3.35588,434.852
5.35159,3.12848,340.751
5.97566,4.11768,1047.7
4.06066,6.31039,6661.77
4.52994,4.28198,1229.57
3.40421,4.04463,959.313
3.49355,4.85435,2106.2
4.31277,5.73927,4382.9
4.98365,3.28931,412.124
3.32255,3.88977,813.328
4.98656,3.02465,294.56
3.83226,4.32204,1276.37
3.88109,4.05874,976.301
4.84118,5.06432,2539.62
4.31765,5.28291,3048.95
4.9794,4.19825,1133.9
3.51894,5.45438,3500.72
2.96923,2.7311,191.194
2.23253,1.86369,46.5938
3.16998,4.18316,1107.2
3.80885,2.59416,159.272
2.64525,4.06222,973.689
4.95572,3.77349,721.449
3.656,4.29342,1239.52
4.29206,5.52241,3703.57
2.89645,3.02052,283.401
5.21398,3.79238,738.858
2.96994,3.89727,816.56
4.29049,4.1584,1085.34
2.96577,4.36232,1324.15
5.24164,2.03583,74.1213
1.63811,2.50328,132.456
3.57227,6.01724,5397.56
4.56237,4.90322,2204.18
3.07896,3.91018,829.836
5.69422,4.24001,1186.95
4.68966,3.42857,484.501
4.09663,3.68582,650.623
1.6786,3.90959,827.624
2.8801,4.6624,1765.92
4.80778,2.17826,88.1168
3.26964,5.13405,2684.39
3.65835,3.45224,494.897
3.3307,4.81373,2029.94
3.25726,4.03505,949.563
3.86311,4.70919,1845.93
4.85871,4.07171,995.074
4.36328,4.71007,1851.49
