3
4.17685,2.82648,15.633
5.51525,5.85489,78.8067
2.21366,4.07767,35.0722
4.0692,6.18291,90.6677
5.33639,3.20336,22.3508
4.16381,2.92303,18.382
4.989,4.87501,51.6926
4.74182,5.80768,78.9297
4.21611,5.07258,57.5388
2.69838,3.34455,24.1706
5.49153,1.41293,6.75368
2.34448,4.3364,38.6668
3.9172,2.13537,10.7864
5.64718,4.67722,44.6115
4.23955,3.77104,29.9254
3.37684,2.75354,17.8427
3.22929,1.66223,7.00872
4.0543,4.9645,53.7572
5.63076,5.51166,69.4413
4.08106,2.696,13.7992
4.00694,4.16313,35.9338
1.75239,4.29169,38.4944
5.17957,3.88732,31.3105
4.14284,4.82006,50.615
2.92332,4.97012,55.5879
3.73368,2.51568,12.4534
4.97967,3.27445,22.2553
4.46364,2.48224,14.9237
4.78614,2.81519,16.1563
5.77412,5.98031,82.287
4.99278,3.56944,25.9168
3.65763,3.8407,31.8859
2.31416,5.12034,59.2669
3.6241,5.67159,72.1804
4.98587,3.6011,25.8219
3.19916,3.72702,27.8361
2.22557,4.56061,45.1619
4.28318,4.72307,47.579
4.18134,5.50627,66.7527
3.31513,3.48504,25.4237
4.50296,4.08428,34.2017
3.30247,3.43876,23.9457
6.8475,5.34135,65.7075
5.65667,5.65461,71.9433
4.62593,4.38546,38.7471
3.06582,4.93478,52.5089
5.40159,3.51331,27.0692
3.70653,3.93688,34.002
4.60023,4.73074,48.9601
5.05179,4.09275,35.5556
4.36516,3.71922,28.4564
3.57283,4.13935,35.5479
3.87704,2.80759,16.2123
3.06541,2.03373,10.9467
4.84977,3.54634,26.67
4.04451,5.42514,68.1921
3.94856,4.65717,46.9813
4.16163,3.03811,20.1289
4.7065,3.56837,28.2614
5.02823,4.28639,38.7349
4.3383,4.74435,48.3502
4.42514,4.45942,42.3473
4.78538,3.77257,29.2092
4.47393,4.48704,42.3705
3.80407,4.27989,37.0417
4.27341,3.46588,22.8563
4.85202,4.6283,46.9028
4.86895,3.41184,24.3522
3.23305,4.90229,54.5189
2.05949,3.32321,22.8004
3.67323,3.90601,30.8769
6.23187,3.61936,26.2967
3.50996,4.87005,50.6857
3.32648,1.93947,10.0579
5.39364,4.42359,41.4417
3.78543,6.4434,99.073
3.46321,2.74853,17.011
5.32914,4.39553,41.6983
5.04718,4.23249,38.5799
4.46042,2.85601,16.8924
2.01687,3.3193,23.1697
3.81881,2.96331,18.9331
5.31147,4.24727,38.919
4.16791,4.90401,53.578
5.24513,3.29852,22.8802
4.2933,5.18819,61.6779
1.02953,2.33705,12.8766
4.2988,3.51493,26.5446
2.54596,4.51548,44.4418
3.83593,5.32377,65.7648
5.36069,3.40792,23.7709
4.26025,3.59303,27.2775
3.00222,3.30318,23.4114
3.0787,3.49137,26.1855
5.70319,3.71252,29.8983
3.07773,4.37682,41.2547
5.39589,2.7022,16.9481
5.81759,5.3362,61.72
3.19203,5.52202,69.1503
4.99385,4.44315,41.9655
3.50798,4.24478,38.3844
2.90549,3.03398,20.4267
1.69713,4.02746,36.8124
4.51058,5.08578,58.6718
5.4425,4.00504,33.8902
4.00352,2.89749,16.9452
5.55435,3.55712,26.0585
3.94646,3.96754,31.97
3.38878,3.73183,27.2178
3.8113,1.15018,4.03626
3.46431,3.8339,30.9021
3.78484,5.12986,58.4059
4.14381,3.15766,22.0795
2.74688,4.77358,50.804
3.35035,5.4689,68.808
3.39429,4.96524,52.6031
4.35029,3.0297,20.2391
4.59749,4.16483,37.2445
3.00397,2.98186,18.362
5.51524,3.07528,19.5086
4.98917,3.70804,28.4737
4.34056,6.32914,94.2798
4.69692,3.9525,31.7555
5.47711,5.59086,72.08
2.32275,5.51658,69.3297
4.76948,5.06049,57.082
5.17047,4.23199,36.6779
4.2852,4.82545,51.4472
2.49128,3.79552,27.9505
3.1657,2.3128,10.9037
3.25289,3.5828,26.9622
3.39101,4.67195,48.3356
4.99934,4.2129,35.6619
3.98334,3.21132,21.467
3.21865,2.27938,11.5832
2.89347,2.78877,16.841
4.25357,5.32706,61.1459
3.33538,4.22032,36.666
4.30472,3.80747,32.503
3.66425,4.18361,35.6106
4.49309,4.95891,54.0821
3.793,3.91393,31.18
4.63799,3.24176,22.5616
4.05837,3.79747,31.9527
2.48104,4.49989,42.6677
4.00984,3.60287,26.457
5.97703,3.88447,33.6874
3.50505,5.77166,75.6376
4.01846,3.99006,33.9515
3.26778,4.56036,42.8855
2.99794,5.03123,54.7753
4.74931,4.58769,45.1357
5.89424,3.45916,24.8301
5.75038,4.3758,40.9659
2.63683,3.39648,21.9694
5.20019,4.13897,36.355
2.43594,2.20776,11.1608
3.08117,2.99189,19.3588
4.92537,2.38434,13.1012
3.59062,3.72355,30.6121
5.07783,2.20507,11.3594
3.46492,4.96095,54.7171
1.70198,2.96241,18.1659
2.19893,6.09933,89.2659
3.68943,3.88439,32.3336
2.17042,3.50954,27.4975
2.73574,4.63348,45.6796
3.48392,4.9469,54.1307
4.25686,3.51236,24.7998
5.1352,3.32974,23.3652
4.5761,4.71407,47.2401
3.16112,3.66882,27.6857
5.87344,3.06433,20.7015
4.19623,5.7736,76.6815
5.27274,4.07999,33.7442
4.29205,2.61139,15.3659
5.44317,3.75732,29.1254
2.68499,4.0512,35.0938
1.99031,5.23071,60.9523
3.94476,3.46132,24.3601
5.32834,3.12198,21.038
4.23869,4.78592,48.4412
2.09286,4.09935,34.4631
2.53134,4.4772,42.7535
3.71678,5.05659,55.5253
3.35957,4.01109,33.7927
3.047,4.97792,53.2662
4.63516,3.1521,19.5303
4.3069,3.83314,30.9279
3.93067,3.6122,28.1655
3.96187,1.99139,8.37906
3.12024,3.86503,30.3537
3.91265,5.39532,65.8949
3.80388,2.93185,17.6187
2.73725,2.32999,13.2893
3.94612,3.55423,27.0674
4.87529,4.26778,36.8577
5.94173,3.52193,25.656
4.96118,3.13,21.5605
2.82138,2.35153,11.0751
2.50063,4.98618,55.6735
4.41163,3.60819,28.7959
4.23335,3.20882,22.2381
3.33381,4.04074,36.1454
4.37697,2.29478,14.1405
2.04492,3.90941,32.9833
4.7462,3.55246,27.8668
3.87802,4.1664,36.8079
4.78372,4.34923,40.7719
5.04653,4.11625,36.3892
4.4838,2.59094,13.4436
5.05577,4.81299,51.2431
3.75815,5.36527,64.6253
4.74763,4.54383,43.6566
4.77144,4.2263,38.9237
4.44723,4.36939,41.4205
4.62633,5.02076,55.6749
4.34856,5.03986,55.6181
4.16995,4.74126,49.1389
5.34709,4.37527,41.5389
5.07064,3.20544,20.9138
3.18075,3.12129,21.4897
3.08067,4.87806,53.2559
4.07016,4.02121,35.9866
4.36127,4.65732,47.3204
4.26048,2.5489,13.0504
5.38935,6.10882,86.9776
3.57362,3.92983,33.5467
3.16626,3.8723,33.133
2.26199,2.94434,18.8155
2.80592,4.9366,53.9317
3.29946,5.33116,62.2376
4.7243,3.61097,28.024
4.61179,3.84165,30.8774
3.79228,3.96228,33.6655
3.87455,5.79636,74.5692
5.22849,3.11911,19.49
1.5045,4.80935,50.0995
4.48075,5.06222,56.1315
5.09524,3.63477,27.1906
3.02796,4.92274,54.8891
4.00393,4.20143,37.2574
3.93229,2.89646,18.5128
2.94986,5.78531,76.9747
5.78471,4.51744,43.1045
3.72372,3.47211,24.7055
5.74916,4.88028,51.2147
2.8341,4.0417,34.2675
4.3493,2.73268,15.5654
5.13078,5.85035,79.5078
3.81453,4.47078,41.7004
4.65456,3.70238,28.0395
4.30122,5.86285,80.0708
5.33605,4.62127,46.2026
7.44118,3.99686,35.5272
5.63434,4.22353,38.2588
2.59486,4.8697,52.3402
3.97529,4.25172,37.5001
1.35585,5.44944,66.1524
3.80112,4.43295,40.5785
1.93893,3.2951,22.2144
2.15859,6.57004,104.235
3.73059,2.28596,12.1813
5.08799,6.03371,84.5758
4.36213,2.31542,13.0839
4.07083,4.83947,51.4382
5.7417,4.49895,42.8322
4.10028,5.95033,81.2826
3.74078,3.20385,20.4852
2.82722,4.78085,50.7797
3.22907,3.26671,22.377
5.40585,2.47082,13.907
3.7202,4.40053,40.9906
2.35124,3.87025,29.4275
3.48471,3.22464,21.8292
5.33711,5.08067,58.2458
4.30399,3.64623,28.0302
4.25704,6.13372,88.568
2.98035,4.76384,49.4774
3.61532,3.85588,30.7244
4.19689,4.70832,48.9169
3.56736,5.3592,65.0471
3.46874,4.77967,49.5784
5.297,3.73624,29.6876
5.14844,3.89833,32.8365
4.94189,2.73842,16.434
3.44707,4.68124,47.0109
4.48365,3.4017,23.7675
4.32509,4.27181,38.7176
2.71647,3.89559,30.5345
5.74968,4.98936,54.3406
4.84146,4.87286,52.9618
2.73409,4.55266,45.571
6.5939,4.91013,52.8337
2.21793,4.57376,44.4736
4.28202,7.00356,122.255
3.627,4.44923,42.4991
4.0962,3.2439,20.9712
4.83897,3.17027,22.7054
5.33986,3.40554,25.5061
3.04174,3.21092,21.5034
5.20018,4.64927,46.1934
4.10428,4.79102,48.6374
3.16987,4.24134,37.1138
4.03605,2.44287,13.4111
3.74778,5.53861,70.423
4.94282,3.43727,25.8869
5.20446,3.20816,21.3369
4.6283,5.33904,63.5726
5.95242,4.08114,33.8443
3.8128,4.33614,39.2346
4.10979,3.3269,22.4986
3.25948,3.84294,31.3441
4.94963,2.87403,18.6323
2.91585,3.60717,26.6009
6.03876,3.51719,25.0022
4.96408,2.80617,16.4266
4.51803,4.2004,37.1163
5.04519,4.74295,50.606
4.22289,5.03743,55.06
3.85513,3.30661,22.7116
2.14194,2.11476,10.7883
4.19661,3.28122,23.174
5.27567,4.17067,35.4398
4.91061,2.76343,17.2459
5.36117,4.45015,42.1239
3.43129,4.54219,44.3339
5.14168,4.09803,37.486
4.18522,3.45658,24.7802
3.68113,3.71876,29.8963
3.08627,3.64174,27.4484
5.11872,4.94827,53.3876
1.3234,1.98429,10.4177
2.64377,3.89404,33.3094
5.26036,2.7985,19.0939
2.95925,3.95053,35.1288
2.85014,5.71182,75.4045
1.96686,3.66184,30.4586
3.60996,5.78899,76.1162
3.63978,4.26615,39.0867
6.59865,3.78224,29.0363
5.74034,4.59373,45.7054
4.86978,2.41606,11.996
2.67549,2.33512,11.9527
2.83235,3.36601,21.9251
4.79102,4.40836,40.8828
2.0371,4.11194,36.7082
5.08409,2.59885,15.6396
4.04552,1.88025,8.97992
4.48834,4.1145,35.5666
4.30427,3.56892,27.4317
4.76334,5.83578,80.1425
4.09533,1.93369,9.74416
4.67623,4.09169,34.2316
4.16138,4.16833,36.6783
4.92012,3.27925,24.025
5.47499,4.23271,38.4267
4.04943,2.97626,18.6073
4.87338,2.19909,10.774
3.81791,2.54193,15.2878
4.78044,4.86816,52.0504
4.26868,3.45748,24.8515
1.95364,4.36863,39.7872
4.13773,2.27921,12.746
3.26858,4.43873,42.8965
3.21381,3.3284,25.5209
5.18502,3.25053,22.6332
3.69439,4.68427,47.8597
3.98075,3.62024,26.1157
2.85822,4.42202,43.2344
2.7517,3.79304,31.1148
2.69008,4.11235,35.4639
4.0614,3.35222,24.1357
5.49582,4.87922,50.63
3.65459,5.60602,72.2174
4.50865,1.96593,9.91784
3.88711,4.28511,38.1121
5.23617,4.01376,32.6882
3.87032,4.24405,38.9473
3.14575,5.50146,68.0455
4.25215,1.51753,7.20282
4.319,2.24825,14.0929
3.35772,2.74918,16.233
3.84733,3.39042,22.4473
4.33115,5.47628,67.348
4.05532,2.49448,13.4772
5.57632,4.60653,45.9909
5.67361,3.5423,26.0817
4.07884,3.30874,22.5432
5.84277,3.6565,29.9399
4.8232,4.07388,32.7431
4.14969,5.48044,66.5062
4.56895,3.67353,27.7527
4.29841,3.1512,20.8458
3.42445,4.27132,38.9358
5.48889,2.52812,15.7604
3.89959,3.09307,18.7614
4.95696,3.4193,25.156
4.55993,3.58253,26.8405
2.60484,3.3439,22.7405
3.9946,2.77851,16.8269
5.67176,4.84075,49.5002
4.46016,4.45309,42.7026
2.38725,4.27553,36.8965
2.70799,2.6685,15.3623
5.50472,5.06938,55.2561
2.82356,3.86286,30.4588
3.32803,2.79154,17.8812
3.53672,2.26747,11.6713
2.61237,3.74207,29.6485
4.84969,2.96433,18.1024
3.05237,3.59855,26.9137
2.27192,2.88875,18.8621
3.70384,3.34717,22.978
3.49068,1.56009,8.2387
4.03886,4.20463,36.7529
3.98881,3.90419,32.0015
2.09011,3.21957,22.2387
3.8802,5.0627,57.0164
6.6005,3.94196,33.6166
5.13916,3.00069,19.3001
3.88641,2.67961,16.7638
5.16842,5.22319,58.0741
5.09215,4.57989,44.6261
6.33185,2.75325,17.4552
2.62599,4.67588,47.0784
2.13571,4.85242,51.3642
4.37514,2.22556,12.3495
3.6147,3.28291,20.8673
5.76363,4.64854,46.512
3.86023,4.08538,33.1471
3.97391,2.61043,15.7715
2.56218,3.84993,31.6348
3.76513,4.51368,42.4041
3.34668,5.06942,56.0908
3.85337,4.7076,48.9567
4.47992,4.40835,42.6604
3.53709,5.02085,56.9059
5.64409,4.82927,50.4996
2.22961,4.00865,34.2564
3.20762,4.46201,42.5267
3.64137,3.92027,31.5464
3.1496,5.33505,63.0451
5.4326,4.82812,50.4209
4.37044,5.77846,76.9849
3.20178,5.15593,59.0852
3.86747,1.57665,6.82591
3.08644,4.52972,43
3.0648,3.52425,26.0697
3.28188,1.42197,7.20936
3.34806,5.03027,55.7537
5.46157,3.88513,31.8598
5.10935,3.60264,27.6729
4.28966,4.29501,39.0312
3.08651,4.81906,51.953
3.66341,3.21789,22.241
4.30348,5.52021,68.9384
4.29192,4.24003,37.0517
3.41117,3.10729,20.9196
2.89988,2.81164,15.6872
5.00097,5.43912,66.4683
4.07227,4.29731,38.8395
4.44911,3.08756,20.5028
3.47187,2.84264,16.6082
3.60823,4.69689,46.9019
2.37875,4.12998,35.3066
3.19929,3.38288,24.4601
3.59184,4.86337,51.9442
4.35052,3.81363,30.8179
3.21956,5.50945,67.1317
4.33751,3.54599,26.8083
3.98333,4.03347,35.9353
3.00441,3.39575,22.9558
4.52183,6.95931,122.312
4.83089,3.13333,21.4572
2.1653,3.10817,21.6483
4.70937,4.11779,36.7806
3.33699,5.1367,59.0073
4.4852,3.86134,31.8783
4.68588,3.06575,20.4226
3.49875,3.95778,32.6991
4.61958,4.94638,53.0834
3.83885,3.205,22.3036
4.02468,2.24379,11.5408
3.42493,5.00703,56.6012
4.10905,5.89722,79.8058
4.69947,4.14283,37.5367
3.2453,3.60429,28.0666
4.41624,4.61251,45.5645
2.98642,3.53706,24.852
2.43961,5.26992,63.0401
4.35273,2.54097,13.6767
3.64908,3.45289,26.4675
4.96006,2.84477,18.4114
5.64875,3.9815,32.8653
3.94994,4.56392,44.8234
4.59134,2.67474,15.5066
3.06342,5.07787,57.0458
4.23631,4.59324,45.3518
2.68742,4.03273,34.1165
3.31154,4.78714,50.297
3.00268,4.29394,38.4252
2.62642,3.5418,25.0797
4.92185,2.33698,13.5068
4.22613,5.44023,66.7878
5.45016,2.7977,15.7036
2.77773,3.9103,32.9873
4.53967,4.90382,53.6788
2.38799,3.87557,33.1062
5.05177,2.05341,11.2436
4.16507,3.9739,33.774
3.60917,4.17301,37.7234
4.42681,6.52174,102.995
4.69771,2.92973,18.1602
3.60678,3.26689,20.2939
4.6729,3.19302,22.3141
3.26594,3.67855,28.3136
4.20493,2.1518,9.84986
5.16409,4.45933,43.431
5.77602,4.38067,42.4444
3.88631,2.20966,9.28252
2.53393,4.11395,34.9045
3.6451,3.16125,18.836
5.0861,3.97673,32.4588
2.432,2.4936,15.0697
4.48861,3.89132,33.4116
4.71111,3.78743,29.579
2.9544,6.3583,96.8361
2.62465,2.96286,18.0498
4.52538,5.22771,60.2396
4.71869,4.77134,51.1172
3.76965,5.0597,57.2928
5.79146,3.58019,26.8001
5.15919,1.52974,6.18026
6.02994,3.68659,28.2991
3.35418,5.57112,71.2113
2.67913,3.27222,22.392
4.5634,4.7414,50.2493
2.75086,3.0344,20.3571
2.8965,2.99436,19.0316
2.11938,3.99575,32.0028
4.38866,2.26101,10.8514
3.29744,5.29277,62.3526
4.16626,4.10486,35.8557
4.87217,3.26913,21.9169
4.68286,4.08881,36.5918
4.29992,5.63213,71.812
4.99014,3.47435,24.5524
4.07549,3.19218,20.9861
3.80035,2.70544,16.205
3.38778,4.32766,38.8739
4.24716,5.16251,55.7271
4.99536,3.23367,22.5265
5.74646,5.0975,56.7551
4.33539,5.00535,56.3614
2.42361,4.52234,43.8055
3.77706,5.15965,59.5224
3.41689,5.47943,68.6442
3.61087,3.88514,31.9056
3.15703,3.86838,31.8127
2.84582,3.4615,26.2625
3.83967,3.75157,31.0659
3.53847,5.00302,55.2527
5.45051,4.60202,47.3131
4.66281,5.11088,57.5289
3.13869,2.73393,16.938
2.61659,4.36596,39.6087
4.45734,5.31493,63.076
3.00338,4.87468,51.0304
4.0935,3.24268,20.2753
2.9725,2.33151,12.1809
4.43608,4.27487,40.1309
4.1732,3.3591,23.08
4.25408,3.72179,28.3508
3.99702,1.87551,9.81328
4.04696,4.35579,42.2623
5.24973,3.85124,30.8507
2.51395,4.65796,46.1326
4.85229,3.25366,22.9676
4.14381,4.52984,44.4618
3.13021,2.69691,14.8601
4.13769,3.77336,30.1446
4.86303,2.7044,15.6432
3.50863,2.51129,13.3588
4.1984,3.33325,23.8257
4.01632,4.97205,54.0932
2.94386,4.75749,49.4405
6.14173,4.78736,47.696
5.43959,3.76495,32.1776
3.80765,3.40619,24.645
4.46928,3.72487,27.4805
2.62148,4.34662,40.2368
4.93318,3.71846,30.4675
5.21728,2.95958,17.0971
3.54689,3.63353,27.6264
2.3794,5.38759,66.2236
3.06641,4.20441,38.5793
3.43366,5.1353,58.2369
4.82271,5.57602,71.1454
4.14163,4.38714,41.4343
4.20033,4.97613,52.9187
4.39961,2.56249,13.8753
5.20368,3.56344,26.763
4.42449,3.3102,22.7984
3.40394,4.57293,43.5144
4.48879,4.66631,46.068
4.45402,3.65839,29.1207
3.85963,2.94924,19.8444
5.88115,3.58236,27.9323
1.99538,5.73926,75.0637
3.19998,5.02755,57.758
4.94093,3.80687,30.5177
4.81178,2.5694,12.2098
4.73316,3.72812,28.7471
3.80871,5.01384,54.9257
3.70173,1.30534,7.85821
3.07111,3.57151,26.7533
5.73436,5.78911,77.3147
5.40996,2.94926,17.9441
4.88564,2.85312,17.9872
3.41438,5.38443,64.6181
3.16321,4.37644,39.9366
4.54604,4.36149,40.4064
3.13228,3.48787,24.9997
3.73263,2.45977,11.7497
4.42099,3.67579,29.6833
5.04404,2.85519,17.8064
3.40906,3.34026,24.0464
3.52404,4.86617,51.1671
6.82174,3.60036,27.3053
4.42997,4.20671,38.2852
3.97268,5.68319,74.9207
3.26649,5.58896,69.4104
5.11714,3.41507,25.43
4.71076,3.51734,25.4711
2.78265,3.7403,27.8183
7.74018,3.41632,24.6769
3.71624,5.19928,58.1938
4.55959,4.75673,47.8332
4.0006,4.29246,39.8474
4.03567,4.00901,32.4147
5.34571,4.88378,52.4773
5.72152,4.60178,46.8826
4.9414,2.357,12.82
3.27337,3.16919,22.6665
3.68912,4.83606,51.0535
4.60548,3.45912,25.1696
3.48443,5.24655,61.4028
5.98995,4.64471,46.0933
4.49458,3.53054,27.9968
2.00938,3.88844,32.7937
2.67816,2.82653,17.827
3.91611,3.34763,23.643
4.23036,4.56255,44.1648
4.39472,3.25362,22.3972
5.67043,3.5736,27.2488
2.38252,3.00501,21.0485
4.07689,3.91569,32.051
3.9544,5.80005,76.1825
4.63991,5.57449,70.7407
3.37632,2.17531,12.2234
4.70709,4.47437,42.5365
3.59767,4.00543,34.0096
4.57254,4.44753,42.6719
2.2545,3.67541,29.0993
5.10055,3.55601,26.4553
5.2347,5.43914,65.6506
3.9747,4.63283,44.5366
4.22834,5.25251,61.8133
3.54782,4.22646,38.3612
4.23689,2.96233,19.5304
4.26468,4.0349,35.3192
3.30546,5.31749,63.9644
4.25575,5.42214,65.6656
3.02722,3.81843,31.3248
3.02768,3.15421,20.369
4.80422,4.71416,49.7537
3.41113,5.39724,65.7758
2.88408,3.89776,29.9977
5.54142,4.15275,37.3068
2.92476,4.86115,51.9813
3.38415,3.63576,30.3895
5.48312,2.34505,13.365
1.99766,3.6078,28.1742
3.34548,6.03655,85.8135
3.97673,5.29517,60.5456
5.05883,3.3428,23.4669
3.77978,4.46731,42.3227
2.85509,4.01852,33.9393
3.45215,4.19053,37.6424
2.72344,4.99139,55.3933
2.73739,1.28524,6.65997
5.22963,3.47961,25.6635
3.75454,2.65889,14.6616
5.69666,3.64837,27.867
4.17771,5.81572,75.1844
2.74188,4.29857,39.3203
4.55711,2.90154,17.0366
3.10669,4.75208,49.958
4.2335,4.88738,53.2541
5.90555,4.65538,45.8378
5.69959,3.61127,27.539
5.97296,3.753,30.8029
2.80441,3.29476,23.3984
4.2334,5.30049,62.7229
4.87193,5.53388,70.1345
3.47062,4.49948,43.953
4.35497,1.66863,8.38448
4.8462,2.44428,13.1326
3.60531,4.65986,46.6924
2.40859,3.59341,27.5162
3.48659,3.65896,28.0036
2.00811,2.97833,18.1747
2.82141,2.96155,19.3209
4.54327,5.60327,71.6985
3.44361,3.82957,30.7023
3.33152,4.47034,43.805
3.48009,4.91547,52.0773
2.39712,3.59452,27.8344
4.64953,5.18332,57.9032
4.07053,4.41729,40.4306
3.58866,3.07934,20.4796
3.36516,3.93097,32.8824
4.41249,3.71341,28.117
2.30654,4.64402,46.4626
2.435,3.02281,19.4591
4.81844,3.19385,22.5066
5.14676,5.27468,62.2013
2.83015,2.70191,15.8937
3.40714,5.37615,64.2701
3.54749,3.67496,28.2268
5.1837,4.35184,41.1134
3.35992,2.19571,11.2401
5.05167,4.06291,36.1283
1.98647,3.40738,24.1161
4.33585,4.32967,38.922
2.54374,3.77485,28.6805
4.078,4.3677,41.1838
4.50518,4.56678,43.7826
5.43441,3.33672,24.1565
1.44224,3.71746,28.8279
5.00398,3.18848,20.0395
4.49288,3.41129,24.389
3.30445,3.3181,23.6044
3.7373,4.21125,39.0125
3.87223,4.61594,44.8173
4.42489,4.0411,34.4425
2.57458,2.53001,14.6426
4.00008,4.40627,41.0053
5.30528,6.04198,84.0122
4.36423,4.37259,41.4108
4.62159,2.75184,16.3961
5.26908,4.66663,47.2347
3.74,5.55689,69.9572
4.43996,4.50476,43.6796
4.09772,3.98247,34.4651
1.97398,1.80188,8.28916
3.54491,4.7389,49.0852
3.88219,4.52393,42.6661
4.388,3.9637,33.6342
6.18564,5.74455,75.5238
3.65045,4.83651,51.2475
6.52822,4.15051,36.3105
2.45904,3.75591,31.1729
3.67299,2.6012,15.6521
2.9029,3.89954,30.7842
5.32287,3.71542,28.8091
5.17127,5.85623,76.8785
5.95103,4.47542,41.4267
3.79758,3.83406,29.9037
5.01917,4.11941,36.2166
4.35866,5.27659,59.2537
3.18318,4.22732,38.3534
3.12074,3.75963,28.9986
3.54135,4.62332,46.1848
1.95068,5.01131,53.1076
5.35852,3.341,22.9177
5.40108,4.8908,52.6207
4.29642,3.25403,22.1405
3.87618,2.3722,12.5402
5.90977,4.04807,34.245
3.7554,3.69373,27.7447
4.33982,3.60275,27.6003
4.19885,1.74231,6.62182
4.11882,3.48458,24.9109
4.27847,3.21598,22.8754
5.81085,2.31104,12.0567
2.60617,3.76906,30.2622
4.74185,2.80777,17.6634
4.98565,3.95878,33.9026
5.24204,3.87362,30.7081
3.04319,4.42859,41.0626
3.04196,4.64377,48.6632
3.37756,3.63043,27.9083
4.33819,5.06519,55.9631
4.62339,2.21547,12.1139
4.26909,4.33033,39.5423
2.28714,5.9507,80.6488
4.21085,5.09439,58.9732
2.38152,4.55886,47.2431
4.22676,3.45403,24.0662
4.56276,3.11903,20.4049
2.85952,3.9587,32.17
3.74991,3.25814,21.9472
5.4547,3.60386,27.9228
3.48212,3.4681,25.7469
6.2599,4.79807,48.5488
2.98704,3.94093,32.738
5.62929,4.10001,35.3858
3.67835,5.03271,56.2663
2.74807,4.35844,39.4688
3.49519,5.27843,62.4226
5.25177,3.65773,27.1649
6.14482,2.7916,17.9605
5.35979,3.69805,27.371
4.56059,3.15561,20.8494
3.60425,3.96182,31.38
4.13272,5.5608,69.3535
3.10413,3.03657,20.9445
3.74162,3.62509,27.6231
3.92713,3.77396,30.6651
3.53273,3.52096,24.9768
2.53202,2.66553,17.6634
2.96899,4.43754,42.2078
2.94596,5.16539,59.8868
4.60622,5.32871,62.2713
3.69715,3.41719,26.0793
3.73495,3.82182,30.7212
4.29534,7.82987,158.301
5.21309,5.06866,56.4432
3.73888,4.97949,55.4733
3.86027,3.76405,31.5956
4.07833,3.61622,27.7239
4.33937,3.10335,20.4114
3.62998,5.50047,67.5215
2.23184,3.88471,31.2956
5.00805,2.62902,14.6185
5.25748,3.84195,31.3648
3.05458,2.25244,12.1405
4.49127,2.46755,14.2927
2.85442,5.31772,64.2206
5.34573,4.82291,49.4977
3.55525,1.73724,9.04662
3.53446,3.40365,26.1192
3.55868,3.51339,26.2592
5.11868,2.92633,19.4701
3.92283,3.48364,26.4857
4.62595,1.95577,8.93926
3.57904,4.41829,43.7584
3.22707,2.38761,13.3055
4.39741,3.86933,32.0904
4.32078,4.84746,51.1198
3.01832,3.95347,34.19
4.96091,4.04104,35.1855
3.67273,2.51209,13.0371
5.40314,3.12343,20.4896
3.92462,3.71683,29.826
5.48203,3.75749,29.9683
5.1414,2.22973,11.1783
4.48588,4.49968,43.2122
3.78125,3.77555,30.0024
3.57639,4.21679,36.6253
3.84761,4.36395,42.3473
3.90091,4.01762,34.8816
4.38546,5.21587,59.4948
2.86912,4.93896,53.463
5.15935,4.86451,52.1175
6.35528,3.42636,25.0426
3.98028,3.50125,26.4473
3.009,4.53275,42.1827
4.48362,3.50278,25.4024
6.43699,3.44164,24.6757
5.65062,2.94796,18.22
2.87784,6.03501,84.8568
4.85015,3.05844,19.5161
5.23666,2.55475,14.0562
3.64557,2.8395,19.0795
4.01494,3.33382,23.7305
3.40066,4.73942,49.0783
3.3115,3.47424,25.5879
5.42539,3.56554,26.811
4.10617,3.68072,28.3547
3.26115,6.18376,90.0275
2.34398,3.69186,28.5874
2.4142,4.42925,40.9258
5.20507,3.93071,32.4074
4.19086,4.03948,34.8092
4.08798,2.99429,19.4402
2.86557,2.89743,18.5063
3.65893,5.61857,71.634
5.12216,5.10901,59.5901
3.57695,2.87851,17.5877
4.33408,4.74744,50.5344
5.36295,1.94746,10.9541
3.04104,3.74772,31.3497
5.22092,3.94527,32.8506
4.03331,3.33851,23.3423
5.11675,5.11371,59.0529
3.99001,1.93251,9.06159
2.20255,5.32013,63.6026
5.95876,3.70256,30.6334
3.36622,3.82054,27.8888
2.61225,5.47095,67.3006
3.8336,3.30955,21.8741
3.7473,4.69353,47.5338
5.57627,3.86669,30.5032
3.50846,5.218,61.6208
3.11095,4.20238,37.7501
4.51259,5.71966,74.7509
3.01623,3.68304,27.6604
4.47636,2.89228,18.1555
3.87461,5.4519,66.7108
5.20672,5.00581,55.6615
4.88702,3.37507,23.2291
2.69593,3.53712,25.3616
4.70168,3.07786,19.9703
3.36228,3.0959,20.1715
5.83244,4.99202,54.6511
4.65733,5.2925,62.9637
4.98793,5.17376,60.5119
4.13174,4.32851,40.4494
2.82027,5.20471,60.2789
4.13485,4.69029,46.6439
3.75523,2.8095,16.7031
4.03626,3.99967,33.1003
4.79149,5.54045,69.4375
3.97324,3.13645,21.184
5.22203,3.58178,28.7912
2.9853,3.07571,20.5872
4.57488,3.64428,28.3253
5.5462,1.31564,5.73811
2.68593,5.45756,66.1944
3.87064,4.05114,35.3584
4.0047,4.17554,38.2746
5.86955,3.33496,24.36
2.39872,5.21994,61.1139
3.27673,3.94112,34.7477
2.6664,2.649,15.033
5.3528,5.58886,70.7961
5.72193,5.36417,64.7373
3.90608,5.2054,61.098
3.98898,4.1424,35.4294
4.5318,4.86492,51.6222
4.90483,5.74363,74.9734
4.65148,3.92903,32.849
3.75158,4.43413,42.8253
4.75557,2.61259,14.9745
2.56422,2.77418,16.3624
3.88465,5.65224,72.7681
2.19634,3.78854,30.4306
3.654,3.08562,19.956
3.85921,4.40275,40.3175
3.75502,4.13772,37.9179
4.13052,2.79233,16.7835
4.39583,4.89621,51.3735
4.35644,3.46827,24.7804
5.21241,3.66549,27.8024
5.45055,3.06064,20.22
5.25194,4.97623,55.0223
2.99814,3.39164,23.2543
5.5775,3.74813,29.2051
4.65098,4.25761,37.9672
4.42125,4.59122,43.5174
4.08161,5.29131,62.3091
5.07301,3.11615,20.1141
4.08295,3.65689,28.2854
3.22681,4.84438,50.3444
4.48038,1.29418,6.40515
3.99156,3.32285,23.9945
5.15041,5.48368,68.1154
4.22585,2.71587,15.6045
4.54704,3.86595,30.68
4.24842,4.5562,45.5541
4.28933,5.23252,59.7102
3.97013,4.83194,50.6736
4.28655,4.6681,48.3833
3.29059,5.3397,62.3651
4.19581,5.92802,82.3818
4.44331,3.13251,21.2724
2.84461,2.93078,18.542
4.34826,3.4097,24.2369
2.82065,2.82721,16.8281
6.50018,4.15612,38.6829
2.8345,2.92561,18.8926
3.61387,4.33862,40.0647
3.22933,2.85123,18.0654
5.12264,4.94461,54.7226
4.4571,4.7094,46.3292
4.55279,2.70896,15.6465
4.95343,4.05859,35.9599
2.45873,4.19304,38.3471
2.1524,4.33541,39.2184
5.07103,6.32567,96.8855
4.0619,4.22896,38.7742
3.78393,6.11796,88.2195
3.97425,3.34778,22.9208
3.9362,3.80004,30.35
4.1295,2.31958,12.5386
3.19746,2.03757,10.1161
3.48062,6.76158,110.923
