3
3.26181,4.31638,125.495
3.50615,3.50079,167.857
4.42301,6.3038,480.544
3.81834,5.35545,249.198
5.74043,2.65688,1477.04
4.80043,3.28038,663.796
5.19711,2.22964,945.517
5.11058,4.05527,880.726
4.24935,5.23504,396.531
5.23316,4.85875,983.134
3.95621,3.61542,282.454
5.92821,5.18743,1715.65
3.91788,3.52586,271.511
3.94636,2.71966,277.355
2.73666,2.03353,56.8511
5.76851,3.59758,1511.94
4.45818,4.74729,483.642
4.8289,4.4639,686.733
4.05082,3.46706,315.046
5.22317,4.79887,972.243
4.27092,4.22628,399.701
3.45442,5.54019,167.186
5.10509,4.96971,880.968
5.03223,2.24594,820.079
3.19696,2.96891,110.709
4.5385,3.85113,519.731
3.71728,3.45519,213.127
3.74501,4.79118,227.684
5.86913,4.4191,1635
4.33774,2.56485,421.015
2.9673,3.89048,84.2011
2.55295,4.23151,47.2681
3.16922,5.09661,116.393
3.81684,5.4726,251.204
1.93544,2.71683,16.2283
4.3039,2.70203,407.987
2.09557,3.88908,22.2788
3.877,3.11854,258.605
3.62299,4.44696,195.71
4.14831,5.25435,356.354
3.27709,4.99861,130.707
3.01511,3.29013,87.1679
4.14755,5.23701,354.139
3.61064,4.86195,194.98
3.44948,4.27653,158.356
5.10182,4.02366,873.62
4.63037,1.83531,563.929
4.19881,4.9464,372.272
4.22932,3.10912,379.084
5.21847,4.04782,965.997
4.45419,4.82995,481.635
3.63926,3.30925,194.982
3.78079,2.92561,231.515
2.09867,5.04662,29.9153
3.63501,4.52533,198.309
4.52032,3.16675,509.935
4.71252,4.44656,613.769
2.94118,2.38672,78.8867
3.24708,1.98048,118.211
5.01165,4.06055,807.304
5.80678,5.64225,1566.36
4.5572,2.32633,524.778
4.66134,4.44811,586.36
4.70331,4.52316,611.72
3.13381,5.09654,113.353
4.90938,4.11151,736.434
5.10728,4.11398,877.299
3.52458,5.18819,178.257
3.61781,3.45517,190.694
3.78665,3.2585,232.685
3.14822,4.99442,111.426
4.35681,6.31385,451.224
5.97005,1.99726,1760.62
3.30813,4.88898,135.771
5.71214,5.82719,1459.8
3.2726,3.84565,126.033
3.8974,5.7513,276.922
3.15216,4.54543,111.215
4.80018,5.02424,670.779
1.78151,3.7921,13.5235
4.66765,3.78143,586.687
4.27528,4.22822,398.699
1.52727,4.17948,11.3976
3.7531,4.66094,229.644
4.00859,3.16668,300.526
5.60959,4.79427,1338.19
4.88057,4.37287,719.433
3.91945,3.64976,272.048
3.86412,4.76466,259.544
4.03299,4.76839,312.642
3.1038,5.54948,110.107
2.58305,3.49497,47.2576
3.78574,3.98803,233.701
3.26218,4.51996,126.019
2.50781,3.49381,44.1145
3.3987,4.87233,153.827
3.1319,2.21655,102.299
3.45906,3.7351,156.897
4.37559,2.73212,438.95
3.53251,4.38855,176.296
4.93943,3.09637,754.305
4.44816,3.00042,472.776
3.21098,4.08704,116.765
4.07659,4.40105,325.384
4.0465,2.94395,308.089
2.76789,4.92249,68.9801
4.54972,4.11439,525.494
3.12806,3.61687,103.479
5.64696,4.0938,1374.48
5.00788,3.96592,802.058
4.26521,2.26813,391.535
3.8556,4.35111,253.885
3.20075,6.47201,133.533
4.73526,5.45518,634.676
4.70146,4.29674,608.698
4.15388,3.60953,349.787
3.5149,4.35928,172.18
5.61162,2.46496,1333.8
4.78685,6.18187,670.259
2.42216,1.76529,33.6549
3.80276,3.7418,238.936
4.33376,4.12574,423.835
3.85418,5.614,262.648
4.03614,3.54025,310.29
3.77392,4.94972,234.848
3.55192,4.90505,182.407
5.35035,3.33351,1078.35
4.73998,1.51582,626.479
3.32743,5.31693,143.123
6.17627,5.68945,2062.45
2.97658,4.38375,87.5521
3.97649,3.26685,287.988
4.04896,2.50182,310.586
4.31508,2.74823,413.49
2.70247,5.87655,70.2634
2.41728,4.39568,41.1247
3.03595,4.95846,95.3446
3.17073,4.59062,113.994
5.11071,5.41857,888.242
3.71193,3.03733,212.937
2.91639,4.20841,81.1683
6.29828,4.20391,2244.97
3.89948,5.26067,274.673
3.77261,4.36017,232.023
5.81905,4.66526,1575.02
4.25301,4.12408,391.078
5.15902,4.8482,923.279
3.80621,4.48369,240.25
3.9977,4.4296,299.985
3.69444,4.68738,214.019
4.5654,1.65655,529.482
3.26668,5.33534,131.07
4.80292,3.51284,664.984
5.1602,2.75066,916.409
2.31932,2.70385,31.7289
4.42715,5.01572,469.246
3.82355,3.07998,241.833
4.36434,4.57656,439.452
3.7203,3.22856,215.691
4.40164,5.10624,458.993
3.78447,3.78066,232.696
5.76523,2.84337,1507.13
2.60349,3.68111,50.2753
4.95953,4.20461,769.172
4.37121,4.73904,440.441
3.27849,5.04013,132.54
4.24917,4.2306,389.222
4.09613,1.44015,329.209
4.77397,5.24174,657.334
2.77776,2.28631,60.453
4.24661,2.78488,385.296
4.64491,3.32918,574.661
4.4283,3.94526,465.392
3.41568,3.03313,149.104
4.30363,3.54185,410.79
5.18862,3.25091,939.979
4.41448,2.35112,456.529
2.46644,3.993,40.9672
2.43169,5.01558,46.443
5.42767,2.76056,1147.27
2.69314,7.43016,91.8517
3.12562,2.42489,100.902
4.0576,3.62581,316.846
3.79923,3.82677,237.431
5.51506,4.77881,1240.07
5.48928,3.4348,1208.88
4.74835,4.62096,637.519
2.91033,4.52781,80.1285
5.2779,4.03685,1017.08
3.82769,4.07193,246.472
1.8189,2.66875,14.1595
5.19456,5.71252,956.94
5.13941,4.58436,904.773
3.39697,3.83047,147.091
3.73089,5.72134,229.879
4.66719,3.2758,584.706
3.56315,4.0635,179.106
5.33528,4.79515,1069.78
3.8833,3.66031,260.35
3.36211,2.23575,137.634
6.67713,5.48855,2924.24
4.12461,4.09234,342.005
3.53515,3.70317,172.975
1.6834,3.30141,12.6483
5.66759,6.29643,1411.2
2.97358,4.17423,84.843
4.36696,3.62126,435.629
5.02703,3.38975,815.792
5.6669,4.03072,1395.29
4.42609,4.33647,464.833
5.37498,3.50737,1100.21
2.41126,5.58154,46.7136
3.49127,4.49596,167.883
5.44659,5.58152,1177.09
4.63239,3.59796,568.611
5.26233,2.39301,1000.33
2.69148,4.47556,60.0394
1.76637,4.79311,19.5657
3.80625,3.52446,237.44
3.74859,5.33866,231.463
4.57274,3.74227,534.875
3.36602,6.11389,153.899
2.88986,4.88511,78.7877
4.27851,3.25726,398.597
3.80479,3.31053,238.231
4.41805,2.62738,457.054
3.6526,4.07728,202.214
4.12252,4.47138,340.905
2.48417,3.53991,41.4421
3.6763,1.82985,201.776
5.97932,4.54976,1778.63
4.7668,4.71554,648.167
3.24347,3.18415,118.154
4.07844,2.28763,322.563
3.98908,3.1739,291.725
3.54781,3.94785,178.866
1.95844,3.1788,16.812
2.20304,3.84345,28.8079
3.12036,3.08622,100.773
3.90437,3.91167,268.618
2.31861,3.14982,31.2839
2.60121,2.47607,48.4489
4.36275,4.46649,438.248
2.96843,4.53232,86.1056
5.89812,4.61498,1672.98
2.64612,3.98711,52.7902
3.72445,4.73648,221.193
4.79475,5.36439,670.492
4.30682,3.545,410.551
4.70611,3.78798,607.178
2.88259,4.76979,78.28
5.18764,3.77115,940.313
3.48858,2.46606,163.748
3.54022,6.22204,188.709
3.49391,5.54162,175.318
5.51289,3.88726,1234.46
3.84206,1.90663,246.463
2.61769,4.66525,54.9624
3.86769,1.92426,255.672
4.50758,4.83574,507.298
3.02951,2.42485,89.4058
4.54821,5.03798,529.798
2.54125,5.08903,52.4025
3.02803,5.39624,97.9921
1.90575,1.93558,16.8593
4.04852,2.76834,312.293
4.92651,5.14602,754.809
5.42496,3.65232,1147.41
3.55061,6.1285,192.6
5.44719,4.68116,1172.53
4.19492,4.26679,368.403
3.81329,2.43532,239.726
4.62428,2.93146,561.499
2.26219,3.52593,30.1115
3.78276,4.40393,236.129
2.99851,5.46671,96.2134
4.48275,5.09516,496.668
5.17483,4.94154,935.333
3.24283,2.72553,119.875
4.33101,2.95166,419.077
2.49167,6.00295,54.6887
3.90763,3.93088,271.499
3.96462,2.60704,283.828
2.80307,3.35198,66.0039
4.45539,4.12328,479.12
4.37677,4.01108,443.171
3.78127,4.98735,238.655
4.9193,2.81638,741.191
3.67101,4.86057,209.005
2.13521,5.00922,29.0764
3.64769,4.49858,200.252
4.74576,3.76955,632.949
2.78983,3.61616,62.0297
3.41388,3.59012,149.149
5.00731,3.26555,802.164
2.95571,4.64337,86.3694
4.91335,4.62748,742.474
4.39819,4.35712,452.928
3.80564,5.77667,251.093
4.83895,4.79312,691.746
3.23282,3.5359,117.258
4.37803,4.38321,444.733
4.70058,3.85843,605.364
2.78324,3.76123,64.2136
4.98556,3.58697,786.997
4.62016,4.03944,562.95
4.65275,5.51924,589.365
4.2268,4.88552,384.411
3.8912,5.598,272.063
3.1091,3.49675,100.972
3.41783,5.23208,157.81
4.20142,4.20009,369.002
3.22704,3.64654,117.3
4.71283,3.27939,612.3
2.58677,4.04019,49.3761
1.52804,4.56769,16.0166
4.49745,2.12713,494.335
3.63233,4.12836,194.414
2.43442,5.44428,48.2459
2.93846,4.2571,80.4425
3.20526,4.69215,117.112
3.92105,4.97551,279.573
4.20758,2.45631,368.088
6.5471,4.47153,2671.72
5.49176,4.07248,1214.85
2.61738,3.36051,48.9568
2.66672,2.06695,51.1434
5.0381,3.2077,824.387
4.78096,5.77982,664.226
4.73151,5.74692,634.089
4.20565,3.33126,369.974
2.68413,3.76182,54.3434
3.14879,4.84097,111.263
5.17999,4.9974,939.534
4.73266,2.86147,623.276
5.12596,3.35227,890.564
4.08717,3.01199,324.818
3.09188,3.83832,97.9757
2.91566,4.974,84.585
2.74869,4.47477,62.6251
3.35502,3.76605,137.377
4.07888,3.46264,323.2
3.50237,3.33658,165.361
2.91684,3.76956,75.7279
2.21665,3.91008,29.8435
4.39338,4.59081,453.702
5.8697,2.89352,1633.51
3.96811,5.24632,294.757
3.53785,5.21734,180.26
5.54813,3.90919,1270.8
2.97972,4.94699,88.601
2.49886,5.20677,51.1151
4.57336,2.02678,534.291
2.87421,4.41863,76.8255
2.41967,5.28252,44.9603
5.20987,3.42978,958.215
5.00283,4.16833,799.627
2.91105,1.65806,74.4472
5.28765,2.5762,1022.78
4.26608,4.95942,400.115
3.03696,4.07076,92.286
4.27166,5.22379,403.364
4.8542,4.47151,701.581
4.4129,4.39476,461.778
4.24579,4.02503,388.332
4.98296,2.91713,783.289
1.24799,4.2567,9.6677
2.97197,2.13825,81.0119
3.89122,4.4483,265.988
5.60917,4.60863,1335.1
4.70563,4.12664,609.593
1.01413,5.17916,13.0999
2.95632,3.27314,80.7685
2.46234,4.43166,42.9899
3.26839,3.21465,125.223
2.87937,1.416,70.1995
3.83806,3.06925,247.826
3.50878,3.44061,166.205
5.69405,4.2606,1427.39
4.00671,3.58463,298.608
4.32478,4.10842,419.459
5.15502,4.9643,918.992
2.79301,3.48731,64.7743
2.63649,3.6923,51.5887
5.10802,2.64254,875.763
4.82705,5.36725,689.907
3.4718,2.99036,158.5
4.09762,3.63001,330.399
3.45709,4.94679,163.81
4.73048,3.42645,621.995
5.82832,2.96271,1580.35
4.00073,2.92914,297.087
3.29961,3.57149,128.57
5.0982,4.39921,871.44
4.56814,4.95127,538.123
2.51659,3.77787,44.3456
5.57324,4.79996,1298.58
1.86562,2.9904,13.6665
2.90889,3.85857,77.1662
2.99493,3.61599,85.2801
1.22308,3.42309,5.99412
3.88204,4.34479,263.5
4.63942,3.66846,572.757
3.94163,4.14532,281.621
4.1795,2.7725,359.327
4.53421,3.19969,514.901
4.33661,3.62189,423.008
5.00741,3.96651,805.385
4.14679,2.28364,345.801
5.01289,2.8152,805
5.11099,4.40223,883.598
4.27774,5.68677,410.129
4.01421,3.4189,300.66
2.57163,5.75573,60.5343
4.3384,4.75263,429.195
4.53681,3.89772,517.463
4.41497,4.9199,464.649
3.84183,5.28524,257.175
4.17307,5.17573,365.495
4.8045,3.80148,666.58
3.31206,4.16251,132.654
4.62656,4.52851,568.662
4.68734,4.22956,600.945
3.25389,3.28427,121.543
3.58612,4.67673,187.457
2.44256,5.62459,47.8425
3.5892,4.16522,185.924
3.92719,4.66119,278.243
4.76413,4.56787,645.873
3.3745,1.9393,138.462
2.70518,4.33454,59.6205
3.9886,4.13846,296.978
4.64866,3.89514,578.48
3.02365,4.55672,93.6747
2.82448,4.62284,72.3633
3.0522,5.16212,100.325
5.17817,3.44621,931.238
4.05116,3.40025,313.335
3.84013,3.317,248.611
4.43617,3.63319,467.958
5.43341,2.8691,1154.34
4.07583,1.73255,319.596
6.28144,4.00937,2217.87
3.32507,4.08995,135.269
4.02159,3.23905,300.917
5.07617,4.84797,857.986
4.04621,5.05673,318.601
3.5063,2.38788,164.391
4.57794,4.11696,540.941
5.08582,3.05155,860.033
4.0745,5.76451,332.924
3.25634,2.47936,120.555
3.67023,3.88727,206.103
6.18999,3.5062,2074
4.05897,2.36033,315.145
3.37442,5.36957,150.746
4.48698,4.75956,496.541
4.37134,6.04438,454.753
5.66717,4.51948,1399.13
4.57304,2.50325,534.066
4.4262,2.55061,462.09
5.15636,3.18772,912.917
3.62258,4.58677,196.279
3.77963,3.28241,230.075
4.69232,3.58414,600.954
3.59827,4.77943,191.948
3.68895,4.07357,210.856
5.34403,6.21464,1089.43
4.44815,3.56171,473.121
3.44327,4.23207,156.928
2.88911,4.38952,76.645
2.80508,3.0042,66.443
3.85282,4.53492,256.705
3.65327,4.35599,202.719
3.62996,5.14243,202.746
2.50631,5.13604,48.6638
4.45972,2.47064,478.214
2.93611,3.69958,79.5351
4.3312,3.94839,423.297
5.33873,5.00985,1072.2
4.69684,3.42701,604.436
4.32956,1.9805,417.193
6.42399,6.40107,2468.92
3.50325,3.65657,166.096
3.08307,2.79876,97.062
4.07332,5.09649,329.27
4.27631,4.482,400.981
4.18166,4.07344,362.835
4.39014,3.29596,445.873
3.46546,4.42999,163.372
4.70638,4.97779,614.54
3.03208,2.14767,88.5436
3.77577,3.88287,231.915
3.23828,4.75213,124.912
3.773,4.76988,233.217
2.63654,4.46836,56.5233
2.87623,5.00721,78.8418
4.43428,3.8066,467.703
4.828,4.92921,687.559
5.26145,1.74928,998.105
4.90607,4.09702,734.079
6.32179,5.89168,2293.36
6.33512,2.47891,2300.26
2.78591,3.11513,65.195
2.84023,3.66388,69.5312
4.3537,4.31532,434.518
4.20745,3.81444,372.448
3.98378,3.6115,291.57
2.40954,4.21967,37.9636
5.0095,4.98192,810.055
4.70701,4.93536,614.545
3.97968,3.40404,289.122
3.96298,2.87305,284.326
3.82655,2.786,241.137
3.58361,6.04341,199.697
3.86754,5.50095,268.355
1.65458,6.06074,26.5754
3.11993,4.16935,102.985
3.91687,2.50204,266.627
3.94543,3.95478,279.958
3.81922,3.30097,239.954
5.71675,6.10835,1466.51
3.81029,3.18797,238.584
4.18763,3.53814,363.462
2.49097,4.65601,46.9166
2.37143,3.09429,33.5688
3.11971,3.65874,102.116
4.71888,3.77995,617.668
4.06683,4.31996,322.101
2.62657,4.17692,52.326
4.41686,5.70056,469.864
3.61061,3.32293,189.27
2.75088,4.88858,65.1071
3.15489,5.46563,117.176
2.9005,5.06761,81.9771
3.66899,4.34158,204.644
5.17579,4.25683,933.063
3.29779,3.41866,129.269
3.64685,3.16291,200.76
4.37585,3.22104,438.261
4.54359,5.14183,529.772
3.08358,5.77997,109.778
4.46657,4.72776,486.283
3.23655,4.38711,123.272
2.44114,2.68936,37.3059
3.53357,1.9483,169.782
4.67971,3.74083,595.03
5.25617,3.59288,997.57
4.46341,4.19571,483.557
6.15847,6.16602,2041.34
5.98812,3.80471,1788.69
3.26885,4.01263,126.003
3.30577,3.80186,130.876
3.82741,2.86497,242.337
4.26295,2.99813,392.543
4.54178,3.95752,520.998
3.4219,3.30132,149.43
3.78405,4.56714,234.851
4.9247,3.54642,744.93
4.43819,3.5683,470.164
4.03007,4.68197,310.709
1.81384,3.63724,13.8593
4.4968,3.82787,499.448
4.38386,4.28495,445.463
4.97927,5.22335,789.499
4.0702,5.22979,328.049
3.12663,4.94085,109.131
6.60786,5.35642,2788.26
6.3468,3.75269,2321.84
5.61075,3.39252,1334.18
4.85049,5.61278,705.283
4.56184,4.20814,532.086
6.10455,3.91683,1947.97
3.44913,3.10366,156.177
3.3684,2.10627,136.837
6.3875,1.97856,2386.39
5.32383,4.68047,1059.47
5.07043,4.33324,853.776
3.26361,3.42926,123.758
4.17141,4.33382,359.38
4.94508,3.19051,757.179
4.78079,4.62582,657.881
5.16973,4.09198,926.776
3.74097,4.9931,227.359
4.58572,2.47598,540.993
4.71523,3.53313,614.076
3.82613,6.54177,264.053
3.0263,3.94835,90.8563
3.00262,2.87328,86.529
4.73571,3.39007,624.83
4.09242,3.75041,329.955
3.8226,3.03311,242.88
4.34802,5.10529,436.499
2.467,3.79541,42.8111
4.12528,4.63533,343.314
3.96315,4.82672,289.842
2.35868,2.76189,32.9789
5.14385,5.81844,916.684
5.08791,3.52892,862.608
6.29928,2.76293,2239.32
5.26807,5.23873,1013.4
4.67611,4.0797,591.808
3.74714,4.05812,225.423
6.26939,4.15869,2197.65
4.32602,3.91764,420.248
4.58774,4.38885,547.067
3.68336,4.48604,209.977
3.66834,3.49118,204.356
4.43905,2.70112,467.787
4.36688,2.98295,436.03
2.29056,3.15634,31.1826
3.79029,3.89661,235.063
2.94802,3.47981,79.398
4.78038,4.11319,654.347
3.68647,3.59461,206.607
2.35634,5.22356,40.3358
3.93147,1.79062,272.096
1.84561,3.24328,15.1945
6.11987,2.76046,1968.48
5.30615,5.1506,1046.34
4.61826,5.29784,567.697
5.838,5.21238,1602.23
3.00901,4.59354,90.906
4.22318,5.38242,384.433
4.92944,4.46748,750.58
4.35278,4.59505,433.853
3.13565,3.60091,103.294
4.4965,3.55195,494.428
4.28272,4.34306,403.639
3.89131,3.49812,261.984
3.61915,3.32729,191.163
4.32196,5.13031,425.639
2.99515,4.0777,85.4586
2.91457,5.91745,89.4302
4.70529,3.41843,607.94
3.41606,5.74559,160.678
4.84775,3.97889,695.258
3.80327,3.23444,235.823
4.55299,2.63933,524.86
4.80368,3.76823,668.298
3.22671,5.35172,125.899
3.78559,3.39636,232.967
5.15612,3.69424,915.085
3.60417,3.05207,185.657
5.96151,3.15986,1750.17
4.091,4.3426,331.269
4.64332,4.52043,578.283
3.52324,4.45644,174.064
4.28018,4.95824,405.524
3.53181,5.16856,179.302
3.87625,2.62642,257.195
2.19311,4.29252,29.0802
4.82072,4.81344,683.011
2.84419,3.89327,71.0276
4.00042,6.2776,314.023
3.24343,3.0249,116.944
5.0259,5.21057,822.354
4.38117,5.54466,453.958
3.97706,0.134641,287.687
3.95308,3.32499,281.947
4.23669,3.13975,381.493
3.08247,3.94575,96.7729
3.48416,4.32511,165.883
3.15687,4.16827,110.481
4.02867,3.40731,305.749
2.34873,3.15557,33.6749
3.35115,4.58462,140.78
2.6494,2.65051,52.443
2.38457,3.29432,34.7253
4.68369,3.15894,594.341
4.35492,4.41685,434.98
3.74217,3.23002,220.271
2.92271,2.87494,76.1577
4.77398,2.69213,647.763
2.64551,5.4096,58.3357
2.55231,4.68156,50.3358
3.2542,2.95848,118.002
5.48192,4.26675,1205.16
3.48511,3.64608,163.072
1.68164,5.96268,26.8352
4.68074,5.05455,600.687
3.86401,3.70827,255.211
4.73787,3.73086,628.556
5.26925,3.16259,1006.21
4.291,4.78874,409.117
4.57913,3.99197,540.384
5.25904,4.00309,1000.12
3.97112,4.13432,289.501
3.36528,5.79499,152.477
3.71323,3.60958,214.671
5.29434,4.15848,1031.38
4.43269,3.05505,465.037
6.11206,5.31543,1967.45
2.66055,4.03151,55.603
5.41146,5.70004,1146.2
3.75814,3.95878,225.135
3.49305,1.4943,163.18
2.20786,3.80503,27.6845
2.66567,2.0754,51.1749
3.53653,3.2557,173.373
4.43039,5.62553,476.455
3.33482,3.19119,134.504
4.59909,3.65904,549.405
3.21486,4.31696,118.199
4.63742,3.7217,570.701
4.52271,5.34322,519.34
2.55562,3.23551,45.4525
3.5714,4.54677,184.476
2.96337,3.56366,82.3798
2.24536,3.49457,27.7279
1.67513,3.49673,10.8443
5.05223,3.42754,834.343
5.48231,4.87113,1209.46
2.48667,2.77765,40.9496
2.43677,2.71739,37.2901
3.98024,3.1346,289.548
3.29749,3.88072,128.389
3.34803,3.64741,137.362
3.43218,3.1509,149.644
4.25831,5.21645,397.196
5.97624,2.76874,1769.19
4.71472,5.23565,622.04
3.73867,3.87701,222.546
4.4145,3.32382,457.751
5.39871,3.36141,1122.55
3.29013,3.9796,128.635
5.15009,4.39227,912.422
3.80821,4.49384,242.769
3.8734,4.63524,262.011
6.23846,3.16585,2144.75
4.22308,2.21875,374.621
3.08176,5.66764,106.964
3.71226,4.8679,220.117
4.54124,3.21491,519.064
3.17362,3.96963,109.046
4.51844,3.20032,508.536
4.24123,2.8925,382.171
4.80229,4.00432,666.197
3.93185,3.21636,274.465
5.36974,3.51014,1095.22
2.23899,5.19068,35.8738
4.21012,4.41344,375.998
4.42389,3.95918,464.288
5.10472,4.10025,878.09
3.85916,3.69289,255.126
3.7592,3.63587,226.42
3.65145,3.99982,202.449
3.83488,4.32908,249.619
4.02915,2.59017,306.648
3.45614,3.2325,157.819
4.23376,3.04476,380.359
5.17536,4.36675,932.616
3.37548,3.00555,141.511
5.08419,3.42472,857.994
2.27246,4.07385,27.8782
3.9452,4.76774,282.309
3.90613,4.06118,269.921
4.10785,4.73499,338.553
5.19707,3.42453,947.419
3.0078,1.85956,84.143
3.55126,3.97263,179.614
4.3131,2.76717,410.915
3.91471,2.62295,269.979
4.08004,4.83357,328.97
2.99674,4.46634,91.1326
4.01301,4.11601,302.784
3.12482,2.92669,102.187
3.09849,3.68408,100.432
3.83431,3.98702,247.881
3.82105,3.99412,245.82
3.1134,2.4502,97.2488
2.98145,3.83675,83.9065
6.12897,3.18215,1983.32
2.20256,2.57034,26.265
3.54858,2.47598,174.23
2.6169,5.4686,60.4182
4.09949,6.07321,347.275
4.10328,2.67754,329.505
4.74494,5.58266,642.11
3.42285,3.45184,149.13
5.73659,4.06098,1474.7
3.81726,5.31841,247.786
5.32722,3.48583,1057.64
2.21835,3.51973,27.6539
2.83473,2.25637,67.5847
5.19905,4.74197,953.043
3.82373,2.76648,242.487
4.27178,5.84893,409.419
3.65992,4.1636,202.848
4.24207,4.47525,388.927
4.14139,3.79493,346.117
3.59947,3.94241,189.547
2.7391,6.20709,76.2335
2.06366,4.96472,28.2399
3.97056,4.84765,291.911
3.31616,4.89571,135.103
5.11013,2.80491,878.005
5.65399,3.36671,1379.29
4.40216,4.25743,455.849
3.85847,3.60849,253.621
2.07433,3.99579,23.0731
4.61174,4.82981,562.376
4.53926,3.75276,517.669
4.17826,3.32373,359.487
4.52051,3.27029,508.379
3.25864,3.7735,125.036
4.3056,4.36585,413.624
5.7759,5.10499,1526.49
3.92476,3.03415,272.662
4.09645,2.90735,328.835
5.14748,3.0081,908.592
3.31318,5.28738,139.153
3.72371,5.00386,223.428
3.20545,5.90786,125.874
2.84633,5.07901,76.1139
2.95268,4.49455,83.3452
4.25326,3.46207,388.325
4.29186,2.72598,402.451
3.91425,3.96564,270.353
4.1878,6.10928,378.74
2.56516,4.50854,50.465
2.64679,4.11488,52.9773
4.17981,3.96645,360.977
4.902,2.91251,728.075
3.8397,2.6067,248.126
2.97104,3.77354,85.0451
5.62486,2.93071,1348.11
2.76207,5.7897,76.7005
4.82143,5.64187,687.449
3.2925,4.50211,131.103
2.35722,4.07469,38.0328
4.3435,3.80479,427.585
4.76271,3.72439,643.268
3.67798,5.86259,219.814
5.12753,3.57425,892.704
4.71465,4.41917,614.903
5.48816,5.19718,1216.19
1.83333,2.53939,14.599
4.52439,4.91286,515.494
3.34304,5.03759,143.63
4.15322,4.13786,351.818
3.60838,5.27277,199.46
4.778,6.22654,668.09
5.21447,2.86453,958.868
1.4463,4.02387,11.9789
2.91818,5.23381,87.6329
4.25799,2.98566,389.47
4.19401,3.9728,370.106
2.87517,5.31258,79.3611
3.73024,3.48067,219.592
3.19679,2.96322,113.405
4.07614,4.31026,323.649
5.98702,3.1184,1785.94
4.03373,2.3516,306.655
5.47238,3.75011,1194.75
4.99109,5.03324,796.605
3.22603,4.0145,118.899
6.6508,3.47089,2863.84
4.01771,3.9388,301.762
4.1664,3.55571,356.709
4.44092,2.71559,468.107
5.2418,3.05803,983.126
4.44941,2.69318,474.282
2.20529,1.15084,25.5277
5.07259,4.62249,853.256
3.53791,3.28177,173.04
2.88978,2.74888,72.2163
3.99554,3.56722,296.365
3.58354,2.61416,181.104
3.89344,5.02627,270.788
4.19592,3.65838,366.811
2.3827,3.54235,35.724
3.8053,3.98002,241.258
4.8213,4.01663,679.777
5.42129,3.80003,1145.35
4.32791,4.89768,423.734
4.08118,4.93774,330.583
4.82358,4.29455,682.607
3.82794,4.23114,247.553
1.57746,3.55895,11.3393
3.74251,2.31132,221.068
3.35745,5.14727,146.333
2.84478,5.56668,80.2702
4.79726,4.09727,665.069
2.24248,5.65364,39.6867
2.75571,4.06161,63.5986
3.52842,2.99459,171.194
5.32572,3.63466,1057.36
3.62964,4.72958,198.98
4.24495,3.99304,387.551
3.51274,3.45129,168.42
2.99925,6.08261,100.016
4.76225,3.82546,641.284
2.98291,3.22714,84.9275
3.90949,3.83268,269.139
4.72751,1.75782,617.838
4.3772,5.8606,455.135
2.99227,4.5172,88.9299
3.72413,4.518,220.408
4.9075,2.7928,731.921
2.56178,3.66978,45.1007
4.50161,4.31336,504.579
4.38759,4.91332,451.182
2.59933,5.41637,56.4737
3.96024,3.41799,283.676
3.76409,2.62678,225.499
3.72769,3.34096,216.568
2.95648,3.67088,79.8318
3.76166,4.03259,228.149
4.76272,5.44415,650.05
2.01697,5.06828,27.7773
4.26931,4.14769,398.495
4.59043,5.20857,554.172
4.40098,4.10587,453.736
2.45106,4.35185,42.0541
4.74333,4.49153,633.787
5.51373,3.72653,1236.26
5.39528,3.57286,1120.81
3.95251,4.26347,282.689
2.02672,3.86634,21.0054
4.09248,3.54725,329.126
3.27475,4.58105,129.242
2.81008,3.31535,66.1478
3.34055,5.00755,143.334
4.48775,6.61966,512.931
5.54099,4.60365,1264.56
5.35457,5.03494,1088.98
4.51672,5.11164,514.249
3.8622,3.30515,252.815
4.50903,4.98806,511.575
3.50429,5.24372,174.928
4.62283,4.325,565.659
5.61388,4.96647,1342.66
3.07446,3.53295,97.3483
2.09639,2.68134,22.7631
5.70265,4.14949,1436.42
3.25157,4.29615,123.705
3.55638,3.75299,180.063
5.00974,3.45239,804.184
4.35196,4.75216,435.441
3.9084,4.67185,271.996
3.38492,2.3469,140.603
4.11194,3.95487,335.937
4.63705,3.09944,568.856
3.90588,4.60373,271.092
5.04394,4.55411,831.22
6.49911,2.30775,2580.15
3.15792,4.7531,111.017
4.10156,3.76686,332.17
4.83968,2.16547,686.582
3.67311,4.659,208.826
3.30071,4.24499,133.449
4.88573,6.02865,733.609
2.86445,3.73714,72.8506
5.15165,4.22041,912.936
4.53367,3.49548,516.27
4.30876,5.09557,417.261
2.96319,6.02936,96.9649
4.21801,3.53382,374.498
5.7844,3.26908,1528.86
3.4848,5.11725,169.987
2.46855,5.94319,53.6907
6.0561,3.05266,1878.1
2.70268,7.77248,97.198
5.86754,5.04025,1637
3.63319,3.76599,196.881
5.09681,3.68744,868.923
3.38813,4.10828,146.088
3.40399,3.08554,145.695
5.43061,2.51535,1150.99
3.65701,1.53177,198.593
6.5272,2.9657,2630.93
5.78892,5.09922,1540.49
5.09309,4.93754,871.568
2.83854,4.80062,73.6415
5.12656,4.879,897.148
2.77106,2.06624,60.1674
5.69535,3.28607,1427.58
3.29451,2.26743,126.752
4.16909,3.45207,354.745
5.67774,3.13247,1405.93
5.41201,4.27118,1137.68
3.79881,5.25454,243.835
5.30359,3.59088,1037.03
5.04614,2.691,829.285
1.89783,3.13296,15.2786
3.95641,4.67331,287.049
4.98439,2.43768,783.962
4.34559,5.016,434.013
1.51461,4.03492,9.76617
3.88316,4.50733,263.109
2.14531,2.46774,24.239
2.30598,3.86071,31.8601
1.69034,3.78131,13.3701
4.73865,4.77408,631.043
4.17983,2.81809,358.917
2.92703,3.90048,78.7854
5.32854,5.06888,1064.29
4.10003,5.04464,336.848
3.43834,3.88938,153.602
