3
5.01009,3.4897,32.4307
3.81614,2.97523,24.1478
4.61462,2.74892,22.9332
3.53467,4.36626,42.8413
5.21711,3.1954,29.3589
3.56936,3.8134,32.8664
3.90271,4.3854,41.9946
4.44824,6.49265,86.2481
4.67761,3.47173,32.3296
4.64525,4.37713,44.1744
4.53469,2.91878,25.0228
3.20316,3.88485,31.8205
5.99483,2.90448,28.0669
3.74487,3.59245,31.4637
2.75862,4.76054,47.1783
5.42476,2.08574,21.7775
4.52472,5.29538,59.9581
4.01722,3.89339,36.4173
3.64744,2.77983,20.5363
3.65048,3.76896,32.9641
2.86591,4.18221,37.84
5.66947,5.02769,56.0015
3.22923,4.20998,37.7874
3.47519,3.91579,35.6264
3.01783,2.47448,18.696
4.67947,2.78501,24.4959
2.4709,3.95786,33.3421
5.16113,3.41692,31.8564
4.9764,6.75186,92.0437
4.08906,3.75882,33.4316
3.47684,1.90778,14.7932
3.98324,2.36369,20.3796
3.31864,4.69188,45.9935
5.72379,3.1552,30.8296
4.40556,3.61235,32.1896
4.59658,2.74418,23.475
4.59111,5.01795,54.3662
4.31864,3.53294,33.5436
3.92208,5.94261,71.8891
4.00146,4.00716,37.7833
3.65093,3.6592,32.9157
3.97417,4.2665,42.2315
4.51697,2.45313,19.8097
2.89237,4.51712,42.8906
5.68452,3.19031,29.9802
3.32601,5.03103,53.2774
5.8874,2.54803,23.3036
2.80915,5.10486,53.9448
3.85733,2.43289,20.3092
4.45302,4.46362,44.9304
4.8857,3.86785,37.7384
5.45855,2.74043,25.562
3.53408,4.53534,44.0299
4.52753,3.29053,30.231
4.32841,4.01386,37.3806
4.80484,3.21371,29.9927
3.85501,5.15954,55.2565
3.87738,2.99683,24.9044
4.74717,3.86185,37.2985
3.1344,2.32668,18.3433
3.0274,4.01982,35.5426
5.72145,4.53413,48.7249
3.23729,4.09097,35.8007
3.65294,3.06875,24.9626
3.82486,3.90016,35.7123
3.62901,3.51802,30.3514
3.97797,4.52958,45.4685
3.85855,2.39314,18.1799
3.74273,3.59534,32.2152
4.63253,3.82843,36.847
4.18773,3.22779,25.4043
1.67791,4.1363,34.3575
3.70641,4.74899,48.8064
4.48426,4.63318,49.1778
4.73873,3.65108,34.6998
3.09726,5.24356,55.9837
2.40172,4.61941,44.0766
3.80613,3.16989,27.0843
3.73822,3.5771,31.2445
2.67848,3.60435,28.5985
2.99653,4.70429,45.7704
3.71201,2.66343,20.8623
5.82533,3.40043,33.5804
3.50774,2.64772,20.8837
4.3274,4.28198,40.1861
3.94126,4.52331,45.4542
5.45305,5.55165,65.6251
2.84243,4.09278,36.9321
3.63672,2.39215,17.8152
2.45351,4.4038,39.7076
4.07551,3.39615,29.4569
3.91929,4.52277,44.9183
5.34587,3.31418,28.6513
2.79146,2.02961,16.1508
3.60084,3.61387,29.9825
3.43322,2.55982,20.2679
4.21434,2.03418,18.1358
2.95484,5.40525,60.1589
5.1681,4.21414,42.3699
4.495,5.62974,67.0163
3.26955,4.33621,39.2532
3.36294,4.1296,37.1881
4.30462,3.2032,27.5657
2.08714,3.51317,26.4644
3.69134,3.93815,37.2186
3.76525,3.61724,32.4138
3.61047,4.87833,49.0891
3.89765,3.87991,35.988
5.33936,3.7408,35.8604
5.03213,3.42707,33.1918
3.01884,3.31824,27.1941
4.41574,2.05046,18.9747
5.03636,3.01705,27.0662
2.21899,2.4629,17.3838
3.84775,3.58262,29.6916
3.5244,6.31818,79.7165
4.01955,5.58722,66.0723
5.19085,4.74034,51.5545
3.3589,3.52742,30.5192
6.30793,4.34189,45.6685
3.53011,4.6389,45.2918
4.30695,3.67626,34.2436
6.42917,1.84664,20.6695
5.23694,5.19233,59.0472
4.08735,4.46633,45.3712
4.18333,5.65942,64.8982
3.30202,3.16216,24.7033
3.80506,5.50069,62.8847
3.9699,4.39472,41.9625
3.86306,3.39647,29.1682
3.6389,3.18835,27.0536
4.13198,4.76279,48.9072
6.08534,4.12725,43.2389
2.71028,3.75119,31.3017
4.51395,4.92013,54.7135
3.84818,3.25626,25.5371
4.99612,3.99455,39.759
4.96282,2.60803,21.2493
3.51612,4.38899,42.1079
3.4978,3.7514,32.0613
4.64613,4.68883,48.9619
5.34019,5.75105,70.6731
4.05821,4.84931,51.7359
5.28219,3.40252,31.0702
4.1687,4.0248,36.4629
4.97826,4.32844,42.9368
4.31947,4.70592,48.1755
3.75361,4.05394,36.6304
3.56786,2.54255,21.6773
3.17993,2.99968,23.5804
4.05597,4.19167,40.9614
3.04248,2.91796,21.1953
4.06043,3.7245,33.3612
4.46544,2.1044,19.1309
3.29486,0.950624,12.1729
5.00638,4.65767,50.1339
3.29531,6.38049,79.5454
2.68728,4.43806,41.0915
5.05962,3.0834,29.5552
4.45227,4.86433,51.6093
3.72715,4.66889,46.3117
5.82871,5.31448,63.99
3.9267,4.33814,41.8183
3.81053,2.63396,21.2914
5.11888,5.14374,58.523
4.97414,4.74399,50.5259
2.95908,5.54616,60.9477
4.07725,1.76218,16.4386
3.73168,6.24068,78.1572
3.57672,4.38985,42.8381
4.17546,5.66541,67.0733
4.20447,3.88794,37.406
3.8346,4.04828,37.5926
3.67101,3.3869,28.3538
5.1117,4.98436,55.4314
4.42149,3.58917,33.0663
3.82429,5.64687,66.942
3.37999,4.04076,37.0067
2.34086,2.24691,14.9532
3.47986,4.32326,41.5429
2.52684,3.90452,32.9368
5.07368,3.44624,30.94
5.46989,3.95536,37.2652
5.44804,4.1916,42.2968
4.75565,4.05362,38.686
4.08558,2.87107,24.4149
5.50317,4.7495,51.0035
4.09216,4.46656,42.8662
3.13826,6.1535,75.0712
4.18242,4.35248,42.7591
5.64618,4.93061,54.2302
2.55818,4.18306,37.5212
4.22261,4.50766,46.312
3.80436,4.81763,48.4761
3.83908,1.90711,15.487
4.43453,4.81545,51.4496
3.08562,5.29982,56.5013
3.74121,5.38796,58.5754
3.59408,6.05518,77.5936
3.11305,4.6651,47.4403
4.23816,5.59972,63.6285
2.07834,2.71223,21.0545
4.79874,2.97637,24.4241
5.43367,3.39355,29.6914
3.86445,1.77102,14.3254
2.47267,2.60047,17.9242
5.08461,2.39403,23.153
3.78765,4.88929,50.301
2.4815,4.4354,40.593
2.91152,4.13687,38.5792
3.88679,3.37369,28.6954
4.92059,4.90943,52.6428
5.11284,3.34177,31.5085
3.31199,3.35846,27.0597
3.2154,4.45039,42.5096
5.66228,5.62533,69.8018
2.70452,4.55632,41.0768
4.39122,6.17327,78.4891
2.82065,4.25105,38.9603
2.73571,3.74467,30.2946
2.08129,3.2124,23.0874
4.68615,3.92897,35.8191
3.13159,3.14383,25.7634
3.14878,4.22335,38.3417
4.39859,4.53179,44.984
5.38181,1.60167,18.8183
3.56349,3.9707,34.5922
5.6276,3.43375,32.4076
5.08319,4.39287,43.446
4.42508,4.47,44.9897
2.6094,4.12088,36.7395
4.5925,3.55289,31.4756
3.82428,3.41663,28.6696
3.55826,3.94671,34.3213
3.09974,2.8782,22.7163
3.95637,4.46188,44.3676
4.32059,3.12744,27.0366
3.5027,5.74842,66.597
4.74376,3.03138,27.2952
3.61907,1.64443,13.3628
4.09088,5.01427,51.7702
2.82588,3.73104,32.9797
2.18244,4.17351,37.5852
4.70647,5.44566,63.2298
2.78977,3.39447,26.202
1.98616,4.65688,43.949
4.67328,4.41592,44.7366
3.75526,4.5619,45.9471
3.55103,4.2658,39.4177
5.04108,3.50433,33.0551
5.74808,4.14548,44.5663
4.84867,5.30638,60.0054
3.95394,5.20078,56.0034
3.08507,4.37359,40.9588
3.97034,3.41006,29.6102
3.75181,4.29135,39.6157
5.10622,4.31864,43.6828
2.60998,5.58134,62.1857
5.64117,4.3258,45.7321
4.45863,4.48802,44.446
4.02031,4.34708,42.8323
5.00251,4.54888,45.219
2.91966,3.75085,30.524
3.7433,5.76105,68.0969
4.66262,2.42598,21.3379
4.84633,2.25147,21.3595
2.92686,3.15497,25.5296
3.56029,3.53848,29.6202
5.47558,3.88753,39.9168
6.67093,3.42347,33.7314
4.16981,2.78397,22.3503
4.85008,4.65346,49.066
3.76595,4.72497,46.8919
3.78543,3.15494,25.6994
3.97565,4.97193,55.1135
5.08036,4.83694,53.0176
5.39138,4.8645,54.6213
3.36118,4.20278,39.0498
3.88288,4.02929,35.4129
4.99858,5.73766,69.2038
3.35034,3.4516,29.5812
3.87707,3.2215,26.3402
4.09086,3.56178,31.0594
3.52252,2.6947,19.6182
3.71408,4.66872,46.4918
2.93694,5.39041,59.4794
2.89243,4.38724,40.6794
4.09904,4.01356,38.1401
4.04247,3.40127,28.2545
4.73367,3.82094,35.0284
4.28201,4.26307,38.9441
3.75158,3.27814,28.3282
3.83031,3.23435,25.818
5.41022,3.42739,33.2755
3.99382,4.03611,38.0744
4.47693,5.30975,60.8596
6.45278,5.43303,66.0845
4.30176,4.02746,39.0878
3.04727,3.24867,28.0079
5.49775,2.13048,21.1013
4.06004,3.59349,32.7282
3.85456,4.31157,41.4169
5.97159,4.51738,47.6763
3.52897,5.13325,55.3214
4.3309,4.01128,35.7107
2.36414,3.17411,23.6996
5.17277,4.70587,50.2275
6.37386,3.3893,34.3647
2.85193,4.27795,39.3159
3.47004,5.05685,54.6135
4.8837,5.16753,59.7392
3.44209,3.09683,26.6646
2.65494,3.79436,31.3431
4.78671,4.78075,49.7729
4.26468,5.53423,64.79
3.52305,4.24891,40.4251
5.4562,3.54231,33.7633
5.12932,5.18089,59.8123
4.72837,3.37218,30.7124
3.81545,3.6252,30.7571
3.05454,5.31449,57.8766
4.42484,4.09912,40.9464
4.5746,5.63277,65.5736
3.78043,4.98817,52.0113
3.3128,4.4705,42.8328
4.28193,4.71481,48.7957
3.71777,5.47912,62.5248
4.05722,2.45554,20.1271
2.64529,3.70588,29.6245
2.39509,4.7495,44.2513
2.71823,3.87395,32.8657
4.36939,4.29216,41.6816
2.59928,1.33637,11.7967
4.92687,2.81128,25.7306
5.85735,4.6454,51.7318
3.12225,5.12325,54.1682
4.9264,3.35115,30.3614
4.27566,5.27066,57.7016
4.17105,5.72761,66.7438
5.73538,5.49488,66.8125
4.65807,3.84567,38.4458
3.24352,4.8858,49.0044
4.27336,3.76601,35.323
3.40063,5.21669,55.6233
1.96882,3.80853,30.2683
3.45455,4.46865,42.2936
5.41896,4.77443,51.3973
4.07669,5.29351,58.8284
3.72056,3.41668,28.6133
6.63704,4.73979,53.6971
4.28547,4.31401,42.0002
4.35649,4.88343,51.197
1.98096,3.2871,24.3116
4.68946,3.26707,30.0985
2.46992,4.32251,38.5269
3.58883,3.95029,35.0936
5.06651,3.1874,29.1442
5.87785,4.71459,52.7488
4.32306,4.28496,39.8015
1.33157,2.45456,14.5188
4.92929,3.41248,30.0039
4.15541,4.12492,40.0391
3.41828,3.27006,27.7899
3.4868,2.51846,19.9125
3.28369,1.30234,11.1005
2.55162,2.7683,20.1596
3.08881,5.3447,59.5879
4.39185,2.28938,18.4112
5.75917,2.57381,25.0955
3.12884,5.32744,56.7314
3.28405,4.13721,36.4495
3.82826,4.02421,36.354
4.8722,3.78918,35.4834
3.13845,3.17591,24.9508
4.74974,3.81042,34.5347
4.49709,2.00628,17.5332
3.9184,4.07255,36.2069
3.22669,2.8407,21.7701
4.83488,3.49828,31.1895
4.75468,5.09679,58.0317
2.9917,5.46025,60.8404
5.51306,2.77316,25.3055
3.79516,4.42766,43.3915
5.29631,4.31261,44.9102
3.65384,2.3574,18.8903
5.35849,3.95087,39.2829
2.78343,3.58443,32.3396
3.6005,3.81681,33.648
2.95425,4.25932,39.3149
3.92462,4.22266,40.7904
4.88378,4.80941,50.9737
5.51213,4.06335,40.7008
3.48838,3.68787,30.1135
2.44881,3.41421,26.6603
5.22969,3.74471,36.8435
4.07761,3.94763,36.6057
3.75083,5.17456,55.1271
5.24327,2.86109,27.94
4.5105,3.53533,32.979
4.17144,4.10746,37.815
3.37404,4.6848,47.7878
3.34841,4.5053,44.247
3.8883,4.54307,44.9177
2.86301,3.51673,28.5526
3.86276,4.18518,38.3337
4.75741,3.76513,37.2181
2.01123,3.94978,31.7763
3.87456,3.42503,30.1325
2.85449,2.11015,17.7555
3.96536,4.86667,51.0654
4.93033,3.85453,35.4867
2.83101,3.7212,31.3033
4.83582,4.88797,51.5938
2.09194,5.29448,52.5152
4.16171,3.16594,27.2152
1.64373,3.97556,32.2508
2.88068,4.20797,37.5336
3.00096,4.28045,39.2152
2.52186,4.46493,39.8874
4.6766,3.1711,27.1281
2.25947,2.87021,21.571
4.03867,4.84704,51.035
2.89178,3.89559,33.9307
4.27149,5.08441,54.1889
4.18888,4.8446,52.5271
4.92642,3.04607,28.3363
3.53348,2.58185,20.1922
1.85056,3.95324,32.898
5.19263,3.30391,30.7377
5.09754,3.17669,30.5906
4.6966,3.11032,29.3206
5.17759,3.92954,39.6208
1.97665,4.00147,33.3546
3.22529,3.51397,27.9642
4.75722,5.43785,62.4168
4.06633,4.69261,46.2143
3.64079,3.48946,30.8273
4.7974,5.45781,64.344
4.70068,5.65524,67.7139
4.60594,1.85132,17.7409
3.2702,5.62995,65.316
3.2131,4.74464,46.631
3.21665,3.45952,27.911
4.76054,3.6873,35.7043
2.97377,4.94706,50.4018
5.4282,4.75864,51.3937
4.65397,3.56482,31.63
2.90815,5.31501,57.0489
3.78157,3.42363,30.3352
3.94221,4.64832,45.1807
4.67642,3.6528,31.821
4.40811,5.11799,57.1433
3.84398,5.48083,63.769
5.56685,3.46022,32.9026
4.13886,2.90468,25.4336
3.84579,4.92503,50.4284
4.0068,3.61796,31.5704
4.59563,2.96255,26.0136
4.82573,5.00529,55.6232
4.32771,4.92372,51.0293
4.8786,3.90124,37.5824
4.78393,5.49065,62.7706
2.64632,4.3454,41.0126
4.80016,3.15334,29.3074
2.86404,4.2125,37.606
6.12714,5.38468,64.6753
3.35314,3.11018,24.9574
3.30568,4.26908,40.6005
2.27107,5.18226,52.5556
3.92413,3.89412,35.726
5.8967,5.15807,59.3052
2.53426,3.44429,28.3581
2.68963,5.25946,55.8558
3.24232,4.24826,39.604
6.32578,4.0093,43.2204
3.44343,3.59015,30.083
3.97908,4.90509,52.2334
4.5984,4.00211,38.3753
3.75391,3.21151,26.48
3.9141,4.88093,48.7289
6.17824,3.82049,37.507
1.70025,2.17381,15.3897
2.39479,4.81817,45.6456
3.77936,2.51794,20.0332
5.23126,3.51234,33.67
2.89285,4.65749,45.906
4.45872,4.02053,37.4736
5.57534,3.0133,29.3729
5.5732,2.73146,27.1512
4.09688,5.45847,60.8127
6.39864,3.82747,40.5814
5.77384,4.40186,46.1773
4.16947,3.28564,27.2855
4.8936,4.36669,45.8347
4.68618,3.75868,35.6131
4.46689,4.82606,51.4277
4.39754,2.55659,23.8182
4.59841,3.19231,26.9725
2.94792,4.26511,39.5615
4.82373,3.69295,36.1503
3.57878,5.35556,58.5025
3.79915,4.61038,47.2705
2.49678,4.71919,44.8173
4.02137,2.37928,19.3961
4.24694,3.39,30.3522
3.18276,3.45334,28.8065
5.34065,4.40685,45.0086
4.28103,4.45446,43.7293
5.08327,3.08933,27.3446
3.44541,2.99181,23.5839
1.91396,3.88837,32.0376
2.69753,2.68109,18.949
4.15527,3.02054,25.3679
3.72754,3.93783,37.8629
4.25868,5.44811,62.5361
4.18916,4.95494,53.2278
4.82264,4.90334,53.3037
5.81507,3.22759,30.8515
4.07711,4.24631,40.9375
3.33873,3.47784,29.2705
3.39484,3.59357,31.1874
3.12089,3.6178,31.9985
2.51646,2.87059,21.2128
3.68072,2.59669,21.0709
4.65966,2.36764,21.1862
4.58586,4.78322,50.3038
6.04524,2.58029,25.9559
6.19486,4.81501,54.5774
3.53541,4.57246,44.747
3.43926,3.58085,31.0135
4.42542,5.64852,66.9938
2.92095,4.74663,46.7067
4.14932,6.17106,79.6044
2.48255,3.82556,31.2293
3.11582,3.7601,31.2271
3.22967,4.19722,37.9628
3.31712,3.79295,34.1058
3.20218,5.89439,69.5632
6.47457,3.71732,37.7649
4.27294,4.97336,52.099
3.11687,2.41507,20.302
4.3741,3.49622,31.2536
2.93068,2.00523,15.7641
4.75322,1.8257,16.1877
2.89825,3.5477,30.0644
4.67218,4.59749,48.7486
3.69289,4.55153,44.592
5.19374,2.33362,21.6427
3.42888,4.09108,36.9543
3.75542,2.55851,21.3079
4.16669,4.82002,50.6044
4.65723,3.91489,36.1283
4.51726,4.86185,52.2519
3.37817,4.22881,38.725
3.83642,4.59761,45.3298
3.43572,2.39427,18.3592
4.82196,4.45558,47.2754
4.12329,3.36996,29.3108
3.04486,3.06552,24.4835
3.64755,1.61379,14.5517
5.43797,4.77451,52.6286
4.12776,3.56214,31.9035
5.06674,0.944012,14.9223
5.17851,2.45476,21.7267
3.66977,4.92045,51.442
5.10997,3.65066,34.8837
5.17262,3.86357,37.1064
5.48689,4.706,49.369
3.57406,4.10475,36.555
3.36959,5.66692,63.4245
4.31353,3.40025,30.7063
4.74515,4.95084,54.7393
4.25341,4.17596,39.5217
4.10465,3.48628,31.0806
3.53996,3.66719,31.8783
5.19186,4.27262,42.9175
4.49829,4.95221,53.7006
4.96071,3.5788,33.1505
1.9321,4.84913,48.096
4.72548,4.31088,40.5686
5.23059,2.82277,25.5262
2.50971,3.86132,31.6137
4.97916,4.60463,50.7806
2.61941,2.52174,18.4888
3.11656,2.55815,18.0812
3.83211,4.43524,44.2592
3.12147,5.06441,51.8049
3.56387,3.40813,28.7542
4.71597,3.32666,32.0782
3.12186,3.15227,25.1202
4.04406,5.02378,53.1908
4.42108,3.58207,31.5709
4.65354,5.57344,64.7662
2.91118,4.11397,36.5305
4.43838,5.12989,55.5081
3.87679,5.80294,69.1854
5.52645,3.16364,28.5776
2.88686,4.06183,34.1068
4.62935,1.90033,15.123
4.39259,4.62495,47.6951
4.16098,4.19762,42.5508
2.8664,4.44142,41.9557
2.65663,4.6199,44.0716
3.06796,3.87374,34.4627
4.17981,3.74909,33.3138
4.02034,2.05779,17.9132
2.41589,3.85019,31.8331
4.31657,4.84712,52.0021
4.20297,4.13521,38.6383
2.87552,4.78544,47.6248
3.97875,4.15415,39.1053
5.92584,3.24311,33.2574
4.75934,2.76086,23.8929
3.8342,2.25174,20.1385
3.74023,3.51528,30.3863
3.91185,3.23819,27.3495
4.0974,4.46035,42.9881
2.04513,3.98824,34.1388
4.81037,3.7181,35.5281
3.43434,4.70605,45.6195
3.21882,4.51991,41.9595
3.06011,4.81269,48.031
3.19977,4.66708,45.7545
2.33478,3.99908,34.3777
4.05646,1.93512,17.1819
4.14503,4.64775,48.1468
4.27862,3.97785,36.8212
4.49399,5.01901,54.6046
3.02001,4.38345,39.9405
3.80957,3.25592,28.8189
2.8328,5.29848,57.4328
3.45881,4.28707,39.8835
4.27863,3.02388,26.6091
4.33861,3.84887,34.9633
3.5234,3.31079,26.7819
3.49134,4.2749,39.8442
5.10304,3.56976,33.4753
3.43514,3.70294,32.135
5.61165,3.15852,29.6122
4.76637,6.2548,79.4449
3.91143,4.7098,48.0167
4.83766,5.5574,66.5198
3.92632,4.71075,46.6161
3.41636,4.96207,53.3186
2.88038,4.2547,39.6157
3.95599,2.89154,24.119
5.32447,4.1194,40.0596
4.34443,3.57321,33.4523
5.18749,3.70918,33.9168
4.1962,4.71449,47.7808
3.70747,2.72308,21.394
5.17807,1.98045,18.9294
4.67683,4.11256,39.9666
3.75172,5.31487,58.1743
3.13022,3.20702,25.2512
3.12536,5.10318,52.9437
3.4676,4.13637,39.0983
3.42841,3.08732,25.3004
5.38519,5.40656,64.9026
4.59259,3.00699,25.657
2.88302,4.99251,52.6952
4.08931,3.87438,35.1684
3.87925,5.62948,64.655
4.62191,4.4532,44.331
5.08123,4.52665,47.36
4.91704,3.02766,26.5497
3.79605,4.77271,49.198
5.19561,2.62732,23.5891
4.33292,3.57524,33.4816
4.69884,4.57545,47.34
2.55603,2.95114,22.7823
5.4395,2.77447,24.5419
4.95188,2.85159,25.3536
4.99373,3.14821,30.4189
4.4035,4.56162,45.1202
4.4293,4.83452,50.8028
5.81744,4.53422,48.4366
4.2396,2.54151,20.3741
3.01203,3.89564,32.7546
3.11963,3.39593,26.9508
4.43538,4.1893,40.1801
2.91148,3.94059,34.0815
3.89107,2.57915,21.5883
4.20735,3.91066,37.2978
3.19542,3.96796,37.0476
3.68152,5.69819,65.5138
4.97075,3.47091,32.3316
3.82034,4.56257,44.8494
3.54761,2.96182,25.0823
4.81629,5.92212,73.8973
4.29741,3.98209,38.3742
3.72208,3.08609,24.5379
3.63074,4.51537,45.2054
3.40405,4.16354,38.346
4.44473,3.91123,36.3055
3.70182,3.94929,33.8099
4.88629,4.80706,49.4347
3.48184,3.69241,30.5588
3.16835,4.31239,39.6229
3.27373,4.00291,36.0579
5.46129,3.8627,37.8606
1.2908,3.87071,29.1494
3.39336,3.44708,29.3573
1.62639,3.28779,24.3371
5.88403,3.03139,29.8447
3.25401,3.21144,27.1514
4.26163,4.20392,40.5837
4.68867,4.2147,42.0438
4.32355,3.92511,36.3636
4.43933,4.16017,40.4592
5.04764,2.80546,24.111
3.86425,2.83725,22.0903
4.37113,4.10465,40.1058
6.65411,2.87415,27.9267
6.65354,4.7791,56.0753
5.02182,3.03776,26.7334
4.98295,3.70954,36.0188
3.9486,3.25091,26.3579
5.59375,4.76983,53.9212
4.60163,4.04628,38.7738
4.4184,2.46473,21.9176
2.57071,3.64259,28.5149
4.17559,3.49503,31.5924
3.14545,3.90175,34.6593
4.85816,3.64792,33.7385
3.51482,3.43877,27.4117
2.78052,4.18232,37.4579
2.6102,4.22573,37.3905
4.52311,3.28353,28.9611
3.54286,3.3873,27.4212
2.24605,5.75977,65.5603
2.72769,4.65986,44.9112
3.3914,3.58154,31.0813
3.24734,5.94722,72.1948
5.35471,3.18038,29.1282
4.81325,4.43182,45.2894
4.21167,2.75597,25.6215
3.05347,2.73818,21.8207
3.34732,4.13513,37.8887
2.59676,5.16597,52.9134
4.65193,5.68563,67.1515
3.9792,5.51141,62.3522
3.37165,2.19849,18.297
3.54654,3.7356,31.0726
4.78566,2.8518,24.6814
4.34381,2.52695,21.7283
6.95676,2.20861,24.8203
5.33345,5.6711,69.7991
5.19678,3.85473,39.2523
2.56957,4.21987,38.2889
4.14063,5.863,69.167
4.51918,3.10403,27.5162
4.80816,3.76182,35.8778
3.83097,3.77579,32.2059
3.20045,2.51925,19.5074
3.80876,4.64,44.8613
3.91063,2.20014,18.9785
3.89852,5.63269,65.2903
5.17448,5.78878,71.6781
2.83874,3.86751,33.3825
5.06775,4.18973,39.777
4.10499,3.04078,24.7107
3.46661,4.933,48.6696
2.57368,4.47341,42.0278
3.88952,4.35846,42.6553
4.27478,4.03626,37.5582
3.46867,3.83904,33.4816
4.70604,3.87396,37.0968
4.72507,4.35718,44.6516
4.06282,3.7938,34.883
3.75737,3.29951,27.5878
2.50591,3.62861,29.8781
5.01862,3.79582,34.6565
5.55992,3.54227,33.6858
3.13418,3.60515,30.0975
3.07903,3.8366,32.1172
4.69041,4.84871,53.4672
3.67521,4.07951,36.0888
3.36944,5.72989,67.1429
5.51471,3.00408,29.2852
3.25744,3.98617,35.1238
2.64986,2.92964,22.1355
4.33269,6.01998,74.4429
4.71664,5.39593,62.2028
4.60734,4.58204,46.3355
4.07754,2.27944,19.1435
4.91063,4.02804,40.0164
3.00474,3.92069,35.9703
4.13394,2.87256,24.185
3.83118,5.06418,51.6596
5.47876,2.96059,27.2062
3.74578,4.73108,46.1256
4.95781,4.79053,50.8079
2.26689,5.13678,51.4333
2.54277,2.51831,16.9599
2.43913,4.34702,39.8102
4.77715,3.31179,28.9911
3.51663,5.1113,52.9122
3.29108,3.06056,24.7709
4.06905,5.00851,52.8612
2.69708,5.87123,69.18
4.07212,4.03605,38.8814
3.53556,5.00806,52.8351
3.40171,3.35503,28.2821
5.60683,3.6989,35.5368
5.0421,4.92243,54.2767
4.9908,2.52658,21.5255
4.1827,3.39006,29.8362
3.64289,3.1667,24.4248
3.25874,4.46803,41.3551
5.59215,4.60877,47.4031
4.04789,5.42632,60.8846
3.27322,3.50993,27.8467
4.64469,3.49357,32.109
4.05039,3.26686,28.9152
4.38892,4.90321,52.2005
4.32919,3.06135,26.1603
4.62511,2.10026,16.7714
3.43253,2.80968,22.5739
3.29932,4.09073,37.3826
3.77766,3.89558,34.8983
3.97285,5.61988,65.0246
6.71148,4.24689,45.9159
4.8089,1.98032,17.865
4.71037,4.69827,47.9109
4.71114,5.337,58.841
5.97458,4.88274,53.8461
3.15178,4.05221,36.5906
3.55054,3.06634,25.4496
4.04178,4.57724,46.1256
5.536,3.04002,29.2642
4.09823,4.5949,48.3361
4.09413,5.39698,61.2612
2.35966,4.09949,34.1282
4.00104,4.84292,49.0527
5.1724,3.47707,31.8273
4.53159,3.65256,34.6252
3.71236,4.83396,50.19
5.53942,4.42956,47.1983
3.94022,5.0124,52.9914
3.01504,3.95727,34.4615
3.4559,5.05614,52.4136
6.36137,5.9229,77.3737
5.55537,5.08181,57.7017
2.65255,4.64323,42.461
3.62168,3.4941,29.8176
3.98112,4.34937,42.7101
3.92156,4.21225,40.6806
4.54482,4.16877,41.935
5.14537,4.19827,40.889
2.2581,4.34718,38.513
2.8786,3.72297,30.4829
4.76358,5.14478,55.7008
2.95436,2.26709,16.3991
5.39723,3.64703,35.1487
2.96017,4.10824,35.9405
4.08115,4.28637,42.298
2.98304,4.89918,49.9841
2.84268,5.32608,59.0465
4.50529,5.2261,57.8035
6.31173,3.61083,37.3537
4.45736,4.21529,41.3351
4.26391,4.25115,38.9808
4.71285,3.55909,32.9256
3.76331,4.0079,36.4892
5.26845,3.27029,30.4756
6.25365,3.65399,38.3994
2.55561,3.78903,30.6467
4.63885,5.19083,57.5554
4.96161,2.46415,21.4512
4.93862,3.46104,30.9654
3.97565,3.30839,29.15
5.61797,4.35371,44.4814
3.23963,4.47614,43.4577
2.94361,2.60294,20.0702
4.05495,3.40147,29.7578
2.69363,3.54109,29.0141
2.17147,3.7134,29.1433
5.07683,5.97566,76.6662
3.81882,5.19415,57.8839
2.74361,3.20363,25.7585
3.84095,3.97126,37.6598
3.77374,2.37128,18.3819
6.16875,3.08844,31.9061
4.15211,4.44719,45.3438
5.79034,3.42281,32.0594
3.39183,2.10845,15.7664
5.55905,4.79605,52.0033
5.05527,5.99968,75.3927
3.42158,5.21416,57.0421
2.9135,3.93551,33.9783
3.11194,3.09903,24.5371
3.06464,4.50245,41.7462
4.28193,5.18735,57.7642
3.35383,5.05404,53.0653
4.68453,3.99169,37.584
3.63984,3.15945,26.568
2.79645,3.78975,32.3695
4.0541,5.79583,69.7173
5.41819,4.41973,43.5595
3.43864,4.08188,37.4016
4.81613,4.58994,47.8531
2.9445,2.37293,16.9106
2.34744,5.14811,52.6368
3.311,6.71669,89.8243
4.35313,5.26464,58.2921
2.75187,3.5218,28.4241
4.35286,1.74699,14.9432
4.43252,3.83843,35.2402
5.39525,4.36488,43.7789
5.27033,4.37021,46.6602
5.82664,3.34471,33.0773
4.18686,5.75902,69.1924
5.15377,5.29462,61.0003
2.8716,6.10731,73.9675
2.64878,3.81271,32.3445
4.5399,4.33796,44.0579
4.38621,3.94111,35.9873
4.30866,5.62846,67.226
5.46016,2.40335,22.7014
3.31251,2.28875,18.2922
4.22908,2.74927,25.1736
5.41375,3.46815,33.8212
3.81846,2.92014,24.3485
6.47304,4.55409,50.0332
3.73059,3.8788,36.436
4.81638,5.75346,70.5401
3.57728,4.36389,43.1646
3.12206,3.04417,24.0163
3.99149,3.20293,26.9361
3.2872,3.96788,37.4443
3.83782,1.52581,14.4992
3.16324,4.06999,36.0991
4.9334,4.40324,44.8408
4.07725,4.99048,54.2249
1.42128,3.59777,28.3284
3.86632,3.80051,35.3965
5.08574,3.12742,29.2118
3.70356,3.82203,32.7422
6.21625,5.57825,68.5562
4.3242,3.78459,34.6535
3.47302,4.08173,38.6996
4.06946,4.14458,39.8589
5.62769,5.0855,56.5389
2.54274,6.02031,71.359
4.07396,3.31619,29.6412
3.87911,4.71209,48.9488
4.27932,2.50198,21.242
3.11066,4.49609,42.6487
5.05073,4.02423,39.262
4.56535,2.75699,24.1254
4.19379,2.51128,20.1713
2.80903,5.13197,55.2014
5.05215,3.18233,28.1085
2.67675,3.713,30.0706
5.02484,2.98892,26.7608
4.36351,5.46278,61.8222
5.66354,1.86363,20.076
4.79683,3.86084,37.2169
4.34671,4.58238,47.2097
5.14161,2.51025,21.4704
4.22771,2.94851,24.3683
3.70483,4.28781,38.7072
4.35144,3.76665,33.269
3.83752,3.94547,35.9196
4.0887,3.5359,31.2785
5.41028,2.24528,21.1103
3.51412,5.36862,60.2556
4.78134,4.37936,44.5088
4.79187,3.49406,31.0191
4.5724,3.48808,30.5083
2.84464,5.10699,51.8354
3.77747,3.96427,36.8548
5.60107,3.03013,29.6505
4.13286,2.86422,24.8368
2.97116,3.2531,25.2784
4.07141,3.15326,27.087
4.42566,2.47554,20.4869
5.25269,3.62463,34.2943
4.28676,3.64225,32.6325
2.41965,3.40393,26.7631
3.26358,4.4319,41.7164
3.36963,3.30119,29.2245
1.71796,4.38587,40.1703
3.0469,4.84083,51.1055
2.22234,3.59147,28.4276
3.33075,5.02854,52.8092
4.68382,2.38649,21.5645
2.47841,2.78759,19.835
3.57192,3.41849,28.5291
4.27472,3.88517,35.6829
3.82612,3.7676,33.1062
2.99286,4.12358,37.3663
5.30923,4.33639,43.8797
5.52479,4.16925,42.4154
2.62535,5.10922,52.4731
3.60019,4.40981,43.029
3.05171,3.27443,24.9304
3.75286,5.39308,59.3582
2.59683,5.41818,57.7809
