3
5.10907,3.14981,307.492
2.35025,3.05739,254.748
4.69667,3.08592,282.015
4.51313,5.04913,1648.95
5.7664,4.24476,875.737
4.51879,5.44651,2207.63
4.37976,3.60969,477.121
3.45753,4.10741,749.88
3.43379,4.67724,1222.87
4.05709,5.56105,2389.61
4.31611,3.57648,463.021
4.81825,3.79952,578.164
4.34969,2.33592,121.651
4.88994,2.72354,196.191
3.85135,5.16642,1792.65
5.10621,3.22726,332.571
2.14901,4.34378,915.321
5.37579,5.12581,1758.99
4.04005,2.19225,99.2153
4.30479,4.44833,1019.14
4.62625,4.62329,1182.55
4.13897,3.75921,547.816
5.7609,2.52465,167.965
3.22874,3.90867,621.233
3.53006,4.41243,983.047
4.75224,3.22606,330.173
4.37799,3.6295,487.657
3.33381,4.20964,821.923
4.28783,3.80577,575.054
2.94192,4.94437,1508.65
4.31386,2.11398,93.5263
4.22859,4.61689,1170.89
1.99124,4.40965,968.258
4.38468,3.52356,439.016
3.01335,3.6566,486.454
4.00597,5.03954,1632.92
3.34444,4.34635,924.946
2.97056,4.67446,1215.76
3.89748,3.93348,644.137
5.6094,5.72937,2703.2
3.71438,5.17381,1802.37
5.73019,5.92153,3078.32
2.25757,3.79348,551.296
2.92833,5.4039,2126.26
3.4245,3.62616,475.004
4.38244,3.33093,362.288
3.12866,4.14763,774.241
4.28022,2.62157,165.832
4.3194,4.97567,1558.45
3.2359,4.291,880.547
3.13504,3.68299,500.807
2.63592,4.17576,791.701
4.09524,2.66274,174.267
5.13659,4.80998,1379.19
5.26118,5.22052,1885.86
4.63968,2.56398,161.262
4.47418,2.67499,179.49
3.459,3.59149,459.253
3.82399,4.43731,1004.98
5.22633,3.32317,369.205
3.06012,4.18497,801.88
2.13151,5.2227,1857.32
3.72473,5.51501,2309.39
3.71888,4.91595,1481.26
1.65361,4.44328,996.384
4.39619,4.22669,841.865
4.26107,4.35286,940.317
3.89303,4.34081,924.544
3.22083,4.58163,1127.23
5.65875,4.87236,1455.97
4.04031,4.09281,745.631
3.62255,3.49949,419.729
4.08458,4.8403,1400.27
3.99442,3.11373,281.972
3.67255,4.13788,773.544
3.62787,3.48773,415.24
4.67153,2.51134,152.144
4.24714,3.47011,413.038
3.01928,3.77111,543.828
4.54643,4.14556,787.767
4.12571,3.75022,544.529
4.41059,5.16265,1794.12
5.75063,4.65372,1225.62
4.76856,4.23386,855.241
5.11903,3.69829,530.199
3.38959,3.57168,450.637
2.18564,4.7218,1259.34
2.74301,4.46336,1019.03
5.00259,4.17684,816.422
2.38727,4.60981,1148.4
2.7338,4.13173,759.118
4.59264,4.08668,747.668
2.61822,4.61712,1157.22
3.29412,3.58367,454.115
3.52693,5.55956,2381.64
2.25159,3.22849,307.376
5.03214,4.05589,734.369
4.49388,2.35308,122.249
4.86976,3.17925,314.407
3.16464,4.7532,1297.76
6.23045,2.36517,152.497
4.14208,3.38441,378.652
5.01574,2.98053,259.238
4.84358,2.63522,176.905
4.56819,5.10222,1718.75
2.98177,5.12714,1735.22
2.72067,3.54003,431.277
1.62827,4.75075,1285.89
5.59823,2.51649,163.777
4.7733,3.77796,566.402
4.55606,3.72727,537.195
1.74459,3.78869,545.927
3.99477,2.79753,199.238
5.22939,3.4209,405.861
1.80917,3.24601,311.038
4.24491,4.12538,769.313
2.88828,1.84514,57.3369
3.79878,5.6159,2479.44
3.41108,4.27719,871.906
4.61797,4.38613,969.875
2.86445,3.51191,419.312
3.44986,4.3922,962.577
6.70343,1.54872,85.4002
3.68268,4.03863,704.763
3.74835,2.67616,169.965
3.17894,5.95712,3118.58
4.17847,6.36912,4073.44
4.19292,4.71598,1267.88
3.43288,4.0659,720.964
1.88644,4.02827,687.882
4.46868,3.53395,444.323
5.75532,3.21968,342.531
3.90956,5.28437,1956.06
2.84619,3.33074,346.231
4.75531,4.57831,1140.24
4.43703,4.10977,759.61
5.03308,2.91805,239.652
4.13914,4.63766,1188.58
4.29124,2.6255,169.314
4.24932,3.46511,412.949
1.65452,1.52492,30.7685
4.71951,3.1424,300.65
3.19444,1.45503,35.5391
5.34757,3.53189,455.812
2.07798,5.48307,2246.09
4.61729,2.51769,151.663
4.41914,5.49561,2285.07
3.41237,4.99299,1570.67
3.51461,3.5805,454.44
2.43994,2.78522,183.9
5.42107,3.65117,508.575
3.91896,5.27953,1949.62
5.51527,5.01932,1626.15
3.76495,5.19535,1833.06
3.79672,4.39301,968.225
2.89597,4.41791,979.195
4.08333,4.24025,852.404
3.86134,4.79896,1351.44
4.27341,4.46042,1029.62
5.14817,2.90861,238.973
3.86763,5.05529,1648.35
2.73756,3.67623,494.274
3.84631,4.13933,774.163
1.85382,4.0376,693.179
4.4837,2.58859,160.61
4.14975,3.47889,416.561
5.62225,4.81937,1396.54
3.67026,3.17823,299.843
4.09078,5.0158,1603.18
3.8828,4.10105,749.548
4.33563,3.65008,495.525
4.27474,4.83304,1393.65
3.53635,4.32791,912.127
5.06578,5.30802,2006.35
4.84654,2.36923,128.985
4.90213,2.6191,170.795
3.56692,3.61021,469.31
3.27138,4.39717,966.903
4.4619,4.66827,1224.4
2.34375,2.78578,184.93
3.49597,4.0449,708.486
2.23716,3.96482,650.744
2.35381,3.70739,506.992
3.96779,3.77089,552.191
4.68925,5.43927,2199.36
4.14703,3.13898,293.426
3.54685,5.52926,2331.79
3.88961,4.35674,938.762
4.58989,2.56048,157.969
5.14992,1.73433,71.6135
3.45531,3.78242,555.336
3.23296,4.97021,1538.98
4.85772,5.31766,2017.41
3.32613,3.29214,336.189
2.97908,5.35897,2058.61
5.7175,4.7455,1317.48
3.03993,4.09011,735.489
4.80174,4.76563,1327.22
4.26179,3.109,284.406
3.68825,3.00626,250.888
4.54876,3.95579,664.04
3.9266,4.08723,741.013
3.73688,4.10684,752.891
2.81524,2.82873,197.548
4.37905,3.63494,488.682
3.01325,5.43906,2183.48
3.08151,5.16491,1784.73
4.93517,5.63767,2530.15
6.37989,3.64147,522.481
3.88673,4.19878,818.452
5.36614,3.37605,389.66
5.22521,3.54147,454.851
4.06827,3.62466,480.965
8.0556,4.16197,861.083
5.60685,3.58712,483.525
5.01254,3.16025,310.376
3.81941,5.51291,2307.04
2.83803,5.59668,2439.27
4.23355,4.47311,1039.87
4.00452,3.73966,539.184
3.15027,2.66194,164.225
4.08263,3.56696,454.345
3.81557,3.66866,498.069
4.58065,2.65394,176.997
4.80358,4.32765,926.402
3.85906,4.32963,915.418
4.42964,2.04521,88.3512
3.93919,6.14311,3527.26
2.85276,3.58131,452.036
3.78145,4.03874,706.838
3.66812,3.61715,472.058
5.44454,4.54124,1115.09
5.22719,3.97642,685.788
3.48883,3.42394,387.508
4.34735,4.09472,751.637
2.29334,5.28993,1955.03
3.21457,3.90388,617.711
3.45076,3.56257,446.861
4.51847,4.45907,1031.55
3.12778,2.26138,98.8761
2.47357,4.78751,1329.06
2.26807,4.10659,741.895
4.30265,3.21291,318.847
4.58219,4.16906,804.357
2.93713,3.27596,328.966
5.12243,3.70307,532.022
3.19878,4.8331,1384.22
3.25705,3.569,447.606
2.75299,5.07204,1661.34
2.50121,5.08036,1671.6
2.91639,3.24669,317.695
3.50107,2.40995,121.354
4.0703,3.77016,551.606
4.39967,3.87687,615.654
3.6236,5.94335,3093.57
2.38965,3.72804,516.756
3.86257,3.73863,535.416
4.05043,2.67187,172.375
4.02409,4.38309,962.363
2.82176,3.02097,245.157
3.09022,3.48601,410.001
5.15599,5.15586,1794.39
3.35513,3.11952,279.404
3.49571,2.43161,126.939
6.54463,2.05763,119.971
5.19252,4.12962,784.584
2.63842,3.95497,646.249
4.81541,5.58434,2437.64
4.08694,5.74152,2705.61
3.15457,3.85816,595.55
4.48493,4.505,1069.85
4.98603,3.48311,428.708
5.95882,4.41769,1015.79
2.67684,2.92134,217.821
3.75794,2.99575,245.691
4.60147,5.57093,2412.03
3.71418,4.04775,713.548
3.47685,2.99531,245.248
4.3432,3.29302,346.796
2.40589,3.85466,587.043
4.20876,2.75336,192.749
3.28411,3.61281,468.266
2.84326,3.26567,322.561
4.75823,3.84838,604.071
4.22351,4.96204,1540.51
2.80637,3.54276,433.971
2.90945,3.92588,629.593
3.61188,3.89089,614.175
5.98438,1.74255,84.4831
2.43753,5.15268,1763.41
3.367,5.60664,2460.33
4.35758,2.6429,172.649
4.17597,4.95989,1538.15
1.93732,3.34815,348.736
3.66596,2.83223,206.915
4.00108,3.19401,310.569
2.1734,3.90936,616.11
1.45658,4.51523,1058
4.89841,3.23801,335.17
5.30704,5.68227,2614.72
5.60262,5.03769,1649.56
2.99841,4.17343,792.959
4.99985,4.85599,1429.52
4.92142,3.24368,339.28
4.70948,4.07812,743.929
4.20469,4.47829,1044.44
3.47775,3.24531,322.844
5.12056,4.59241,1159.04
4.20632,3.01437,255.632
3.43538,4.13426,769.064
4.72279,4.06815,737.899
4.16424,4.47647,1042.72
3.06689,2.54877,140.383
4.07252,5.24633,1905.94
3.35016,2.71448,175.457
4.70064,2.5688,163.341
3.57321,3.8623,596.747
3.76531,3.29432,341.158
4.51869,3.89088,624.451
5.04761,4.87866,1451.93
4.179,6.87867,5529.47
3.77404,2.82341,201.72
3.7992,4.08514,739.001
2.95479,2.8898,212.773
2.70032,3.7868,552.924
4.97968,4.2994,906.631
3.29549,3.93335,637.411
4.09471,5.7317,2688.34
3.44688,3.73576,530.159
3.08649,2.10393,80.7556
4.11789,5.26101,1927.43
2.95844,3.4848,407.906
2.76305,4.50895,1059.18
5.55607,3.74797,561.081
4.46462,3.90243,630.959
3.47485,3.13598,285.837
2.68299,3.08273,262.195
4.93245,4.57482,1140.81
2.78843,5.09583,1693.06
2.04499,5.14548,1753.27
5.0258,5.37693,2107
2.80634,4.1418,766.548
3.06433,3.17051,294.769
4.25666,4.42151,997.301
5.81675,3.88929,642.302
3.14584,3.76611,543.571
3.57902,3.59533,461.451
3.56007,3.19643,306.2
3.68079,4.38845,963.448
3.62878,3.08999,272.835
3.69663,4.93111,1499.77
5.38752,3.85737,617.338
4.97379,4.73599,1298.16
5.84632,2.5638,177.441
1.22424,5.0458,1621.08
2.34405,3.31543,337.02
5.33046,4.2023,838.386
3.56192,4.30157,891.89
4.28936,1.72491,58.7622
3.63821,4.35949,939.299
3.90353,4.77711,1330.71
4.78754,5.49503,2288.71
3.13049,3.01476,245.246
3.68906,3.58167,457.349
3.59087,3.8416,588.529
4.14106,3.60035,471.428
4.70782,3.71548,534.377
3.01022,5.09653,1696.96
2.73823,4.52713,1074.36
4.51533,2.92924,239.566
4.40665,4.12058,768.549
3.68542,2.023,76.6485
4.82157,5.19181,1839.09
5.57678,3.57737,479.487
5.01767,3.38438,387.438
3.87584,3.04521,263.777
2.73318,1.95405,64.3676
4.54731,3.93285,649.717
3.77703,3.64568,489.111
4.58766,2.98159,251.495
3.42237,3.11644,277.94
2.26414,5.14001,1747.37
1.91826,4.53215,1072.94
3.1989,4.49555,1049.85
4.40924,1.87929,72.7504
5.60278,3.25645,350.781
4.54775,5.04758,1648.24
3.38419,6.19677,3645.66
3.51976,4.92327,1486.82
3.68673,3.46977,409.1
5.78461,5.87973,2993.23
4.09079,3.44457,400.064
3.55081,4.49679,1053.5
2.67641,3.77084,540.311
4.67467,5.74063,2710.08
3.30177,3.99395,675.891
4.95751,2.12358,100.649
4.03592,1.8574,65.8499
3.90806,4.42514,997.734
3.51916,4.4544,1017.62
5.21614,4.24883,871.713
3.25384,4.29175,881.042
4.34572,5.71216,2655.39
3.79911,3.86886,605.418
5.53621,3.34551,381.116
4.01462,2.41602,129.512
4.17561,5.75595,2735.34
4.4694,4.15305,789.947
1.73353,2.1857,81.7611
3.21833,4.86494,1418.25
4.92682,5.61087,2482.68
3.93781,5.28255,1954.68
4.47174,3.11426,290.643
4.76231,4.42894,1007.65
4.42173,3.3018,350.146
2.51697,3.02382,245.839
3.14446,4.33058,910.632
4.57434,3.51011,432.41
3.39419,4.11876,756.876
4.64487,4.21966,841.948
3.79246,4.56988,1123.04
2.98589,2.73718,179.1
3.085,5.36346,2064.96
2.7529,5.13315,1740.21
3.72318,4.02863,700.283
4.75103,5.24141,1908.22
3.91658,3.83722,588.81
3.60877,2.76367,187.823
5.01532,2.97342,254.142
2.52947,5.01359,1587.47
3.13928,3.24219,315.46
5.01198,3.73847,549.698
2.02005,3.87147,595.124
4.25287,3.76665,552.482
3.15019,3.18363,298.242
4.68959,4.00901,698.866
3.87074,4.89558,1460.17
3.49503,5.33604,2029.76
4.3439,5.08213,1689.64
3.16444,5.33382,2023.32
4.33494,4.20567,827.846
2.12582,5.56915,2387.8
4.30435,3.613,478.086
3.86598,3.12055,284.849
4.98914,4.60917,1174.57
3.27062,5.66131,2553.99
5.23024,2.80037,215.207
2.6075,2.75987,178.915
5.86181,5.03519,1649.07
6.12115,2.95234,265.817
4.59272,3.52004,439.407
4.8211,3.25798,341.134
2.7355,4.09844,738.36
3.93089,3.97102,665.937
4.85802,4.66185,1222.9
3.97022,3.84126,590.917
4.30459,3.8485,599.092
3.31784,5.24148,1893.2
3.43474,4.30616,893.734
4.33581,2.75964,196.238
2.99987,4.23627,837.856
2.42805,2.6426,153.314
3.52553,3.59844,463.367
2.57294,2.88732,209.504
4.15504,4.51578,1076.25
4.30377,4.3089,905.277
3.76597,3.77189,552.277
3.52117,3.18044,300.182
4.03193,3.54271,442.067
3.68425,3.44199,395.216
4.36253,4.96885,1548.97
4.48347,4.06463,730.909
2.92211,4.88536,1438.63
4.41736,5.58074,2425.48
2.4141,4.17233,786.286
1.30957,4.32575,897.225
4.15707,2.85949,217.73
3.43574,4.10257,747.538
4.76351,4.5925,1155.19
3.58849,3.98761,672.193
5.00669,4.80362,1371.87
4.92746,3.40109,394.77
2.202,4.29937,880.721
5.16586,2.85955,227.915
6.05548,5.51465,2340.04
3.84795,3.75985,546.994
3.94916,3.15324,295.199
4.08484,5.47363,2244.44
3.97203,4.01101,690.564
3.37271,2.9572,233.391
3.93343,3.1539,295.62
5.58006,4.11577,781.835
2.32856,2.67291,157.401
3.22814,3.45708,398.729
3.83962,3.67375,503.566
4.19051,4.09973,751.349
3.76546,3.63062,481.045
5.23101,5.26917,1951.91
2.30217,6.11992,3463.06
3.21092,5.72752,2671.97
4.4793,4.90864,1479.15
2.9312,3.15457,288.288
3.51804,3.94272,645.5
2.46403,2.53955,135.806
3.85005,3.23621,320.196
5.58184,3.77808,577.592
3.21982,2.77685,189.515
3.80462,2.99638,247.128
4.41,4.38766,970.506
4.30819,3.32758,359.564
4.65973,4.39808,981.136
2.89623,4.4495,1007.61
6.17419,3.66498,530.512
4.20632,3.81581,580.29
4.1354,3.17532,305.102
2.73585,3.73763,525.407
3.71646,4.38351,958.624
5.24966,3.90271,641.191
3.07054,2.62285,155.43
4.90252,5.1144,1737.05
2.7694,4.74907,1290.72
3.44499,4.47192,1031.69
4.64691,2.86613,222.105
5.13151,4.048,729.48
3.24577,3.6994,509.717
3.43274,4.72828,1274.91
4.58486,4.21321,836.937
3.34625,4.20796,820.233
2.33705,4.39436,956.511
4.87666,4.34831,943.928
3.02337,4.46821,1023.93
5.88966,2.60724,185.929
2.86152,5.42628,2161.74
4.02521,6.27335,3834.9
3.47424,3.19416,304.645
3.18313,5.73248,2681.34
3.43805,3.46182,404.467
3.63223,5.3676,2078.27
5.78864,1.69205,79.4996
3.90496,2.3767,121.878
4.51532,3.90563,632.302
6.40009,3.48042,449.818
4.05962,3.13623,290.12
3.26975,4.3519,928.566
5.09297,5.47707,2265.11
4.12561,5.09046,1697.95
4.3991,3.29537,347.557
3.01173,3.99514,672.382
2.88574,4.33128,908.17
2.69377,3.98636,666.342
5.17563,4.67428,1238.97
4.83765,3.0467,272.99
2.5526,5.28111,1943.56
3.99999,4.99126,1575.74
5.761,5.42381,2188.68
4.28132,4.88698,1451.07
5.50107,1.89468,87.5161
3.26858,6.56216,4574.83
4.61111,4.92851,1504.54
4.34786,4.20043,823.446
3.83278,4.309,900.094
4.66283,3.18153,312.512
2.16768,4.01733,681.059
3.73852,3.55844,445.826
2.91844,4.34269,919.161
2.97636,4.34777,924.165
3.14128,3.42631,386.112
2.45901,3.83719,579.612
5.49571,4.02821,722.092
2.82404,4.83401,1382.07
4.24852,6.23408,3742.16
3.60726,3.2836,335.425
6.49226,5.1381,1793.17
4.86514,2.47381,147.391
4.94253,3.21354,327.978
2.87785,2.84265,202.016
2.43807,3.38436,363.234
3.37235,4.05734,715.601
3.49603,3.44302,395.339
3.61012,3.23131,316.826
4.20494,4.91948,1490.94
2.86767,2.96504,229.578
3.1165,3.3751,365.206
3.10428,2.3151,105.931
6.10853,2.9733,273.304
4.13606,3.23081,322.352
2.91287,4.22578,827.749
4.56631,4.66421,1221.18
4.45767,2.71328,186.178
3.38816,4.60561,1152.36
3.41411,3.73334,528.505
4.56131,3.18545,311.538
4.15566,4.94996,1525.56
1.77046,4.14888,768.607
5.15916,5.33343,2043.42
3.42882,3.91548,628.802
2.48265,4.85628,1404.96
4.62347,3.78941,568.142
5.83023,2.44992,158.375
3.73973,2.9199,227.167
6.57152,2.87228,253.524
3.29509,4.5746,1123.21
2.61202,4.28667,874.536
4.04998,2.73798,187.597
2.00054,4.37368,938.318
3.70031,4.01361,688.954
4.39265,4.37364,958.115
4.59716,4.81646,1378.85
4.52373,5.63026,2512.33
1.3799,3.65377,477.163
2.80094,3.61037,464.198
3.82868,2.8036,198.462
4.19612,5.82882,2873.42
3.10165,3.189,300.576
2.93645,3.76448,540.228
3.15946,3.69242,504.598
5.31098,4.63695,1205.09
5.07454,3.08486,289.377
4.17967,4.3372,926.787
3.66347,3.17392,299.811
1.19366,4.47297,1019.92
3.35293,4.22672,832.706
3.56872,2.91321,224.389
4.19637,6.00086,3221.28
4.57673,3.31621,358.717
3.79655,5.24009,1893.73
5.26401,3.83706,604.365
5.4341,4.07237,749.236
3.69859,2.82844,204.872
2.48126,2.43974,119.63
5.42891,4.80662,1379.6
3.68091,3.57858,453.421
1.8075,5.26977,1923.21
3.49998,3.63095,478.978
3.0263,3.49728,413.838
4.8348,2.54912,158.044
4.33157,1.97936,79.571
4.79263,2.54291,158.928
5.20056,2.06204,98.4517
3.73003,4.29763,890.466
2.98993,5.44074,2184.45
4.27712,3.80659,575.905
4.12197,5.69333,2617.54
3.10298,4.11092,748.565
4.18411,4.7146,1268.2
4.41418,4.76738,1324.74
2.38013,6.3632,4039.67
4.82592,3.84626,606.443
5.14974,3.81163,588.141
3.22422,2.8725,212.728
4.70326,3.61392,481.04
4.20126,5.54166,2357.24
2.92833,4.32951,908.61
4.10916,4.06436,727.977
4.96254,3.75032,554.218
4.90877,4.53199,1100.32
3.70189,2.58834,154.141
3.43045,5.93268,3068.97
3.84453,3.49732,420.17
3.65218,5.44219,2192.14
4.83953,4.29913,903.45
4.64886,4.24241,859.132
5.19531,3.90376,641.22
2.14587,3.30829,334.486
3.51113,3.33412,352.816
3.67062,5.81255,2835.46
3.66205,4.81181,1364.17
4.65247,2.21988,107.547
4.96107,5.44746,2216.46
4.28888,4.89095,1457.1
4.49625,3.48186,421.678
6.15294,3.63184,512.583
3.17591,5.63873,2514.66
3.78969,3.95329,654.955
4.01672,3.43784,399.131
4.00535,3.55922,451.651
2.38921,5.26317,1915.14
4.32679,4.24159,853.886
4.10366,4.01371,697.619
4.44974,4.15422,791.19
4.46844,2.38407,127.529
3.16805,4.384,955.958
3.9868,4.55075,1107.21
3.29845,2.89932,217.771
2.40593,4.03157,693.819
4.98325,3.58259,472.111
4.97811,2.90829,236.595
4.59422,5.89177,3000.69
3.58872,5.50517,2291.61
3.61118,4.5463,1099.13
4.92301,3.52263,445.093
3.71336,5.25007,1907.63
3.33272,4.4208,987.238
3.5508,4.87583,1430.71
3.51283,2.89013,218.308
3.88367,4.45741,1022.3
4.01772,2.69293,176.5
4.77355,2.90505,234.902
3.85082,4.85148,1408.11
4.07008,2.75543,192.034
3.3102,4.62611,1171.46
4.90616,5.30433,1998.54
5.07401,3.52317,446.196
4.73681,3.43731,406.075
4.18369,5.03315,1625.45
2.71593,3.76957,541.955
4.24035,3.31641,354.123
4.78182,4.50963,1079.6
2.51677,3.91783,620.86
3.4984,4.15942,788.11
6.14927,3.6234,508.599
3.42444,3.91024,625.66
2.9152,3.7214,517.292
3.22471,5.00105,1577.6
4.36591,5.0379,1635.26
2.78788,3.07157,261.228
3.58593,2.94139,231.335
3.89063,5.20795,1848.51
5.95199,3.89704,648.097
4.70459,4.15069,794.606
3.59391,4.25188,853.524
2.87761,5.63541,2506.85
4.69735,2.85914,222.32
4.72166,4.56652,1130.61
2.17072,2.8921,209.278
3.11001,5.22718,1870.19
3.47214,3.27418,333.115
2.28517,2.65594,154.838
4.4845,4.07064,736.15
3.14807,3.3055,338.281
3.84811,3.44797,401.053
3.53893,4.97185,1545.59
5.46207,4.83703,1412.44
4.12534,4.90366,1470.54
6.26477,3.64505,520.261
5.73284,3.43797,420.599
3.1964,2.7207,175.792
4.27198,4.0933,748.091
3.61929,2.10814,85.2612
4.03689,4.54441,1098.78
4.98646,4.53411,1102.79
4.96267,3.51638,441.845
3.15972,3.63741,476.467
3.3709,3.55841,444.679
3.5436,4.66349,1209.47
3.66797,4.58485,1136.17
3.35235,5.18784,1819.04
4.01788,4.29018,887.4
3.86966,4.24883,853.867
5.31508,2.62167,179.11
5.30756,4.97647,1571.71
3.26044,5.01659,1596.2
1.10745,2.26136,89.0122
4.26902,3.83676,589.68
4.6569,4.73656,1295.38
4.21676,4.48511,1050.98
4.03108,5.12446,1740.42
4.50608,2.33016,120.381
3.66688,2.95994,235.7
3.51162,4.5472,1099.1
2.74731,3.82991,575.572
4.89515,4.14966,795.303
3.86724,1.78483,59.6641
5.25309,4.35946,957.795
3.84718,5.54447,2359.38
5.20397,4.08571,755.293
4.51971,2.83922,215.739
4.12775,3.4278,396.563
3.46934,5.40269,2130.13
3.9729,3.64268,487.027
3.12006,3.31168,340.119
5.62152,2.86795,237.897
2.85887,2.99197,237
1.83393,3.74605,523.905
4.62094,4.22439,845.262
5.3248,3.67997,522.162
4.34751,2.98417,250.603
4.83632,3.5188,441.193
2.58899,3.04652,253.078
4.82879,3.40327,393.782
4.66113,3.67001,509.628
4.03574,3.41445,388.221
3.59691,4.07281,728.957
3.14038,5.96984,3142.85
3.05209,5.23832,1885.78
4.55158,2.39857,131.725
3.4629,3.99911,681.289
3.78337,4.11275,756.252
4.96568,4.74699,1310.2
2.0804,3.23278,306.93
3.44895,4.36532,939.962
3.12396,5.00815,1586.99
4.55591,2.7708,201.476
4.64478,4.52836,1093.97
3.82078,5.27793,1946.3
2.76456,3.97751,660.707
3.42851,4.46983,1028.25
5.5922,2.85951,234.366
4.45369,4.0098,696.253
3.61897,4.6401,1185.78
1.64056,5.59754,2434.16
3.34261,2.68526,170.047
2.54764,4.41005,973.609
4.04805,4.43459,1005.48
4.77221,4.0108,702.187
2.52853,2.07645,72.7662
5.4102,3.9487,672.021
3.12601,4.80419,1349.67
3.98885,4.12303,765.238
4.23116,3.46208,411.605
5.28613,5.12522,1756.47
2.53113,1.38563,27.8451
2.12405,4.44773,1000.45
5.20721,2.89898,239.279
2.72489,4.55864,1102.12
2.55493,3.3426,349.406
4.18417,2.39667,128.277
3.38145,2.75968,186.632
2.95127,4.11406,748.745
3.90189,3.73015,530.316
5.1987,4.65867,1224.35
5.12752,4.41941,1005.34
4.18629,3.85865,603.921
2.97015,3.45744,398.425
1.94489,3.70392,504.349
3.31507,4.3552,932.616
3.25801,4.70816,1252.54
5.01481,4.60745,1171.55
4.90162,3.3843,387.812
4.3193,3.35536,368.974
4.15003,5.39125,2117.98
3.02704,4.99383,1567.26
4.4681,4.02986,709.453
3.14715,4.18301,799.308
3.4549,4.45535,1017.84
2.5813,3.52894,425.946
6.06125,4.20157,849.02
4.06819,2.00639,79.3486
3.16587,2.73719,180.395
3.15904,5.44283,2189.15
4.02117,4.89389,1458.13
4.30473,4.50193,1066.04
4.12948,3.66678,502.451
4.40173,3.21416,318.919
4.61304,2.83646,215.294
3.7074,2.0708,81.6108
4.791,2.96322,250.99
2.7443,3.55662,437.992
4.48366,4.52205,1087.12
4.93552,4.34741,943.701
3.75945,4.84818,1404.7
3.90606,3.61317,473.808
4.22338,4.10427,755.978
4.02803,4.7796,1331.45
2.71126,3.11164,271.202
5.01291,4.10806,767.795
4.44749,5.3078,1998.21
3.2515,4.59056,1135.88
5.82881,2.96673,265.288
3.98259,3.821,580.822
4.18416,4.09612,750.029
4.64474,3.10071,284.965
3.21512,5.02441,1605.08
3.54576,4.59756,1147.29
3.13054,4.16447,788.954
5.31963,3.51234,444.737
5.18263,3.00938,267.631
2.95963,4.43013,990.934
4.19927,2.96426,241.942
6.9264,4.86027,1463.72
2.66346,5.63968,2511.8
3.75452,2.06394,84.9563
5.16816,3.66771,513.923
2.21221,5.55142,2359.35
5.27859,3.46648,426.46
6.07293,4.72188,1299.28
3.30199,4.61878,1163.54
4.58583,4.51865,1085.07
4.76443,3.64677,499.491
2.23182,4.83384,1378.12
5.75254,1.28539,60.7461
3.24094,4.38066,952.615
5.33229,5.5389,2367.6
1.92704,4.03067,689.088
4.49122,4.42071,998.355
3.38532,1.70006,49.3575
4.13723,5.43666,2187.32
2.92747,2.85226,203.175
3.50787,3.22976,315.444
3.4947,4.59006,1137.11
5.32837,3.76097,565.18
2.40456,2.49123,128.284
4.42528,3.84603,599.964
2.54133,2.1541,80.683
4.21064,4.43793,1010.42
3.48231,5.54774,2360.66
2.58232,2.80221,189.792
4.28479,4.69537,1248.35
3.26166,4.94438,1511.17
3.50759,3.88978,615.993
3.69377,2.86497,213.418
4.61286,6.03865,3302.41
4.28261,4.00281,689.165
3.20556,3.9745,662.559
4.67109,3.49682,431.541
4.65471,5.17002,1807.57
6.20813,5.24572,1934.84
4.35467,3.93125,645.676
2.99932,3.11318,276.533
4.72217,3.94413,658.347
3.30792,5.22629,1870
3.71782,5.11481,1725.02
3.40948,2.94685,232.357
4.75425,5.87471,2970.03
4.40284,3.83269,589.182
5.16068,5.86527,2955.73
4.97042,4.25737,874.127
4.36736,3.56188,454.655
4.1079,2.70788,182.353
3.72447,2.53144,144.988
4.07955,1.67214,55.1269
4.24236,3.44699,406.202
4.20748,2.79535,202.618
3.63879,5.64539,2528.41
3.39572,4.59609,1142.33
4.31444,1.57713,49.5705
3.06891,3.12276,279.003
5.19782,4.7087,1275.04
3.1482,4.20201,814.049
3.83715,3.02879,255.412
4.46886,6.19157,3645.15
4.26956,3.54449,447.555
4.26222,4.79925,1354.07
4.5351,2.08717,94.4062
4.5255,2.66885,178.374
3.83936,2.84829,209.65
6.6364,3.83507,625.736
3.90892,3.78139,557.279
2.86889,5.60605,2455.43
4.83152,4.59294,1156.06
3.64193,4.27783,873.273
2.57183,4.0275,691.134
3.32513,6.85278,5437.2
5.697,5.80875,2852.73
5.62794,3.83637,609.381
3.80181,4.06569,727.456
4.5686,3.91311,637.948
3.11177,4.36169,935.473
2.82463,0.782447,16.4832
5.49188,3.56821,472.68
3.02544,3.79561,558.418
4.67511,1.97445,85.1805
2.83987,5.11867,1722.17
5.05497,1.80709,73.6243
3.90992,4.74936,1299.61
3.78663,3.09206,273.633
4.80423,5.20389,1855.35
3.137,3.8113,567.998
2.21443,5.01797,1591.94
3.06127,3.55032,438.004
5.65287,5.48575,2286.18
2.75643,4.16446,782.238
2.0367,3.03324,244.101
4.68684,5.60974,2480.13
4.92514,4.24252,862.985
4.09453,4.04217,711.836
4.56665,3.50927,433.627
4.01296,3.28826,341.717
2.53434,6.0231,3252.67
3.94207,4.63038,1181.23
5.97018,4.41143,1012.75
5.83059,6.27262,3855.73
4.6167,4.74701,1306.95
3.78379,5.03791,1627.29
4.24537,4.84948,1410.46
4.13602,4.67002,1222.54
4.77507,4.41858,999.205
3.51618,3.34174,356.075
3.34225,2.72501,179.797
4.37667,3.08739,278.523
3.6213,3.6862,507.053
3.286,4.38922,960.379
4.1196,2.56524,154.731
2.34335,3.41234,374.202
2.20366,3.39958,368.831
4.56879,4.42644,1004.14
3.6381,3.3135,346.669
4.66501,3.36926,379.105
5.3087,3.86488,621.06
2.0872,4.35313,921.253
3.86069,4.62755,1178.63
3.39703,5.29538,1969.08
5.42095,4.39899,991.958
6.47939,3.57459,491.877
4.4111,5.57014,2407
3.94777,3.62139,477.15
4.36855,5.65139,2548.08
3.98633,2.97615,243.233
4.18334,4.9585,1536
3.33264,3.92294,630.697
