3
2.20363,5.23147,25.4742
2.99369,4.74184,36.2909
3.75952,4.80955,62.39
3.70695,4.12552,58.9618
5.06831,3.62951,142.485
4.31421,4.25425,91.4002
2.22354,1.92235,14.5378
3.82132,5.38298,67.507
3.98477,4.43661,71.5267
3.86071,2.95382,61.2639
3.2391,4.38834,43.8176
4.85866,3.17738,125.183
4.84718,2.18072,122.322
3.4691,4.11403,48.0597
5.06452,5.0929,146.377
2.7716,5.39335,32.7314
2.8196,3.92618,29.5517
4.18128,3.90915,80.8227
4.99359,4.64482,140.537
4.67571,3.271,112.672
4.0546,4.36063,76.4097
3.537,5.25022,56.0652
4.45113,2.84825,95.2022
5.01151,2.46091,137.448
4.00342,4.45215,73.267
3.63494,5.6719,60.9326
4.82276,4.2112,123.617
3.01374,5.29108,41.1578
2.813,3.21316,26.9711
6.38713,3.68035,302.468
3.99268,5.50775,77.1987
4.06039,4.95659,77.9606
4.73661,3.2644,114.965
5.08273,5.65359,152.975
4.59334,4.92481,109.406
3.20155,4.94251,41.459
4.14601,2.54417,78.1112
4.72483,4.69542,119.983
5.01204,5.41874,146.256
4.25936,2.74013,83.6038
2.9836,5.41765,40.2494
3.74206,5.47351,65.5083
2.4187,3.84382,22.2739
4.04078,3.01545,72.9181
4.10781,4.57643,79.9533
4.45677,2.89133,92.7612
3.65991,5.83727,64.2364
3.66875,4.55622,59.343
2.19398,4.22651,19.6195
4.56826,3.59505,106.189
2.77284,2.09273,24.0955
3.95972,4.43369,70.5809
3.45408,5.20411,51.5
4.38533,3.53881,91.8191
4.41611,4.29075,96.8089
6.15646,6.99191,284.193
3.5084,3.24899,46.7582
4.942,4.83304,136.038
4.89015,3.84193,129.48
4.44062,2.25941,91.8197
2.93519,3.86825,33.3576
5.24481,4.15729,163.612
5.11534,3.2638,149.263
4.56463,2.71133,100.691
5.58494,4.21565,197.347
2.87338,2.86491,25.9394
5.7201,5.10125,217.668
2.77701,3.42999,26.6854
2.51384,4.0894,23.9909
3.54486,3.92702,52.2493
3.88238,3.92576,64.3804
5.84702,5.69859,233.951
4.91241,2.83363,128.478
4.26812,5.68662,92.4479
2.41796,4.2998,22.1699
3.19739,5.4176,46.7748
3.6355,4.3974,58.4295
4.05939,3.95362,75.1444
5.5678,4.81522,199.251
3.46005,3.81903,47.9388
3.74149,5.46551,65.2807
4.66987,3.72972,113.017
3.13747,4.57641,41.3235
2.97284,6.38361,43.616
5.59739,3.35472,195.697
3.26439,4.73484,43.5274
4.41906,4.66531,99.0704
3.11689,4.04251,37.2328
4.34079,4.52522,93.35
2.7295,4.60264,31.408
5.7106,3.88149,210.837
3.70372,7.98489,79.7871
3.69767,3.05988,55.511
2.72175,2.84019,24.7264
2.86732,2.09329,25.7849
5.38779,2.91418,171.665
4.31672,3.13406,88.6844
3.23067,4.37205,43.1336
5.05859,3.7017,144.024
6.54556,4.17675,328.105
4.22856,4.64988,87.4777
5.75864,3.38295,216.463
4.23886,4.02152,84.2878
3.46883,3.70808,48.5735
4.44137,3.27152,95.4084
4.92731,3.8357,131.587
4.40727,4.71745,97.1346
5.1259,6.00393,159.031
4.86818,4.17424,126.981
5.25912,4.90024,166.379
2.82999,2.88476,26.701
3.7643,3.45291,58.1034
3.98954,5.05723,73.3281
2.25868,4.70772,21.6229
4.17905,3.21304,81.467
2.74898,3.37837,27.0633
5.82438,4.25888,225.983
3.80735,3.58655,62.3065
3.59585,3.59771,50.7836
5.08105,3.72926,147.846
3.00532,5.45881,39.9899
3.07645,4.18573,36.7979
4.06542,4.33089,77.1776
2.88175,2.71426,26.2932
2.96091,4.2186,33.2889
4.10308,3.66134,75.8427
4.8708,3.73096,127.911
3.44522,4.18606,48.1304
4.54723,3.22078,103.997
2.95164,3.89325,33.4911
2.46694,4.11714,23.1077
3.44161,4.15563,47.5984
2.90613,3.88648,30.9663
3.50786,5.08159,54.6933
3.85622,3.46901,63.8673
2.77264,5.11307,31.4645
1.79243,2.95159,10.8368
4.31538,3.9054,89.1928
4.0212,5.40407,79.395
4.5677,5.53968,113.215
3.30747,6.5541,55.6601
3.71807,4.35914,59.7589
4.10741,4.26838,77.3207
3.44463,4.10227,46.9666
5.183,3.12752,152.863
4.36426,4.94422,96.7938
5.487,4.30516,187.182
4.48385,3.09105,96.9123
2.83624,3.56049,28.7965
3.51531,3.16338,48.1026
3.37019,3.33815,43.9144
3.88311,5.54569,71.9325
3.4195,4.23186,48.2076
4.83682,4.56609,127.002
3.94819,5.46287,75.0994
3.28408,4.84209,44.5496
5.11847,1.95737,146.011
4.62368,2.21064,105.302
4.69054,4.38513,116.174
4.13795,4.40732,80.1708
1.98137,7.40483,32.027
2.51866,4.12715,24.955
6.16788,5.17491,274.957
2.92135,5.53646,36.7786
4.05582,5.29076,79.5737
4.12006,4.40639,79.9932
1.63647,3.1249,8.79323
2.64773,5.00442,28.9745
3.8543,3.48562,62.9983
4.83027,4.59938,127.236
2.96253,4.22901,31.7011
4.31715,4.57551,91.7868
3.45676,3.35033,46.2123
3.81001,5.15864,67.2892
4.9663,5.71612,144.212
4.44308,3.4711,95.6754
3.88277,6.83368,80.4538
2.85725,4.52555,30.9548
2.13085,3.22454,15.5879
2.24883,4.57285,22.3586
4.75981,4.71965,121.834
4.52645,3.81739,103.414
3.40517,3.92454,44.5763
5.26118,3.79449,162.853
4.42401,4.42357,96.104
6.54564,4.65904,331.494
4.10997,3.37684,77.0594
2.98484,2.46752,30.0782
2.08892,4.57487,20.1305
3.9061,3.27019,65.4378
2.8872,4.93362,34.9324
3.42898,5.02539,51.4821
4.09989,4.30513,78.5105
3.34367,4.46613,46.0351
4.06762,5.21041,79.2119
4.39498,3.97569,92.9933
4.25783,4.43722,87.5007
4.33788,4.18414,94.3479
5.13648,3.86371,149.107
3.2639,4.18599,40.845
4.52777,4.77406,105.431
3.14144,4.36314,38.972
3.0903,6.1216,44.3583
3.80093,3.3975,60.9302
5.85252,4.27147,229.594
4.53677,4.016,103.126
5.68944,4.11048,212.391
3.40719,4.81748,49.1226
5.0485,3.34908,140.228
4.40134,3.50341,92.3354
5.6193,5.11174,207.669
4.60604,5.0801,111.871
3.73475,5.6653,65.6814
3.2908,1.77602,35.7047
5.4818,3.23156,184.506
5.18187,3.98322,154.085
3.54482,3.383,50.2076
3.66895,4.59906,57.6178
2.87776,3.3405,28.1658
4.63945,3.77733,107.668
5.63012,3.27942,198.22
4.07667,3.08856,73.1955
3.16727,2.72405,35.382
5.96911,3.73324,243.131
4.8264,4.3277,126.293
3.98187,3.88663,71.2955
5.40998,6.04215,186.097
3.32869,4.50812,45.8659
3.97164,5.11212,73.3578
3.35184,3.95838,42.6977
2.80674,4.13722,31.2953
3.11674,3.83435,35.0255
5.2555,5.40876,169.778
4.00719,2.75052,69.2038
5.67142,5.84673,213.768
5.52396,4.22996,190.376
4.83655,4.88867,128.889
3.9504,2.44415,65.1522
4.34051,5.81235,99.0004
3.93788,3.35406,65.2618
5.76879,4.88446,224.103
4.20222,4.03419,82.519
4.41766,6.02803,103.671
3.21503,4.65184,42.0698
3.26876,2.71063,38.7852
4.74726,3.08316,116.239
3.06864,4.88917,38.4686
4.10541,3.59185,74.956
4.39176,3.75246,93.3234
3.11769,4.16179,38.9394
4.34828,4.06282,93.1563
4.29574,4.0966,89.4151
4.22521,4.39743,84.337
3.1461,3.05208,35.2102
3.68492,4.16591,59.2524
3.1665,5.02792,41.3493
3.13225,3.9315,37.934
3.32289,6.09125,52.6186
5.0411,2.97669,138.34
4.31884,4.71857,93.1189
4.27069,5.12577,91.5225
3.04202,4.95401,37.3541
5.58858,4.44333,199.123
3.88147,3.56631,66.0769
3.70759,3.61,56.3235
3.16345,5.60675,44.2234
4.33932,3.18133,88.2139
4.01836,5.1876,77.8774
3.24448,4.34309,42.3766
4.04036,4.09858,73.4735
4.60987,3.44057,107.549
4.4367,4.00227,96.5649
4.26877,3.40226,85.8815
5.20088,3.9292,156.315
3.14966,3.59405,36.3592
7.47611,6.75276,524.356
3.44037,1.52523,42.0877
4.03804,2.78682,71.1085
2.53743,4.45946,25.5884
4.05075,5.59138,80.1493
3.92389,4.89795,70.3436
3.61328,4.15606,55.4596
4.27953,5.23074,92.3587
2.99469,4.13689,34.6576
4.44161,3.3418,94.9186
5.73515,5.25947,220.37
3.96142,5.16406,73.4608
2.05774,3.28406,15.155
2.99112,2.75004,31.0765
4.54236,3.84188,104.075
4.13113,4.38698,78.6882
2.4678,5.78882,30.2731
3.7882,2.42987,57.9373
5.85894,3.311,227.707
6.52093,6.09221,334.417
3.60748,4.89071,58.0711
4.86427,4.22502,126.894
3.78997,4.57685,65.6643
3.89881,4.17779,67.4219
2.63285,3.07686,22.5808
4.42061,4.83485,98.8506
3.72002,7.23239,73.8959
3.6462,3.9667,56.0586
4.13808,3.86109,78.933
2.67156,3.69536,25.0526
2.61739,5.58069,30.9912
4.77711,5.47895,129.833
4.38926,3.63497,91.028
4.05405,4.02379,74.5787
4.10121,4.72494,79.7411
4.00134,4.63661,73.7917
3.39408,3.91971,44.6251
3.55829,4.78015,56.2824
3.42863,5.01249,50.0926
4.84139,4.76949,128.485
4.12016,4.63254,79.6758
4.28711,4.12093,87.9985
4.08172,4.88087,78.1313
3.86919,3.10446,61.8813
3.5878,3.22947,52.3619
3.08189,4.61413,39.1032
4.1737,4.00759,81.464
2.27133,4.40621,21.2919
4.43085,3.40463,94.9616
3.96943,1.79732,66.6895
5.23052,4.70533,160.433
5.82064,2.33833,220.587
3.76393,5.20517,65.9174
5.27352,4.97718,168.309
4.76,4.16514,120.474
3.06268,3.10086,33.6828
3.64196,3.5676,53.2142
3.58598,3.58213,50.6938
3.9954,3.07708,70.0048
2.50334,4.1467,21.943
1.9876,4.71795,19.2173
4.54828,3.94205,104.804
4.34706,3.87743,89.5948
4.30573,3.34171,85.8899
4.62427,4.58454,112.18
3.56566,3.44537,49.4531
4.14351,4.65741,82.6146
3.89171,3.55145,65.6421
4.36894,4.40692,92.5432
5.405,5.65208,186.684
4.34043,3.83789,90.5525
2.50907,4.26853,26.0243
3.12945,5.26299,43.2274
2.77781,5.43518,35.8845
4.48628,2.90184,97.6569
3.74004,3.65792,56.8845
3.12617,3.70732,36.1274
4.61519,3.09371,105.612
3.93509,6.07492,78.7664
2.27623,4.03068,21.6259
3.35991,6.11537,55.298
4.0953,3.19514,75.0215
5.48817,5.00391,190.886
2.51245,3.66327,23.192
5.44458,2.13457,175.776
2.92419,3.15178,30.8504
4.24291,5.40406,90.2823
2.34135,2.68367,15.7795
3.15277,3.8516,38.0018
3.95959,3.41046,69.3184
2.40171,4.80219,25.3882
5.05248,2.06533,139.336
2.02265,5.30445,23.8547
2.9486,5.19412,39.5124
3.38875,3.8741,45.0767
4.48797,4.21024,101.827
3.48874,3.81636,47.5836
3.60603,3.16181,51.8997
3.64856,4.22266,57.5412
4.1922,3.56528,80.2447
2.34453,4.33658,22.8511
4.12971,2.98569,77.1678
3.68176,3.36773,55.5846
3.46455,3.0089,46.4874
4.00543,4.62976,72.4725
4.10597,4.38637,77.036
3.14093,5.37727,42.4388
3.73757,4.28683,60.0036
3.9969,5.65861,78.632
3.43176,4.05345,48.3379
3.04668,3.83057,34.9292
2.7374,3.7785,25.4857
3.31375,3.86888,42.4932
5.60715,3.96338,200.171
3.60746,3.45927,51.0609
4.47838,4.2134,99.6045
5.03193,3.45576,140.987
0.933989,5.95066,18.5706
4.66144,3.91057,113.419
3.71463,3.30049,56.7928
4.77287,3.47491,120.177
5.33543,3.19911,168.441
2.04258,3.1801,15.2091
3.64819,3.74564,52.3864
4.54043,4.01041,103.816
3.69683,5.03466,60.8884
3.30788,4.03924,43.7238
2.87943,4.26372,32.2133
3.45048,4.35173,49.3315
3.27511,5.42429,46.0106
3.38849,5.44215,52.675
4.03765,3.21815,71.4145
3.31171,6.1166,51.6803
4.02492,3.29239,69.6754
5.71726,6.05561,219.726
4.97252,5.26589,139.387
4.91729,3.7434,131.471
2.11653,3.59785,15.9302
3.05136,5.4074,39.5841
4.38033,4.76869,95.3968
6.35742,4.19047,298.943
2.67044,3.61421,24.5897
4.14846,3.94881,80.8167
3.16349,4.12217,38.5636
4.07856,4.49047,76.8813
3.62966,5.71484,62.076
4.28048,5.20522,92.0465
4.74675,4.06165,118.766
1.48663,4.78323,16.9591
2.97383,3.95427,31.8246
4.88242,5.33536,133.439
3.8218,3.33531,62.8901
5.77816,3.27217,215.919
4.45552,2.93221,95.0345
3.32832,4.49766,45.2016
3.79402,3.54277,61.9976
4.24956,4.05184,84.5045
2.38759,2.73049,17.6859
4.33756,3.17744,88.7378
3.26114,4.68483,43.2411
3.63961,4.17468,57.0349
5.62873,3.26359,199.447
5.44038,4.13788,181.898
4.08522,5.98753,85.6204
3.14556,4.44875,40.5794
2.65112,4.90653,27.8365
5.37586,4.14637,174.339
4.36091,4.51755,94.5627
5.41516,5.36221,184.18
4.39315,3.51847,93.0987
3.93055,4.04392,69.3214
4.26326,3.78597,84.0908
2.25451,1.98204,15.6878
3.07458,3.16118,35.0832
4.091,2.79943,73.6558
1.93304,2.38927,12.2143
3.52276,3.78574,50.4312
4.84927,5.21985,131.315
5.50477,1.21531,182.758
1.77642,2.73474,10.7963
4.33602,4.23852,90.662
4.27002,3.78039,85.5303
4.21337,3.63058,80.4548
3.90073,5.43961,72.9242
5.16014,2.91718,151.557
4.97176,3.11964,134.7
1.30484,4.56893,15.444
3.99203,4.07089,70.9918
3.77202,2.51695,56.3711
3.81905,3.86649,62.8415
4.72781,3.55116,116.448
2.36793,3.25643,19.7148
4.15906,4.0005,78.7415
3.87326,4.80436,66.8841
3.38405,5.42866,53.2713
2.48014,3.51974,20.642
4.80663,3.51176,122.691
3.52638,5.82301,58.809
4.75054,4.66758,123.078
4.39493,5.42032,100.638
5.69027,4.51819,210.091
4.09549,2.61575,73.2372
3.86156,5.00704,67.1824
3.02626,2.87921,32.055
3.30395,5.53677,49.1898
4.70919,2.97008,114.594
2.68057,4.59704,29.7481
5.26909,2.39559,158.927
4.21588,5.00442,86.1873
4.20043,4.07069,82.4773
3.67914,4.57927,58.0828
3.79701,3.85609,61.6739
3.48944,2.2383,46.1761
4.92732,3.30185,132.49
3.61667,3.8157,54.1518
2.79023,4.04666,28.8347
4.93862,5.8025,139.522
4.42206,3.74924,95.1292
4.25754,2.63376,83.2537
4.3917,3.97715,94.686
5.73944,5.77593,222.179
5.58967,4.43234,202.101
3.67788,2.22174,52.6627
4.10087,5.26815,82.0597
3.57675,4.24991,52.6922
5.12179,3.13628,149.569
4.823,3.97523,123.34
3.88623,3.82105,63.859
3.76128,4.6372,63.9068
3.23212,4.28766,42.478
3.23926,4.36932,42.5916
5.03551,3.08457,139.863
4.63432,3.67367,107.881
4.27772,4.38299,87.3222
5.08631,5.12964,151.263
5.29366,2.76131,163.086
3.61271,4.11664,55.9134
5.04657,3.99283,142.645
5.16977,3.56186,153.331
4.23799,3.13064,82.5014
4.91571,2.88189,130.385
4.80049,4.58648,125.428
4.76831,2.26203,116.835
3.40721,3.10673,45.564
3.09419,3.59597,33.4072
3.73843,3.52996,57.3717
4.11414,3.9534,77.3501
4.2851,3.72984,87.1943
3.78365,5.04858,63.0551
2.96709,3.54037,31.4534
4.63923,4.04195,110.796
3.96938,4.01592,69.1589
3.30378,4.35331,44.0351
4.33634,4.71834,93.239
5.13903,4.89952,154.38
2.06435,4.03661,16.8695
3.63437,4.82996,57.6994
5.50026,2.12226,183.855
5.4047,4.35574,178.209
4.63789,4.92197,112.522
5.21351,3.72111,157.851
4.68281,4.69229,115.681
1.46257,3.04756,8.79329
5.77812,3.48473,217.184
6.5044,2.7919,318.265
4.55698,6.19325,113.351
5.03181,2.12099,136.115
5.18271,4.72949,158.278
3.8844,3.77802,66.4662
4.06848,4.5544,77.5327
3.11326,4.64709,38.9246
2.75942,5.23638,31.1587
5.30913,3.46835,166.957
4.59714,3.98494,106.591
5.63629,5.11687,205.368
4.24699,4.46433,85.4986
2.74966,5.46115,32.9016
6.47617,6.52263,330.491
5.34387,4.10108,174.123
5.00241,5.01323,145.857
4.25341,3.07237,81.7803
4.28082,4.76234,90.6702
4.38023,4.02467,92.4729
4.99974,4.02453,138.423
2.77492,4.42719,30.7578
2.18012,3.083,17.3295
5.14333,4.30973,153.522
4.32222,4.5156,90.8702
4.76558,3.73702,120.027
4.30536,3.08602,86.0427
3.68099,5.76653,63.1132
3.73104,1.86904,52.9353
3.52641,4.58517,51.8572
2.76258,4.72701,34.2629
3.227,3.70678,38.5817
4.74266,5.77419,125.545
3.12322,4.86771,40.8192
4.92118,4.17193,132.732
4.69586,5.58763,119.662
5.7043,2.3556,205.989
4.226,3.50005,81.3749
3.33906,3.50348,40.1684
4.3423,4.49973,93.2855
4.40191,2.604,91.3306
6.22473,3.5179,277.907
6.00057,3.14227,245.556
4.20693,5.57169,89.5648
4.29501,4.07091,88.3915
1.92869,5.00294,18.9524
3.00131,1.97673,30.1
3.85307,3.69241,64.3639
2.04438,4.77508,19.4243
4.67954,4.95769,114.839
6.89444,4.75634,393.444
4.12796,3.67507,75.9544
3.32762,2.61974,41.5833
4.94786,5.39247,141.22
6.01407,3.31568,247.038
3.54756,4.50826,54.3198
3.94865,4.94966,71.9331
4.04798,4.06282,74.5217
3.97328,4.82742,73.0551
5.93237,5.02831,240.84
3.03019,3.75346,36.531
2.79961,1.35311,25.119
4.77687,4.77423,124.556
3.23323,3.1624,39.4355
3.06901,2.89973,33.9408
4.89264,4.60841,133.659
5.27033,3.19361,160.81
4.68858,5.4743,119.711
3.19584,4.4368,40.6506
3.55425,3.55582,50.0113
5.21912,5.228,165.504
5.05386,4.61646,146.363
3.98501,5.06568,74.0374
1.81738,3.67913,15.1215
3.77823,4.51532,62.7787
4.31799,3.25195,87.8156
5.08133,4.00038,145.214
4.93531,4.14478,133.588
5.99124,3.67452,246.851
3.86841,5.43727,72.7612
3.84755,3.91605,65.3435
2.92901,2.76422,29.6889
3.21404,2.99207,36.273
3.8574,5.69287,70.8146
3.06532,3.82723,35.8548
3.85877,5.13199,68.2881
3.50168,3.14756,48.2677
6.03714,4.02237,251.122
2.70814,4.17068,29.2286
4.02124,5.23292,77.3206
2.78168,4.22139,29.1136
2.72352,4.19906,29.4779
4.93239,3.17502,128.865
4.41555,5.04624,100.095
4.68541,2.67012,110.218
4.43949,5.11734,102.423
4.19464,3.2745,79.4374
2.34423,5.81299,27.2312
2.88304,4.11937,32.2619
2.6348,3.11269,24.2696
3.18867,4.54106,42.6759
5.3183,3.99111,169.417
3.61968,3.5854,53.4189
4.45392,5.28044,102.584
4.31554,2.78785,87.3357
4.05892,3.54401,75.1941
3.30629,3.92322,43.3095
2.07459,2.68883,14.7553
3.603,3.28683,52.2974
4.35929,4.82956,97.0866
3.23782,5.29482,44.913
3.62508,3.57354,52.4469
5.21766,4.75245,162.219
4.81557,3.06452,121.629
2.98501,5.33484,39.0932
5.02764,2.64353,137.106
3.3665,3.75889,44.6502
3.2352,3.3897,38.0176
2.20616,3.60373,19.0285
4.28586,4.86464,91.4018
3.91902,3.17473,64.5215
2.43656,4.66276,25.7695
2.62408,4.6274,26.8761
5.69059,3.77193,206.863
4.39644,6.05529,103.754
3.09325,5.4296,42.1641
5.47794,5.17108,189.361
4.08725,4.55039,77.2924
2.93788,5.39642,38.2167
3.58316,5.16167,56.5744
3.33725,3.94241,43.9987
3.90466,4.91673,69.1235
3.89766,3.23583,64.1016
4.79532,2.92017,119.199
4.42563,3.64803,94.8854
6.13921,3.75274,265.597
3.4672,4.68194,51.388
4.52668,4.32511,104.663
4.09861,3.35557,75.6813
3.50675,3.67414,49.0288
5.49698,3.15489,186.861
5.11268,6.01932,156.846
6.1034,3.68538,260.401
4.91316,2.35312,127.443
2.68989,5.48883,35.1299
4.31917,3.63047,87.834
3.76967,5.92587,68.3973
5.03816,3.90869,141.488
4.16649,4.91052,84.7517
5.03137,4.10752,141.369
3.89994,4.01425,66.231
2.66357,3.40279,22.855
5.29545,6.82254,178.642
3.99254,5.2756,76.6572
3.91439,3.9328,67.3208
3.95875,2.98502,67.9503
5.22862,5.2184,164.65
4.99948,4.31405,139.771
4.51151,2.60853,99.7333
3.94753,4.46587,69.0484
4.03047,3.52431,72.3449
2.65946,4.56757,28.6151
3.63345,3.39843,52.2221
5.47836,4.11017,185.263
5.13904,5.73982,159.273
4.86779,5.81025,134.917
4.62416,3.42258,107.63
5.2379,3.66896,158.72
3.67702,3.53877,55.4247
3.44291,6.33615,56.2366
3.1876,5.31035,42.8933
4.21015,2.87594,80.1309
2.83386,4.28514,29.812
5.84559,4.83668,231.141
3.23662,3.46566,41.2424
4.07478,3.5602,75.4411
4.53163,3.08942,98.9003
5.13431,6.12534,160.783
3.86573,3.94322,63.5524
3.91105,1.38942,60.667
4.85359,3.52239,124.825
2.96088,5.53104,39.4367
3.77101,2.95357,57.2275
4.16925,2.96445,76.7541
4.81979,5.13575,127.104
4.26604,4.83673,90.524
5.4594,2.82406,182.829
3.63296,3.26126,52.2519
2.97292,4.04856,31.6904
3.63535,3.38075,53.8666
3.48294,3.85677,48.3653
3.9825,4.79926,74.8147
6.61176,4.06914,338.987
5.40544,4.2008,177.978
2.82526,4.07816,30.7267
3.85002,4.83735,67.8602
4.43567,4.38693,96.1892
2.10958,4.04076,19.9145
2.71793,3.89648,26.3171
4.94699,3.85123,135.3
3.81391,3.9545,63.4155
5.69275,2.84522,207.027
2.49043,3.88459,22.9995
3.37649,2.41437,40.9784
3.18607,4.95325,41.8915
3.55703,6.08194,64.0293
5.37689,5.70571,180.072
5.37544,6.90933,189.065
4.01061,4.88155,77.1801
4.96882,4.64216,138.331
3.42247,2.93688,45.0829
2.74495,2.74022,26.2125
3.30286,4.64961,45.4596
4.79291,2.81412,119.697
4.73568,3.68185,116.266
5.05988,4.35203,145.607
4.43362,3.93857,96.1151
3.44018,4.9735,51.0331
3.74474,5.24523,62.8673
4.6603,5.25736,116.063
3.99501,3.75172,72.536
3.42715,3.09004,42.9999
3.00971,2.4529,28.8094
3.48151,5.5072,53.2198
4.22587,2.76709,81.0699
4.33506,3.87192,88.2913
2.68564,3.42737,26.35
2.39535,5.50742,25.2716
3.6098,3.61283,54.1126
2.04625,4.51755,18.2052
3.24962,5.72109,48.1799
2.82831,3.68672,29.601
4.1143,4.32592,78.5768
2.86761,3.31998,29.1845
4.84191,3.21395,123.982
2.29989,4.60504,21.2106
5.33903,5.08201,175.39
2.73457,4.14019,28.1028
2.8551,4.86816,32.8632
4.70303,2.68216,112.211
3.12814,3.32175,36.9403
3.48648,3.10122,44.1925
2.68829,2.53188,22.154
4.68892,4.22476,114.421
5.64267,3.46376,201.125
4.38831,3.34279,91.2152
3.02126,4.33857,36.4171
2.92912,2.70711,28.4325
3.13956,4.07519,36.9068
3.29739,3.13467,39.7461
4.57817,3.70473,107.098
3.89648,2.74432,64.4273
4.16294,3.60275,78.8428
2.87839,3.11803,28.0657
4.77916,3.16211,117.574
3.51712,4.52085,52.95
4.85768,3.63704,125.232
2.64205,4.16438,26.607
3.25718,3.89625,42.3849
3.69407,4.43384,58.818
4.19388,3.65652,81.5774
5.70676,3.25516,209.618
3.12281,4.45523,38.5027
3.9148,4.20802,66.8042
2.59524,4.74297,27.7636
4.44707,5.08207,101.003
4.26759,5.00497,89.8373
2.80845,6.36069,40.2173
4.84335,3.9092,124.773
4.1195,3.62001,77.757
2.86326,2.9588,27.9101
1.20326,4.21195,11.4159
3.83462,4.96183,67.8873
3.883,5.55017,72.826
4.13118,3.92163,76.7413
2.82761,3.16911,27.5616
5.30618,5.06152,171.143
4.79619,4.5867,123.935
3.49538,2.92476,48.7019
4.59537,3.80486,104.284
3.68726,3.58726,55.9765
4.14291,3.5309,77.9545
3.67797,4.18549,57.5929
3.72007,3.58409,59.2499
5.19967,3.6892,158.693
3.48785,4.9964,51.8695
3.72545,4.00082,59.1832
5.95335,4.76183,243.592
5.5344,4.4145,193.315
2.97236,2.378,29.3773
3.86267,4.05397,66.1178
2.64673,3.37565,24.2124
4.46964,4.84543,101.234
4.16014,4.13115,80.8048
2.90083,3.88345,31.0349
4.1341,4.02965,79.1371
3.79838,5.73949,70.31
3.48945,4.58664,53.5803
1.60796,1.93895,9.03192
2.79661,4.69943,29.7165
2.02311,3.74369,16.298
5.32123,3.12321,166.507
4.10838,3.0596,73.8763
2.28254,4.56392,23.7314
4.08015,4.11665,75.5963
4.09104,3.30604,73.2304
3.23285,2.64081,36.4324
1.52951,4.1506,12.0003
3.91482,3.41499,65.6297
6.42574,2.55248,305.578
2.41437,4.23973,22.8512
3.51054,4.43939,51.8231
5.12426,3.14701,146.795
2.52963,4.74064,27.5482
3.75758,3.80277,60.3487
3.81336,3.87541,61.9799
4.02569,4.86311,76.705
5.44905,4.35469,183.207
3.0097,1.84213,28.5114
3.85755,3.37281,61.6278
1.92617,4.51698,18.6352
2.79968,3.536,26.4027
3.07423,2.76249,33.3957
3.638,4.9182,59.4338
3.32901,4.89224,46.2149
0.782739,3.42136,8.1321
4.00234,2.8241,67.3082
2.64513,3.60575,23.9839
3.78064,4.26351,61.9005
4.9169,2.71981,129.338
4.18242,3.64816,81.4573
3.85978,1.04882,60.4533
3.07428,4.07987,34.9311
3.17276,5.38454,43.7591
1.63852,5.11392,18.5788
3.65129,6.26572,66.4661
3.09955,4.70429,38.6781
3.95019,4.86803,71.5074
5.06731,3.87845,144.47
3.95144,4.44909,70.7534
4.20073,3.56443,79.8505
5.12463,4.36739,151.009
4.30406,2.98559,83.5778
4.79563,4.85829,126.197
4.4675,4.58622,99.642
3.47589,5.77343,54.4243
2.05215,3.0486,13.5727
4.74649,3.84959,119.04
3.14225,3.61232,37.7778
3.4898,5.15944,53.2427
3.48543,4.87838,51.0674
3.19925,5.40443,43.2033
4.77411,3.20917,119.229
4.03501,3.13679,71.5329
3.99791,5.30543,75.618
3.93429,3.22211,67.5588
2.18043,2.12183,12.3693
4.46262,4.11647,99.2461
4.78887,4.01433,122.148
3.03904,7.3741,50.8967
2.95684,3.93032,33.5903
3.7959,4.0476,63.0353
3.07629,3.46299,34.7369
2.6152,3.51912,24.7009
1.2496,5.66155,18.5809
4.597,4.11931,109.226
3.56407,4.22981,53.5995
4.47709,5.01568,101.59
5.16808,3.03975,151.946
5.1852,4.62885,158.677
4.57207,5.08627,110.061
5.23203,3.66461,158.865
3.82882,2.94491,59.1886
4.11667,5.39852,82.6161
4.25546,4.79102,89.2406
2.57003,3.49589,22.4652
3.11897,4.05176,38.0726
3.78207,2.78656,57.9282
6.0538,3.10124,251.718
3.84763,3.76916,63.759
3.92442,4.37752,68.9615
3.04213,2.44193,31.5843
5.19536,3.35513,155.498
3.77788,2.46159,57.5119
4.47042,3.94115,98.695
4.81857,3.3761,122.397
3.38865,4.21675,46.105
4.37193,2.67334,88.77
4.66542,6.45462,123.553
4.59276,3.99591,106.62
5.14245,3.98431,151.727
1.62237,3.90744,13.2542
5.57886,5.06824,199.488
1.81634,4.13567,14.1295
2.84217,4.88203,32.2784
3.37598,3.45141,43.2773
3.11346,4.0821,38.1618
2.24414,5.7664,26.4562
2.56403,5.93593,32.7316
2.04119,2.32786,13.9542
3.80612,4.62974,64.6212
4.57862,1.27324,99.8237
5.90819,3.72582,235.589
3.75714,3.55372,59.6712
4.83367,1.67701,120.677
2.1566,5.35241,24.1438
5.23192,5.77368,168.543
5.99745,5.65491,255.005
5.70153,5.38394,217.156
4.54633,5.04022,108.453
3.07392,6.65668,49.4895
5.12208,4.06062,149.505
3.34568,4.24016,46.3284
6.12793,2.36612,261.747
2.891,4.12473,31.0385
2.40428,5.91807,31.2336
2.80637,2.18482,25.238
3.80967,2.61315,59.9464
3.44471,3.77851,46.8246
3.58249,5.53632,59.8623
6.88177,2.85746,383.14
4.62142,2.75297,106.789
3.94025,3.12925,66.538
2.97794,5.03725,38.3984
4.96963,4.82073,140.044
5.67652,3.63698,204.516
5.08783,3.16934,143.846
4.62337,4.40004,108.805
3.50853,5.12402,53.7358
3.55843,4.30881,51.7107
3.08851,2.82303,34.0676
3.74508,1.3243,54.8176
2.966,2.97726,33.4169
2.8247,4.99309,33.3983
2.02339,3.83821,16.0791
2.7393,4.93374,31.3531
3.18355,5.61345,46.6723
2.98174,2.2261,28.8204
4.50816,4.25058,101.874
4.5366,4.31374,103.141
4.7413,2.1249,113.349
4.76114,3.89706,120.373
6.39383,4.41852,306.273
4.49323,3.57667,98.5202
4.38749,4.67903,97.6855
4.7274,2.54822,112.693
4.43239,5.58733,103.338
5.80066,3.57434,221.389
4.30188,2.34972,83.7022
3.27359,4.7384,45.018
2.36196,5.03288,25.5427
3.95427,3.01831,66.2274
2.33163,2.67537,16.6136
3.8136,5.30813,67.2961
4.233,2.99442,81.9487
3.60383,4.42557,55.8087
2.4676,3.33155,20.4513
5.22774,3.85337,161.912
2.84345,4.31183,31.0399
3.66978,3.75287,55.6061
3.03968,4.39192,37.3771
3.68459,4.11235,56.7576
