3
3.82496,3.27187,58.0253
1.94919,4.88646,131.997
1.27978,4.79241,123.669
3.02387,4.60591,117.434
3.74921,4.79099,132.066
4.16531,4.51362,118.351
4.01434,4.85604,137.492
4.32063,3.49138,71.4194
3.67154,4.72618,128.261
4.22956,4.22788,100.257
3.81449,4.45273,113.125
4.44806,4.14715,99.0796
2.99383,3.67398,70.1983
3.90529,2.65277,43.3664
3.91228,3.32876,60.051
2.2093,3.32423,54.0145
3.54692,4.94243,141.508
3.67827,3.70003,74.0011
2.86533,3.12727,50.5797
4.03916,4.12011,94.5518
3.68372,4.72508,129.428
5.86853,2.71103,54.2017
5.08112,3.85341,88.8028
3.82436,2.6921,41.0661
3.5764,1.98213,28.0567
4.415,3.12792,56.2985
3.63512,4.70407,126.594
3.27451,4.51268,112.884
4.4128,3.29942,62.3302
4.13593,3.8205,81.2698
5.18132,2.72659,51.7822
4.06323,3.11887,52.7973
2.80335,3.88435,77.9769
4.07465,2.4003,37.4105
3.78127,4.39742,108.521
4.42964,5.0081,151.039
3.82643,3.42752,63.6677
4.09114,4.32295,104.737
3.62333,4.80997,132.748
4.21178,3.08885,56.6936
3.78484,4.82863,137.114
2.7798,3.87497,78.0642
3.77683,4.77138,130.939
4.63376,2.97942,52.8105
3.75105,4.93555,141.789
4.23246,4.0953,96.4392
4.29481,3.44852,68.2254
3.58605,4.54177,117.659
4.98395,3.57255,76.13
4.09848,3.67439,76.3513
4.43577,5.42585,180.684
3.75214,4.28869,103.072
4.1967,3.51527,70.3797
2.50734,4.67357,120.238
3.26098,5.81547,210.05
3.20029,2.36171,32.3135
3.96679,4.29234,103.491
4.33485,4.34425,105.996
3.15427,3.96533,84.1028
3.50282,4.17943,96.0869
2.76128,5.0909,149.355
5.87258,4.86279,148.786
3.0208,4.81553,130.205
5.9045,5.63872,208.274
2.95424,4.67951,122.547
6.23161,3.24708,71.0944
3.85582,5.28028,166.235
5.03396,4.01989,96.1669
3.94107,4.28036,103.881
3.58103,5.14592,154.891
4.19677,5.90585,220.981
4.14535,4.27951,104.226
4.29316,4.48071,116.317
4.89819,4.06697,95.1526
3.15111,1.7072,22.8575
2.6896,3.89398,78.071
3.53052,3.64997,73.02
4.26415,3.20728,60.3423
3.46157,5.45101,178.749
4.79746,6.79679,320.329
3.20694,3.52324,63.6887
4.27541,3.17107,57.109
2.5341,4.25299,96.4072
4.52355,3.82781,83.4874
3.23581,5.1685,155.593
3.36525,4.08538,90.9192
2.99165,3.376,58.354
3.30848,2.50364,36.5964
4.28687,3.75823,80.8543
3.28477,5.66935,196.49
3.73764,2.80208,45.0703
2.55554,4.10054,88.6695
4.50035,5.26282,170.373
4.48814,3.61165,75.1995
4.08471,4.09934,92.6712
4.58048,3.1269,57.3468
2.70504,3.63279,68.6618
4.93907,4.32288,110.675
2.92083,5.17215,155.118
3.12906,5.83738,213.163
4.3897,4.28305,105.762
3.21298,5.29771,166.441
3.39109,4.13524,93.2934
2.60349,4.90413,133.69
4.3156,4.04516,93.2335
4.11237,6.48025,279.848
5.26293,0.990115,24.8004
3.99158,2.48282,39.8474
3.40607,5.93226,222.072
3.90807,4.97607,144.151
3.81238,5.0603,150.7
5.14424,6.53449,289.913
5.32393,4.38999,116.41
3.35548,4.36574,103.925
5.14018,5.15523,166.014
3.475,3.76454,77.2981
3.89578,4.95214,144.218
3.62937,2.60229,39.6432
4.44189,3.44047,68.3599
5.27168,4.70686,135.646
2.96387,4.62189,119.747
3.16641,1.11185,16.5543
7.18163,5.72903,225.801
4.1853,2.71343,44.3905
3.9283,3.14943,55.2128
2.81543,3.07064,48.0046
7.04437,4.05485,109.741
3.17958,2.48043,34.9394
5.79689,4.69163,135.672
4.2256,3.57631,71.3983
5.29772,3.08368,60.1355
4.19999,2.27562,35.4499
3.75559,4.50675,115.523
6.72884,4.16429,113.34
2.91451,3.21295,54.7094
3.97627,3.19079,59.4551
2.85505,3.55302,64.5007
4.36872,2.80243,47.3738
4.16322,3.77846,80.2619
4.78116,4.84937,141.318
3.50318,4.93338,141.6
2.63852,2.72504,37.3012
3.01235,7.56414,410.843
3.995,6.33974,263.797
1.0598,3.89524,75.3326
3.58283,5.14028,155.312
3.00759,4.88189,135.773
4.14264,2.8726,48.542
4.29055,3.03045,52.4795
3.80393,6.17297,244.725
3.50511,4.03361,86.659
4.43234,2.38785,36.6185
4.42344,4.62952,124.161
5.11648,3.29879,67.2296
4.31114,2.74573,46.9825
4.98131,4.43226,115.673
3.88146,3.79752,79.4452
3.81006,1.92548,26.5356
4.78038,4.7379,132.801
3.98917,2.49743,39.9462
4.70314,3.6877,79.8339
1.97483,4.43051,104.516
3.1402,4.00286,86.0357
3.18004,4.50197,110.762
3.48379,3.32004,60.6618
3.54773,2.29519,33.7965
3.95858,1.98862,29.1659
5.28897,5.17233,165.852
3.77087,4.5797,118.317
3.34306,6.97716,334.524
5.40637,2.50759,44.8586
5.92642,4.01372,100.794
4.6739,5.16719,161.867
4.76107,2.47505,41.8142
3.13391,5.54355,186.322
2.49851,3.35703,56.3978
2.43051,5.23651,159.438
3.6476,4.01434,88.1572
4.22016,3.84741,82.7204
3.05316,3.01465,47.8942
4.39094,3.40385,68.1263
6.20303,5.20512,175.047
3.00776,2.93417,43.5246
2.07786,3.2826,52.7926
4.39361,3.52491,70.9011
4.2993,4.81724,136.887
3.75339,5.48818,182.48
3.67403,4.9842,145.466
3.75851,3.36448,62.1636
3.8787,4.02882,91.1907
3.13429,4.31506,100.343
3.60713,5.98378,224.222
4.06848,4.82888,135.251
2.88425,2.85067,42.3337
3.56355,3.35131,60.4845
4.67843,4.07482,97.5043
6.04462,2.34296,47.4164
5.88668,4.75171,142.987
5.72046,2.85142,55.5669
3.64015,1.79149,24.8898
4.0281,3.38156,63.3503
5.11157,3.17561,61.7983
5.22508,2.50395,45.2483
2.13652,3.52687,62.6639
2.53478,5.4742,176.735
3.38848,5.13706,154.625
2.66134,3.5561,65.3729
4.17197,5.10006,154.896
4.85913,5.99363,232.497
4.85927,3.91391,90.4264
3.98632,3.98788,89.7225
3.23419,3.53023,65.5891
2.2203,4.60967,112.825
3.24183,3.76076,75.445
1.90945,3.73717,69.5903
4.45427,3.90768,87.1908
4.50147,2.15816,33.25
2.88629,4.03152,86.7205
3.60715,4.35012,107.564
3.91959,5.32019,170.699
4.27448,5.45316,184.543
5.09008,4.27445,108.394
4.4272,5.07844,156.3
3.26328,4.95869,140.878
3.31532,5.39785,173.106
2.01466,3.9715,81.3082
5.13088,3.42351,71.4772
2.904,4.06133,86.1895
5.05294,5.91196,226.628
3.88667,3.71844,75.8191
4.00673,5.2382,165.145
4.18952,5.60078,194.893
4.34539,4.26198,104.211
4.89237,4.26178,106.357
2.79269,3.32433,56.879
1.86053,4.84649,127.538
4.40239,4.04305,92.6742
5.86362,5.47957,194.585
3.11665,4.62801,117.811
4.93319,3.58932,77.1913
4.23883,1.58457,23.7589
3.73955,5.75337,206.089
3.46675,4.97589,142.451
4.05306,6.06598,238.395
3.30653,2.0774,27.2951
4.337,4.58197,123.653
3.85719,4.27329,101.689
3.95099,3.75932,74.156
1.59832,3.36744,54.5152
4.78533,4.18098,103.239
2.42363,3.24851,51.315
2.79028,2.81205,41.9292
4.05197,3.25775,61.9664
4.75861,3.31883,63.8389
5.94803,2.10992,43.4966
3.21784,5.35404,171.191
4.95786,4.9811,151.714
4.26712,2.95369,50.2188
3.29933,3.72209,74.1936
1.96884,4.25112,94.3229
3.53378,4.77719,129.361
4.51763,4.56447,124.29
4.1617,3.82896,80.6162
3.97097,5.51113,186.563
4.17883,2.9257,48.7623
2.40331,4.44677,105.241
4.59461,4.30121,107.497
5.03545,3.69884,79.6434
5.25195,3.22092,65.1205
2.55188,3.78062,72.2474
3.23044,4.22287,96.0685
5.1374,4.38928,114.523
5.07453,4.33542,112.406
1.62297,4.44645,103.433
3.17397,3.1516,52.1706
4.62077,2.20299,37.0196
5.56419,6.20488,258.919
4.86569,3.13846,60.1525
3.61256,5.23405,163.145
3.4565,5.19007,159.026
6.7416,4.97606,163.488
3.93764,5.29361,168.74
2.94787,4.87736,134.318
2.91389,2.8212,42.1915
4.395,6.28792,260.053
5.07884,4.39058,116.545
2.21244,5.19125,154.92
3.8802,6.38671,268.067
2.05842,6.39076,263.181
2.90518,4.86452,132.15
4.54818,4.93178,145.084
4.05397,5.07212,152.201
1.95356,3.44542,57.6909
3.47153,2.78359,42.2634
4.44405,2.87822,51.4523
2.30256,5.19811,154.82
3.78831,5.05395,151.956
4.04426,5.99353,229.078
4.41792,2.29798,37.8581
4.05683,3.26941,60.5174
2.13723,3.64422,66.721
4.07134,3.43069,67.2587
3.19014,2.83326,43.235
4.777,3.4794,71.61
4.02762,3.78382,80.7496
3.7098,3.52058,66.9603
3.86193,3.97116,87.7593
4.35465,2.39511,38.3628
5.16748,4.56973,125.63
2.33197,5.33157,165.809
3.7964,2.5321,38.7631
3.14369,6.07813,233.366
2.74172,4.96302,140.123
4.89978,4.77115,139.041
3.23968,2.406,34.1062
4.94028,4.44077,116.307
3.38874,4.09044,91.3735
3.69037,5.21284,160.757
2.90377,4.35116,104.644
3.72748,3.90903,84.8277
2.95654,2.29189,30.8405
4.84289,2.72358,46.6856
4.50415,5.47952,185.031
1.53942,3.20545,49.1724
4.13537,2.83074,49.0769
2.62122,3.21793,52.4509
5.93545,4.62505,136.119
3.95669,3.78917,80.7946
4.40769,4.64976,127.314
4.72784,2.97208,55.6201
5.1534,4.23377,106.089
3.77339,2.5681,37.7843
4.04816,3.2782,60.96
5.30042,3.82644,88.3345
3.76872,1.53183,23.1452
4.70594,4.82742,140.042
4.69427,4.20462,102.305
4.00546,5.57513,188.516
2.84263,5.15032,153.808
3.854,3.0636,51.8417
2.93852,4.21846,95.8068
3.85713,3.92736,85.5581
3.51555,4.0511,89.1455
4.58424,5.72846,206.838
4.9503,3.72878,81.4102
2.28736,2.72326,34.8847
4.27251,3.20833,57.5347
3.83741,2.82208,45.3578
3.02206,5.70347,198.026
4.69699,4.71257,133.177
3.80428,2.45379,36.1836
5.01531,3.63298,79.0252
3.26891,4.35255,103.97
4.87521,4.25564,106.054
3.42917,4.40243,107.277
3.78389,5.43179,180.868
5.11383,3.17442,62.6225
4.39589,3.53709,72.8809
3.20186,3.87949,79.2743
3.07635,4.37804,106.275
4.10742,3.37462,63.1829
4.78777,5.00243,150.338
4.45937,3.63315,75.0038
4.534,4.9913,151.711
3.48211,1.55629,21.424
4.5243,3.7102,79.267
4.45835,3.21085,59.8118
5.74801,2.64451,52.7939
3.56444,3.39936,61.0393
4.07835,4.66398,126.13
4.37386,5.48956,187.175
3.21835,5.19157,159.228
3.67631,2.95854,47.6302
3.0193,2.41907,31.5223
1.47756,5.37278,165.87
3.38283,5.54721,187.573
4.02815,4.23894,101.013
5.08637,3.25253,65.4446
3.45059,5.37675,171.746
6.23537,4.1763,110.747
4.46578,2.72608,47.9404
5.30353,4.56321,126.645
3.23991,2.66656,38.5354
5.31477,3.1563,63.4114
3.9771,2.00331,29.6043
4.02225,4.78839,133.084
1.98066,4.14921,89.1991
3.70072,5.3863,175.656
4.02393,4.12669,94.3144
3.75603,4.6704,125.241
2.95671,5.02817,144.849
3.79022,4.20895,99.141
5.05446,4.26514,109.33
5.27488,4.53306,123.319
5.65806,3.99895,100.312
3.94804,3.03945,53.646
3.76952,4.51985,117.676
4.15027,4.53381,119.482
4.26557,3.71046,77.3978
3.70409,4.82983,134.194
4.50622,5.56924,193.727
3.52286,5.80667,209.505
4.08012,3.54161,71.146
2.93426,2.29397,29.4615
5.47424,4.81163,143.944
3.17252,3.00762,47.7903
3.79272,4.03628,89.9551
3.67044,2.9999,49.0436
4.41827,4.45574,113.551
2.62835,2.64385,36.3439
5.42189,3.25174,67.0873
5.84706,3.12392,63.9859
3.24161,3.43759,62.1921
2.55582,4.84617,131.4
4.8009,3.47024,71.1878
2.11545,4.66112,119.208
3.77176,3.65017,72.6881
3.44075,3.09085,51.3017
5.23576,2.67898,47.8748
4.15272,2.89689,51.4179
2.68812,2.35725,30.3129
3.6643,3.76828,75.2172
3.55438,4.84092,135.863
4.51611,4.73476,133.207
3.6502,4.20641,97.8288
3.92095,3.45527,66.408
3.47459,4.87871,137.189
1.89844,4.61565,115.429
4.57665,3.56446,74.7087
5.26424,5.37052,181.01
2.48459,3.04874,46.1235
3.56074,4.50308,114.089
3.60809,3.71669,73.7345
4.30063,4.66286,125.602
4.96225,3.39026,69.5092
3.63374,4.58826,119.944
1.75627,3.85355,74.5249
2.51408,3.08565,45.7221
2.25484,2.8318,37.1577
3.64921,2.8866,47.1804
4.46893,3.68433,76.5465
5.74046,4.89323,148.562
4.63758,4.98166,149.897
2.91161,5.11393,151.067
4.74212,2.77142,48.5917
2.72038,2.11604,24.9497
4.70702,2.47127,40.3661
5.38863,4.5963,127.844
6.27805,3.10061,66.9321
4.2915,3.72487,78.2088
4.4803,6.37825,270.936
2.50124,2.64109,37.5192
5.20455,3.44854,72.8931
4.52039,2.8019,48.8391
5.1569,4.26169,107.295
5.56061,3.5259,78.1075
3.02979,4.99642,142.966
5.34658,3.20757,64.9914
3.93636,3.83378,80.5545
3.15721,4.60661,119.512
3.67016,3.78599,77.0136
3.04382,3.83656,77.5984
4.1366,3.73274,78.3077
2.91207,3.39435,59.7627
4.45131,3.83506,84.2915
5.00669,3.46687,73.4253
4.62238,4.16836,101.07
2.52394,4.54726,111.922
4.32254,3.62135,75.4578
3.68849,3.37989,62.4485
7.56901,2.94782,70.9438
4.24285,4.70209,130.721
2.53082,4.20877,93.1467
3.25991,2.98959,49.3794
4.19785,2.61988,41.5541
3.33866,4.74583,127.362
2.8989,5.90963,215.761
3.51059,4.08676,89.4925
3.39646,4.8377,134.258
3.67751,4.29125,103.32
4.71806,4.73541,134.45
3.23741,3.91316,80.9438
4.58514,5.93068,227.037
6.67213,4.6907,143.213
4.38731,3.93592,87.4603
5.07422,3.75922,82.4807
4.86213,3.49505,71.5205
1.72859,5.77475,199.871
4.03421,2.46771,36.8763
5.48515,5.90641,227.89
2.4263,3.36701,57.6844
4.78534,4.31074,109.081
3.70397,3.90323,82.9578
4.8948,2.88017,53.9034
3.93864,1.67413,25.96
5.51442,3.99869,96.4707
5.20876,2.19223,38.4569
2.31384,2.98515,43.3692
2.40046,4.10915,89.4625
4.35707,4.50925,119.871
3.97346,2.76964,45.554
4.4717,3.30001,62.3283
4.48469,4.49916,118.156
4.79727,3.24137,63.8452
3.54419,3.11492,52.9574
4.02905,3.88737,83.2572
5.08436,3.69337,81.7752
4.52332,4.70556,129.624
5.85642,5.13089,168.198
3.7707,4.71616,129.409
4.08079,4.67403,127.683
3.84866,2.8952,48.2035
3.81648,5.3775,175.394
4.09595,3.44823,65.5471
1.98999,2.79702,38.7311
3.86941,3.9002,84.0147
1.76003,5.58377,182.508
2.4249,4.01669,84.3795
4.24123,3.33513,63.5009
2.50834,3.30104,55.7508
3.62275,3.61338,71.0908
4.56066,4.88767,143.237
5.0826,2.51782,44.8631
2.99689,5.37211,171.572
2.23093,2.44799,31.1632
5.17224,4.86306,146.119
5.4483,3.65288,81.7973
2.62333,4.50007,109.996
4.5767,3.8685,85.7998
6.18109,2.9336,62.2185
5.28366,5.81867,219.938
4.25611,2.80465,46.3511
5.52327,4.58522,129.247
4.21646,2.63095,41.1904
5.0036,3.39743,67.6171
5.63978,4.82083,144.455
5.78474,4.59658,131.397
3.5083,2.52077,36.0993
4.125,4.67439,127.312
5.13315,2.30327,40.6519
4.49406,3.66065,77.91
2.9017,3.52198,64.9224
5.86679,3.97023,97.7284
3.26665,2.95179,46.1919
4.01029,3.33889,63.8124
3.18897,2.72617,40.4385
4.06777,3.23684,58.9457
3.96448,4.61486,123.484
4.49765,3.92255,86.9621
3.91868,1.76873,25.519
5.42996,3.90408,93.1824
3.62367,5.53077,185.517
7.00995,3.91397,105.518
1.40035,3.40894,55.7488
3.18673,6.04712,231.258
4.44237,3.08853,55.3925
4.95449,4.19501,104.304
4.41532,3.56041,72.0834
1.50117,5.91475,213.362
5.41232,3.33608,69.5405
3.94232,4.01404,90.9699
4.71026,5.0169,152.702
3.52228,4.16648,94.2194
3.53512,4.71851,125.298
4.03647,2.86597,47.7022
4.3516,4.13737,98.8114
4.00171,3.67747,75.6264
3.49802,3.20871,54.7574
3.45539,3.93844,83.4854
3.34046,5.16941,156.484
6.06262,4.56184,130.1
4.70144,5.66378,203.677
3.88954,3.07673,53.9935
3.33721,3.69703,71.985
4.08879,5.00195,148.298
3.94428,4.80097,135.128
2.82798,2.80226,40.2128
6.24521,5.60579,209.348
1.4571,3.46899,57.4336
4.83978,1.66985,29.3853
3.07773,4.49862,110.413
3.53987,3.46873,64.0752
3.01961,4.12163,91.7159
3.46956,4.44257,111.315
3.06635,3.40954,61.3848
5.45979,4.47367,123.326
2.48112,2.56565,34.3566
3.45901,3.19483,54.5903
3.2364,4.30713,100.493
2.20103,5.2853,161.729
3.46184,2.84157,43.1539
4.56877,3.54993,73.2162
4.9895,5.63978,202.979
4.79976,2.82049,49.2514
3.60016,4.36721,105.067
1.58114,3.14283,46.0623
6.95515,3.10953,72.5565
3.58505,3.7831,79.6462
3.40453,4.40923,110.231
4.36377,5.35681,176.009
3.41712,4.29736,100.548
4.11413,5.25228,167.323
4.81277,2.60624,43.443
4.78329,2.8992,53.1132
4.35154,3.47811,69.4212
5.01857,3.77999,84.8285
4.35259,4.97207,146.749
4.48315,3.8721,87.207
3.37919,4.96457,141.711
2.01534,3.31019,52.5758
2.43768,2.80857,39.4988
3.67526,5.9061,221.159
4.13761,2.26865,33.4596
3.49626,5.27219,165.504
3.95851,6.36509,268.119
3.25345,2.46694,34.5816
5.75704,4.53509,127.59
3.70672,2.38903,33.7442
3.13086,4.19923,94.6893
4.70757,4.54782,121.244
4.499,2.86774,50.1914
4.03711,3.97387,87.0738
4.06744,4.67011,125.993
4.76138,4.57392,124.79
2.80242,6.12441,237.751
2.99791,3.44124,63.1907
4.73413,6.07644,240.99
4.30894,4.09521,95.416
3.48,2.85803,44.0472
5.22149,4.23074,107.319
2.16173,3.66912,67.487
4.21762,4.64655,125.474
2.55343,4.28226,95.2793
3.60624,3.66268,72.0615
3.32371,2.738,40.4065
4.0397,2.85799,46.7147
4.06055,2.97673,50.5666
2.12183,2.8752,40.9578
3.26887,2.94968,47.1395
4.16864,3.8068,81.5485
3.82728,4.80198,132.34
4.29489,3.17808,57.4178
2.96723,3.20997,52.0147
1.85906,5.08036,143.623
2.87228,3.68763,70.9131
3.19818,4.33708,104.055
2.1434,3.94041,77.989
4.08952,3.71609,76.8689
4.28215,4.21635,102.691
3.11561,3.81181,76.995
3.1877,4.64725,122.691
4.20945,4.30183,107.163
3.92892,4.19811,97.8445
3.70615,4.36039,107.118
4.5215,4.42993,115.032
4.71953,1.15762,22.1999
4.58898,6.13329,243.837
5.15936,5.82554,220.322
3.64149,5.1374,154.363
4.44994,3.46915,68.7446
4.23792,4.74246,132.306
2.92399,4.90213,136.774
3.03511,4.16444,94.4995
4.49791,5.64308,198.919
2.58764,2.4467,30.6935
4.48089,2.57669,41.0625
4.38934,4.46485,114.103
3.27916,2.25047,29.1718
3.38611,2.46154,36.3441
4.56842,5.64005,200.498
3.90742,2.39668,35.2809
4.30524,3.46102,68.1554
3.25737,3.04938,49.7057
4.59675,4.73877,133.505
3.86948,4.44799,111.03
4.20686,3.59552,71.2858
3.75249,5.18071,159.664
2.98686,3.14341,50.8739
5.80306,3.79558,90.0933
6.84602,2.73981,61.3137
3.57493,2.5391,37.3385
2.18396,5.71717,199.071
5.49417,4.92536,150.733
3.52849,4.61996,120.864
2.54984,4.55499,113.506
3.97935,3.05585,53.4089
4.62242,3.78067,83.5652
2.17538,1.25114,12.6241
3.72839,4.08505,91.8368
3.25582,5.31372,165.508
4.75646,4.88425,144.01
5.68574,4.25886,110.394
4.9722,3.58568,77.1562
1.80494,5.28869,161.984
5.17224,4.09388,101.284
4.28971,4.44388,114.404
5.50144,4.41419,119.501
2.70415,3.53746,63.273
4.41682,4.77698,136.325
4.32204,3.8665,83.8906
3.824,3.5727,69.7944
3.39737,3.04952,49.0022
4.20784,5.52606,189.062
3.8414,2.4622,38.1849
3.71858,5.11394,153.397
2.73119,2.83557,39.9872
4.38482,4.41641,113.216
2.90518,3.25924,54.6258
4.10821,3.60302,71.6666
5.02381,4.3089,110.222
4.10752,3.57992,72.0051
3.56329,4.77632,129.246
2.81396,3.82922,75.9919
5.2305,4.66122,132.365
3.71243,4.45108,110.615
5.1995,5.13474,163.858
3.67465,4.82858,136.332
4.19931,4.67317,127.003
4.6186,4.34976,108.967
3.78189,4.39042,109.507
2.36577,2.63745,33.9177
3.33593,2.63972,38.7835
3.87851,4.00628,88.8867
3.62285,4.6349,122.172
4.06878,2.87039,47.5203
3.23553,4.3483,103.11
3.43354,4.59774,117.832
4.42685,3.20301,59.2924
3.394,5.89737,217.441
3.39784,5.00963,145.317
2.03935,5.42723,170.735
4.00971,5.16586,158.883
3.70151,2.64686,42.1071
2.44605,3.5351,63.7657
2.87973,4.25202,97.5659
6.02098,2.7197,54.4687
4.09255,4.82881,136.053
4.35089,4.72935,131.062
4.15632,5.58402,193.433
3.04873,5.17856,156.073
4.28267,5.78846,212.008
3.22778,3.3528,58.6568
3.04938,4.35748,103.696
3.72728,5.46112,180.376
4.92014,3.52826,75.7752
3.78061,3.62382,71.4313
4.11989,3.41789,64.4355
4.63603,4.29628,107.077
3.9909,3.88554,84.5782
3.10662,5.05537,146.758
4.74032,4.58913,124.603
4.43237,2.97265,52.8767
3.84038,5.43577,179.43
5.67155,4.28696,113.652
4.55531,3.35553,66.4241
2.99119,2.68174,38.8849
5.0909,4.84027,144.437
4.33083,4.58763,123.291
1.94654,4.59749,114.273
2.38961,2.39209,30.0951
4.16319,3.81679,81.6354
2.57912,4.96098,138.814
3.92735,4.41016,109.935
4.0221,5.54128,189.57
3.54255,1.92468,26.7679
2.81868,4.81093,129.545
4.2598,3.42168,65.85
4.39767,4.07526,95.1908
3.16085,4.67471,123.711
3.51883,4.14867,96.1137
4.59824,3.24393,61.5249
5.87536,6.42195,283.894
4.14779,3.34441,61.0695
2.64975,3.23823,54.1105
4.84259,4.71456,134.536
4.31255,4.55633,118.465
3.64575,5.52353,187.12
3.54051,4.35958,107.387
5.29236,3.80459,86.4277
5.79077,2.89838,58.5337
5.45902,2.75825,54.2722
3.05865,3.78767,75.8846
2.3575,3.73066,69.7995
4.75088,3.09874,57.7514
2.20737,2.7858,37.8684
4.67353,4.86431,142.122
4.61839,4.7666,135.563
3.53821,5.81394,210.741
3.98297,5.07461,152.903
2.62112,3.61138,64.2706
6.01545,3.4376,76.7961
4.89598,3.37389,69.6577
3.87719,5.22307,162.833
3.28328,3.706,73.2449
4.22067,5.61377,196.941
3.66173,0.66828,16.0732
3.05877,2.33159,30.9398
2.85789,5.01582,143.951
5.50514,3.88381,91.5282
3.93689,4.10275,93.5802
3.93071,3.61261,72.4614
4.91977,3.43217,71.0996
3.19043,4.34317,102.616
3.86853,3.37327,61.433
4.17708,4.47381,114.93
4.45539,2.9403,51.8758
3.71572,4.54421,117.414
4.02493,4.4082,111.624
4.98651,3.40575,70.1808
3.08592,4.33107,102.081
3.9986,4.26187,101.3
4.68377,3.97717,93.097
4.21984,3.81235,80.5095
3.04989,3.17943,52.245
3.82362,4.97467,144.984
3.84188,3.56707,68.6474
4.62729,5.27294,172.308
2.92186,4.124,90.9749
3.5894,2.5414,37.6203
3.1977,4.64523,120.613
3.7912,5.23411,164.105
4.18884,3.8573,81.6571
4.34029,4.27588,104.235
2.80217,4.66528,121.949
4.06799,3.50523,68.8672
4.72811,3.59537,74.5906
4.5003,3.65436,76.446
3.02078,3.90785,80.614
4.36431,4.47683,117.854
3.39878,2.41632,33.0292
4.22722,3.66104,76.4689
3.96837,5.64818,199.922
4.11862,5.62878,195.545
3.31815,4.90199,137.704
0.62299,4.08787,81.8498
2.23167,5.52212,179.892
1.72646,4.60356,114.047
5.19818,3.57632,79.1888
4.5089,4.24537,103.423
4.14792,4.05119,93.5809
3.29179,4.08797,90.8013
3.53362,3.18892,56.1625
2.96164,4.53672,111.271
3.2424,3.09727,51.5406
3.81547,2.24513,32.5068
3.67916,3.47177,66.1435
4.04663,3.18035,56.2858
3.09417,4.26786,98.2975
3.65304,3.77304,77.9729
2.28635,2.91136,44.3152
4.90265,4.54331,122.292
4.35575,5.01194,150.848
3.96484,4.67305,125.024
3.03151,2.85185,42.1227
4.95552,2.60981,46.0843
4.55305,2.42143,39.028
3.62638,4.17997,96.489
2.36721,3.25045,52.0929
1.67544,4.03472,82.5923
2.62852,3.51297,62.5898
5.58648,4.44777,122.477
4.52841,5.22948,167.207
3.22396,5.07387,148.094
4.73401,6.4393,277.648
4.54006,4.36419,108.403
4.06687,5.2322,164.42
3.02196,4.77449,127.972
2.81173,4.6948,122.908
5.5064,4.49907,124.101
4.89176,3.07483,57.1892
3.77205,3.19813,56.9906
4.82756,4.38221,113.023
3.80366,4.66996,124.233
3.88173,4.70344,127.231
4.64934,3.47895,71.1146
2.27813,5.68993,196.107
5.39035,4.15054,101.886
5.16665,4.16595,103.616
4.47192,4.1081,96.0775
2.76527,3.23378,53.4452
2.38288,4.00897,81.8139
4.55429,2.00606,30.6763
2.35654,2.56771,33.835
6.37499,4.61483,136.205
5.40639,2.95346,57.6977
3.37031,4.31558,103
2.28077,4.61143,113.947
3.47953,5.44041,179.643
4.83467,4.43871,115.426
2.21902,3.295,51.6134
4.06604,5.14981,159.347
4.35956,4.17172,102.504
4.51474,3.90887,88.384
4.29314,3.99234,90.5489
3.58165,3.35995,60.9262
4.12048,4.04189,91.7729
4.16615,2.86085,49.2462
4.24306,3.21808,60.0587
4.14595,5.40252,178.732
4.55405,5.6374,200.42
3.53505,4.48214,111.758
4.90406,5.30643,176.386
4.58614,2.52069,42.4609
6.52043,5.04112,167.11
6.17661,4.39373,123.468
3.55299,3.50056,66.5341
3.48488,1.91991,25.401
4.88189,4.69795,131.558
3.94509,3.94823,86.9141
3.79274,4.08777,93.7457
3.14089,3.83987,76.5484
3.08729,3.26884,57.2089
4.55469,2.2011,35.0913
2.82478,3.93403,81.5533
3.07472,3.96151,85.5947
3.95458,3.14604,57.0388
3.40699,4.61219,120.044
1.83132,4.04473,82.9255
1.90662,3.99701,81.8244
3.99894,4.39071,109.361
5.35935,4.66696,133.424
5.50222,3.58857,80.0937
2.03886,3.87894,77.2449
4.93729,3.63474,79.0548
4.41038,5.18042,160.992
5.15528,3.38306,69.9092
6.32101,5.6653,210.952
4.10458,4.15504,97.6199
2.5538,3.55613,65.6506
4.99552,4.97805,152.043
3.65702,4.28792,101.613
3.2851,3.8395,79.3427
4.3399,2.19644,35.7541
3.7192,3.88929,84.264
3.62969,4.32871,104.799
3.43697,1.33615,19.5802
4.32938,3.33368,65.2503
2.51415,4.25801,97.4962
3.48008,3.17592,53.055
2.65411,5.10485,147.381
2.34596,4.79459,128.19
4.43925,4.65175,125.948
3.52144,4.07272,89.8222
3.33234,2.29264,32.2765
3.09274,4.01767,86.7892
3.90983,4.34466,106.403
5.08501,3.71869,82.4595
3.53805,2.85918,44.5842
4.80723,3.83022,86.2269
4.61453,2.86559,51.0682
5.24247,3.87008,88.9618
4.55874,3.14611,58.1009
5.19865,3.99232,93.6053
3.42445,3.11441,51.4113
4.8469,4.05792,97.0173
4.66946,4.78842,135.272
3.25315,2.63073,37.9368
2.0583,3.8861,77.4605
5.19873,4.09555,98.3292
2.98252,4.07944,88.0268
3.46682,4.32439,102.893
4.70833,1.0844,22.3617
4.31909,5.08759,155.901
2.8363,4.24449,96.6807
5.44642,4.00064,99.7752
4.24967,5.09591,156.616
5.43764,4.96043,150.964
5.58486,3.90626,93.9887
2.95846,3.26722,55.2644
3.9905,3.05954,52.0458
3.32904,3.00561,48.001
3.33233,4.75904,128.026
6.23003,3.97873,100.605
5.24552,4.49501,123.574
2.79513,4.19067,94.0713
1.58225,6.86351,314.963
4.27232,4.13622,96.6065
4.08519,4.42812,112.546
3.64469,3.10025,51.8629
3.8585,3.31982,60.3359
1.40103,2.99568,42.3425
4.14626,3.40215,64.853
2.48135,2.78463,39.5284
4.23031,5.22222,166.968
4.69187,3.1002,56.6895
2.46407,2.34076,29.3237
3.53645,4.89831,138.388
5.04998,3.4518,70.5424
3.91831,4.10205,96.4999
3.20415,3.23242,54.9056
2.80373,4.59677,116.744
4.39999,3.71743,76.2781
3.05205,4.33206,102.788
3.69495,4.09214,92.0222
3.00975,5.33292,166.466
2.71444,4.16539,90.6427
4.91764,5.38285,180.276
5.12102,2.64129,46.5437
4.13641,3.13676,56.066
3.82363,3.56292,68.1834
