3
3.58779,3.64527,34.0469
5.10142,5.0347,82.0679
4.4515,3.92513,56.2465
4.01059,3.97381,43.1762
3.76182,3.64698,40.0271
4.02305,3.6368,45.5845
3.22714,3.3581,27.2651
4.24597,2.4972,51.2002
6.11466,5.08754,132.052
2.73172,4.88303,18.5118
3.19026,4.39586,25.9899
5.13751,3.42102,81.2427
4.29136,3.33635,53.395
3.74474,6.16676,39.5337
5.26408,4.38951,86.9056
2.6908,3.43243,19.0715
5.99734,5.5333,125.244
6.15989,4.63906,134.86
4.93091,4.52731,75.1168
4.3423,5.76341,55.9732
4.56704,4.62425,60.9391
5.22493,2.55425,86.6685
2.7258,3.70218,18.2965
3.8768,3.69166,41.3829
3.67196,4.2492,37.3728
4.06294,3.30393,45.6301
4.50118,4.37829,59.1166
2.72192,2.94989,17.5736
3.11286,3.02284,23.6527
3.84587,4.2232,39.434
5.38752,4.58061,93.6515
6.17319,4.18561,134.814
5.74428,4.84556,109.824
2.90173,4.38656,20.381
4.0469,5.91167,46.9929
4.02061,2.88744,44.1295
5.66028,3.8815,107.67
3.7884,3.29413,40.1729
3.8192,4.10847,39.9473
3.32162,2.3668,27.4466
5.44741,4.61731,97.0497
4.41854,2.91049,57.0636
4.59224,4.77115,64.5031
4.19218,4.01757,49.6176
4.61967,4.20467,63.0917
4.49953,3.9283,60.2843
2.56623,5.39203,19.8688
2.2097,4.60776,12.7502
6.06246,3.35915,129.516
3.9788,7.62591,47.2151
1.8192,3.60607,9.24397
2.43359,3.04404,15.1285
2.65932,5.35802,20.0719
3.60347,4.79577,36.1022
5.4601,5.77379,99.6242
5.11696,5.87655,83.5841
4.92605,2.63753,73.9531
4.59238,1.91938,61.3432
4.54576,1.17049,59.2186
4.42303,3.54186,55.9687
4.72457,5.15838,66.6372
4.08677,3.34368,45.3016
4.96472,3.94474,75.4491
4.84361,4.20794,70.4645
5.88735,4.43783,117.732
5.28597,3.23459,87.7095
3.62614,3.16455,34.8873
4.97251,3.46623,74.6404
4.58652,4.79879,63.2069
4.7262,5.70612,68.3285
3.19974,4.4948,28.4883
3.13839,3.46453,25.5192
3.3692,4.40415,30.3187
3.35452,3.37902,29.0505
5.29497,3.76662,90.0629
5.48084,5.33005,98.5806
4.00018,4.43435,45.3844
4.20247,2.56228,50.0789
5.53178,3.76615,100.359
6.13824,3.74624,132.778
4.03509,5.65455,46.7411
4.53524,7.46332,62.9744
3.08511,3.30371,23.1552
4.12437,3.63756,47.2196
2.74394,4.17246,20.4619
4.53426,4.57249,59.7834
4.0946,2.95521,47.3062
3.18844,3.44917,24.7378
5.15779,2.73985,83.1979
4.51755,5.33946,61.4444
4.29994,4.67846,54.0358
4.20549,2.57297,49.4647
3.17786,3.03142,25.7104
3.79357,5.71608,41.455
4.88744,4.73933,72.9134
3.08622,5.34399,26.46
4.20175,3.14651,49.0638
3.43354,4.58327,31.9424
4.19062,2.28937,49.1559
4.48369,2.02812,56.5016
3.63848,3.5374,35.5844
5.55835,2.98099,101.005
5.24439,2.73874,87.9883
3.23156,3.2977,26.719
4.74342,4.12102,66.9923
5.75205,3.18149,111.916
3.33351,4.13006,30.4541
3.00616,5.11532,25.1033
5.06787,6.92582,84.0618
4.93934,3.85655,73.8035
2.58884,2.64157,17.2129
4.31713,5.02742,53.8317
3.83007,3.90484,40.052
2.55033,3.78901,17.4935
4.98737,2.18451,74.8591
2.33572,3.35213,14.7163
4.43901,4.44991,58.9578
4.32728,3.46789,51.8542
5.00499,3.49877,76.9524
4.56457,4.34732,61.2849
4.48105,3.1183,56.9929
3.8672,5.04441,42.4388
4.05995,3.49106,46.9444
3.49231,4.13581,32.2233
4.7002,4.97315,66.868
2.31835,5.16414,15.0679
1.06558,6.50715,10.5635
4.58193,5.19964,62.9281
5.87135,3.62294,116.628
5.29626,4.191,89.5251
3.60601,2.62878,34.014
4.52984,3.80769,59.7831
3.69642,4.35802,35.1602
5.64136,4.72707,106.828
5.75134,3.81975,109.94
3.73025,5.79504,40.2094
3.28636,4.81641,28.2099
4.18827,3.9306,48.8838
5.89987,4.70627,120.196
1.93567,1.60464,9.408
4.38093,3.67121,55.0437
1.41668,4.33566,8.79377
5.25361,3.8361,87.9461
5.61337,3.03338,104.643
5.75792,3.39622,110.975
2.97675,4.42021,23.9049
4.68472,3.21222,65.0162
3.79445,4.70464,40.3043
4.6823,4.24167,65.3174
5.54684,2.36235,99.7006
4.76915,3.41378,68.8104
4.27905,2.26929,52.3362
3.29758,4.36989,30.1527
3.69083,5.05677,36.9625
2.42949,4.64815,16.1131
2.4495,4.45675,16.7466
4.77427,3.79545,68.6902
2.84009,3.32914,19.9319
4.0377,2.51903,43.7388
3.50578,3.47002,32.8506
5.41252,3.22005,94.1668
2.63715,3.40639,17.9382
3.31959,4.71405,29.6897
3.20057,5.06705,27.3589
5.09752,3.15647,79.5091
4.63205,3.79871,63.9016
5.62558,3.72595,104.919
3.67729,2.39904,34.8493
4.43367,4.91755,55.2004
4.24895,3.85725,52.2789
5.93916,3.92132,122.826
3.86592,4.35022,41.2637
3.02368,3.83751,24.5196
2.81004,4.81491,21.2579
3.95063,2.73711,41.8309
2.80395,5.39474,21.6977
2.93916,3.21837,21.757
3.27911,5.96373,29.7075
5.34368,5.44032,93.3094
4.63796,4.61931,63.1984
4.16336,5.28919,49.8453
3.88105,3.24906,40.4825
4.22482,2.27655,49.9661
3.01564,4.37358,22.7854
3.29404,3.92468,29.1486
5.26754,4.16317,87.9608
4.20538,3.76321,51.1867
3.67981,1.73716,35.0109
5.41891,2.35265,93.6703
3.95503,4.65888,43.6548
3.42214,3.2082,31.1445
2.54574,4.67849,17.9548
2.93834,4.84849,24.134
3.55675,4.70713,33.497
4.67785,3.39074,65.4023
6.10432,2.61886,130.743
4.60813,4.53549,61.9538
3.93474,2.8998,41.2697
5.18236,4.17562,83.607
4.40991,3.572,57.6521
3.82956,4.59131,39.4984
4.45962,3.77769,55.8493
3.99547,4.09038,44.9969
2.71125,4.46142,21.1776
2.28087,4.98676,14.1773
5.28696,4.48157,91.1438
4.11708,4.92726,46.9415
3.94347,2.73084,43.1695
5.50173,4.09309,98.609
3.18918,5.33172,27.5605
1.62648,3.84068,8.88571
3.16375,5.4395,27.8931
4.71938,5.04937,66.2175
3.62533,3.21824,35.6158
4.16704,2.466,49.4219
5.22244,6.30815,89.1623
2.96215,2.76978,22.405
2.77038,5.60616,22.1026
3.72746,6.50656,40.2978
2.61091,4.13719,18.6394
3.64926,2.49813,34.0813
5.0521,4.40822,81.7583
3.83243,1.80873,40.2788
4.72957,2.20378,65.5734
2.69881,3.58062,17.4172
4.44063,5.02438,58.4528
3.00303,1.90836,25.6006
4.89068,5.30956,72.1867
4.17971,3.88887,49.9065
5.11367,5.2734,83.3193
5.67101,3.85283,107.169
1.91358,4.20413,11.6076
3.23423,2.78756,28.1442
2.67187,5.1613,18.5054
4.41254,4.05028,55.1902
3.44403,2.05542,30.5768
5.03223,3.7095,78.3277
4.67612,3.50524,65.2074
3.97891,4.73215,44.6404
4.28098,5.66726,52.8947
2.18174,4.75235,12.4172
5.44804,3.48734,96.6881
4.38972,4.90918,56.9083
4.69596,3.83433,65.466
4.49389,4.51701,59.8008
4.25299,2.26173,50.819
5.53789,3.62414,99.7398
3.00614,4.54648,24.5752
4.60426,3.86119,61.9353
4.46709,5.41834,59.2676
3.07282,4.71824,24.55
2.54048,3.96399,16.1285
4.61228,4.02344,62.7451
3.18095,3.85496,27.0619
6.29572,4.39999,142.482
4.40006,4.59853,57.2489
4.4223,2.3108,54.3515
2.40565,5.66708,13.3921
2.89571,5.69091,24.027
4.52869,3.93052,62.2137
3.21598,3.76107,26.1449
3.30393,5.3951,29.066
3.13201,4.70749,26.748
5.27749,2.54994,86.5676
4.14383,3.87923,47.1005
3.11843,4.55879,25.3423
5.91571,5.43348,122.177
4.57984,4.97873,62.4093
4.41173,3.74364,57.8121
4.63007,3.45376,64.6071
2.8505,3.34423,21.541
4.15754,3.20575,48.0612
4.20224,5.58982,53.2681
1.72337,3.40309,8.95508
2.22661,5.0948,13.7587
5.12017,2.60967,80.062
3.40859,1.34557,29.0252
3.37825,5.65407,32.0283
5.3934,6.07158,95.592
2.50983,3.2117,15.0025
4.69585,3.46081,65.6536
3.94547,3.57698,39.9713
5.43589,4.2404,96.4975
4.81127,4.91996,71.8494
3.93203,4.06658,42.4329
2.1956,5.32675,14.8666
1.67796,6.14633,12.1395
3.59377,4.24917,34.2451
2.66026,4.0758,18.4417
3.81918,5.34786,41.8837
2.92944,4.84451,24.0196
4.56319,3.39775,60.3317
5.86843,5.02774,119.889
3.82143,4.04426,38.7376
4.2388,3.46731,51.6685
3.71806,3.59367,35.677
4.39361,4.45105,53.7324
3.82131,2.42194,39.2591
3.55232,4.36708,35.2455
4.63454,3.95834,63.5555
3.35025,3.74821,30.3091
3.15058,3.78348,24.5484
4.83254,3.35552,71.0213
5.11671,4.01776,84.1589
3.0789,3.59754,24.6894
4.86498,4.78527,73.4565
3.6583,4.86962,36.7793
4.16447,3.27807,47.1094
5.69878,3.1474,108.466
5.04745,3.38117,78.3087
4.74352,4.44206,67.1953
3.99992,4.81147,44.9239
3.56153,4.59161,33.6266
2.58858,3.12892,17.4801
4.44907,4.55818,57.6205
4.52721,3.7962,58.576
3.58875,4.2197,35.1467
3.22383,3.58514,27.1536
6.15091,4.2825,132.846
4.70855,4.1444,65.3455
4.82217,2.72382,69.9096
3.55366,5.66349,35.2801
4.13687,3.2367,48.1801
3.9676,5.27693,43.622
5.14325,4.496,82.3125
4.79924,2.08201,68.1207
5.85796,4.06004,116.194
5.06025,4.99847,81.0834
4.59161,3.75012,62.7829
4.98097,4.06411,76.223
4.77729,5.39652,69.6487
2.29225,2.16822,14.1817
4.04307,3.11264,46.2555
3.25136,3.75965,27.7987
3.98184,3.43755,42.7029
2.63579,3.32342,18.3808
4.66586,3.16835,64.1258
5.54303,2.76763,98.9178
2.78518,4.58142,20.4687
5.43633,4.65156,95.9456
5.39102,4.05072,93.5947
4.20424,4.14447,49.1884
5.03074,3.26975,78.0141
3.99243,4.20587,44.5061
5.14674,3.27348,82.3188
3.91506,4.39136,42.0229
3.48658,3.83847,33.5922
3.12325,4.51183,24.9427
4.06843,3.62889,43.1051
4.71634,3.33105,65.2903
4.82691,3.04628,71.2228
2.30374,3.78482,14.458
5.77589,5.83002,114.189
5.28059,4.56401,89.2817
4.66017,3.10265,63.4073
3.15399,2.05954,23.6537
2.86108,4.46389,21.3875
5.80492,3.37312,113.329
4.85658,4.56314,71.5449
4.09812,3.6201,47.8769
2.39471,2.97254,15.9065
2.97962,4.06049,22.648
2.86643,3.69654,19.1625
5.40903,3.67675,95.4257
1.94139,4.24731,11.7578
4.41136,4.48444,57.7936
2.76696,3.80294,18.771
5.37938,5.21451,94.1622
4.81674,5.18731,70.2448
4.49134,5.36047,60.8179
3.96671,5.09862,44.417
2.57388,3.98269,17.3738
3.50047,2.99835,32.5607
4.43047,4.54878,56.694
3.73919,2.25577,35.6978
3.04705,4.16715,24.4486
4.22725,3.54601,48.857
4.49463,4.53591,58.5905
5.66082,3.55277,107.704
4.45871,3.82977,57.8852
4.16979,2.32578,47.852
2.87756,3.49277,21.5667
3.81348,4.84137,42.0313
2.41258,3.837,16.8406
4.27171,2.97116,50.5159
3.07632,3.13507,25.5349
3.70567,4.29476,39.1576
4.49086,2.97646,58.8084
2.75576,3.82995,18.8022
3.69765,5.45477,38.0616
3.2185,3.72498,27.884
4.42449,4.42257,57.2632
3.6289,5.7649,34.9085
4.41908,3.19185,56.6516
3.54226,4.41408,33.9312
3.2946,3.86681,28.2402
5.91178,4.73116,121.553
4.17596,4.02045,50.4711
3.54902,4.62201,33.4318
3.64219,4.20598,36.5864
5.54855,1.95039,101.459
2.73042,3.64633,19.3021
3.50098,4.11586,32.2656
4.23596,3.3352,50.6836
2.54794,5.30494,16.4246
3.96159,3.22049,43.0713
4.63445,4.17862,64.3687
4.35619,4.29591,53.7505
4.57363,3.19649,62.3593
1.89018,3.20949,9.7587
3.52144,3.57511,33.2034
3.66121,3.15669,36.9601
3.59305,3.83569,32.1625
4.74042,2.47776,64.8952
3.66763,3.78585,36.7653
4.10919,5.87654,48.2223
4.32287,2.90101,53.1283
4.3412,2.49338,52.7305
2.75076,3.10053,19.9745
3.83323,3.67287,38.8462
4.01092,5.87785,45.2122
3.18963,2.52486,25.0127
3.11765,5.6952,25.9866
3.37034,3.38507,30.2093
5.74271,2.65215,108.659
3.68503,3.57344,35.8656
2.63087,5.6609,20.0019
4.17878,3.59721,48.5152
4.30473,4.32648,53.5921
4.39668,3.57299,53.5196
4.24333,4.18723,51.4151
3.24567,5.64304,28.4781
3.60759,4.40706,34.8868
2.4497,5.06183,15.2495
3.4124,3.1104,29.7791
5.07115,5.45931,80.618
4.38732,3.56054,55.0891
4.70649,4.23508,66.9892
3.84902,3.46053,41.2462
2.82993,4.08766,23.3186
3.16577,2.63375,24.5944
4.2706,3.40631,48.6267
5.4629,2.405,94.8292
3.88658,2.39476,41.3515
4.21031,3.83409,52.1214
3.64609,5.13395,36.5839
3.30557,5.24667,29.4604
5.4481,4.15651,96.8697
2.68425,2.46362,19.2328
3.85156,4.25271,40.0848
3.46771,3.97924,30.6814
5.11261,5.33148,85.3261
3.95096,3.4808,43.2843
4.09769,2.72054,44.7851
3.535,4.46851,34.4315
4.4339,3.94772,57.6046
4.92545,2.54037,74.7122
4.55699,3.89792,60.3899
3.88134,4.81588,43.1301
2.83389,3.40721,20.2359
5.96447,5.34281,122.742
4.44497,3.06331,55.1167
3.59855,3.42661,34.2783
3.69916,3.18373,35.1441
4.30718,4.8488,53.4847
5.02252,5.18551,79.4283
4.21704,5.11855,51.7362
6.06811,5.03527,128.905
5.20942,4.25086,84.78
3.68962,5.99185,40.0118
4.89648,4.28909,74.173
2.4949,4.1577,16.3341
3.88996,3.97543,41.6275
3.62483,1.96463,34.3647
3.67124,2.36995,35.4412
4.62609,3.52258,63.1639
2.61375,4.05187,19.2858
3.67746,5.69984,37.9767
3.90125,2.03819,41.3018
5.18034,5.50958,83.9323
6.4916,4.28669,153.204
3.68678,3.33319,34.3619
3.72366,3.07253,36.1504
3.95905,4.1618,42.8935
5.06442,5.3896,80.6793
5.57084,5.27515,106.43
5.2636,2.69867,85.3218
2.53737,4.24133,16.7317
3.39773,4.38936,29.7846
4.74128,2.87501,66.5699
4.18962,2.71601,50.8941
1.7798,5.32729,11.4712
2.10521,4.23856,12.4454
2.80213,3.26249,19.8978
5.07947,5.62993,81.0647
4.37977,3.17346,55.2198
3.48635,3.2898,30.8875
5.34153,3.10797,90.0597
4.66851,4.31552,65.1715
6.0169,3.89643,123.781
4.71258,4.50903,68.5422
5.33184,4.07161,89.623
5.07698,4.00546,79.822
3.77435,5.20948,40.5615
3.21512,2.85127,27.9663
2.68489,3.5086,18.5506
5.48672,4.28841,97.7527
4.60008,3.86959,61.8282
4.32395,5.36846,53.3916
3.82122,2.72413,39.4793
4.80298,4.61257,70.7147
3.51218,2.15631,32.8393
3.06614,4.26168,24.1603
4.0712,6.10915,48.7641
3.3624,4.45112,30.3546
4.37328,4.90499,56.8155
2.84905,3.05889,19.1231
2.81022,3.72879,19.2242
2.7174,2.54588,18.3884
2.17163,4.25555,13.1183
4.50163,4.63681,59.5865
4.63961,4.03361,65.7654
4.18716,3.12207,47.409
5.08687,3.3251,79.9799
4.92937,3.95944,74.4449
5.72121,4.29726,109.077
3.65219,4.32561,36.4001
3.97848,4.21995,44.0226
4.15792,4.83612,50.2373
5.05033,3.61046,80.1266
5.29352,3.01446,88.6397
5.42487,4.48656,94.8587
3.82771,3.30882,38.7218
2.46802,4.41268,16.7257
2.30044,3.7813,15.1858
3.27122,2.25242,28.2903
3.28575,4.22732,29.9406
5.0019,5.42903,80.5135
2.40908,2.48919,15.5415
4.22914,1.49226,48.8323
3.22971,3.61504,28.3654
2.20726,7.29606,16.0922
2.31857,4.68185,15.7711
3.36578,2.65923,30.7502
4.4143,4.15676,55.4093
3.04593,2.48514,23.5318
4.96754,4.94546,77.2894
3.7097,5.07974,38.9147
5.89434,3.64834,118.169
3.29141,3.82976,29.6427
4.90345,4.65447,73.5505
3.96402,4.708,44.2783
5.18585,3.4755,84.5126
4.5112,4.00982,59.013
3.08106,3.52063,25.6696
4.38279,4.07054,55.626
3.51823,2.83965,33.2433
1.92526,4.15228,12.6604
4.23116,2.565,50.4506
3.68988,4.68127,37.4391
3.65903,4.53089,37.5649
4.35787,4.88241,56.6082
3.61913,4.32947,35.6321
3.86541,4.14007,41.205
4.99189,5.19986,75.958
5.07381,4.45942,80.9776
4.88794,3.38804,73.3006
4.86114,4.2494,72.7126
2.95646,3.30533,22.0263
3.70055,3.36838,37.3834
3.1004,3.19201,24.6521
4.85912,2.69735,69.8294
4.1903,3.69227,48.7754
5.14452,3.49619,80.1976
2.92761,4.56209,23.4181
5.31307,5.54563,91.1702
4.06985,5.14158,46.9161
3.66309,4.09796,35.6291
6.27211,4.39839,141.349
1.43235,1.71569,8.1013
4.80467,3.55966,69.6347
3.94036,5.00198,44.0648
4.93262,3.49946,72.4882
3.75395,2.83878,38.0923
4.06639,5.69576,45.7217
4.63204,3.20069,61.8991
4.11698,4.01966,47.306
5.08431,4.3847,78.5781
4.22191,5.80327,53.0492
3.31355,3.80294,30.3205
2.95939,3.30441,19.4364
3.61193,2.7364,38.0047
2.96682,4.40091,22.9122
5.10973,4.22405,82.2819
2.51326,3.41845,14.17
2.92981,3.6205,22.1554
4.60957,6.5176,64.9827
5.65463,2.918,106.863
3.38771,3.55457,31.5351
3.93413,3.43176,43.5863
5.25515,4.4438,89.2031
3.63252,5.10103,37.0693
3.5443,4.39946,33.9195
4.00919,2.45587,42.8403
4.95544,5.06577,77.027
1.96355,4.14739,11.6938
4.25646,4.67411,51.8945
4.25431,2.79868,49.4634
2.50594,4.26664,17.3915
2.96717,3.72876,21.6697
4.91843,4.09691,73.6236
4.64427,2.72277,61.7295
3.78696,2.45163,38.6956
4.13229,2.11164,45.5
4.53761,3.24768,60.319
4.0198,3.94088,45.005
3.76289,6.7363,39.9656
3.93561,2.99689,42.1008
4.5547,2.84469,59.2023
3.48393,5.80278,35.2758
5.21512,1.78612,84.7831
4.81687,4.77641,70.4581
3.39497,2.96446,30.373
4.88115,4.05411,72.3616
4.32161,2.75063,54.1812
2.31462,4.03034,15.7
4.93145,4.84988,74.442
3.70023,2.50003,35.5276
4.73688,4.00564,66.8571
4.78122,5.26545,72.7712
4.73903,3.47326,66.4899
3.86466,4.56707,40.2006
2.13601,2.39959,12.7643
2.89919,2.69332,21.1397
4.69253,3.46951,64.1686
3.05514,3.80406,24.3767
3.79654,2.64679,39.2765
2.54313,3.45847,17.6742
4.11964,4.7192,47.934
2.99743,4.67524,24.608
3.88854,2.82605,41.1442
2.41132,4.35923,15.8837
3.78709,2.80129,39.0165
2.64203,4.16461,18.2621
5.56561,4.45584,101.16
3.94929,2.42459,41.8123
3.70029,3.73079,36.4002
4.02453,5.04228,44.2321
4.38142,2.38133,55.6113
4.45525,2.4892,55.3867
4.17429,2.08838,49.3574
5.51945,2.6844,97.9922
5.97524,5.2379,125.793
4.37612,3.17872,54.6824
4.43099,5.4875,57.6832
3.4983,3.34163,32.658
3.58215,3.92391,33.9683
4.34775,3.32301,53.3995
5.16142,4.1801,86.0841
3.89812,4.88846,43.1199
2.18131,4.33951,13.9959
4.75574,3.85934,66.7617
2.40396,2.69205,14.1837
2.75411,4.2255,19.4368
4.68127,3.78269,64.268
3.89276,2.57879,39.6485
3.06831,5.63673,27.6648
5.25825,4.11628,89.3717
4.68249,3.93242,65.1542
2.2902,4.23281,15.2058
4.30604,3.97588,54.0806
3.70915,3.82618,37.9797
3.14356,2.95527,26.2722
2.45467,3.76847,17.679
3.3934,3.11888,29.1882
3.24277,2.41377,26.3201
4.42405,2.31445,55.3682
2.63648,4.14341,18.8254
2.42999,3.14227,17.0886
5.12614,4.06669,81.3613
2.87967,3.25767,19.5853
2.83912,3.65578,19.2389
5.25737,4.4946,87.4714
4.23236,3.08175,48.6608
2.93165,2.84311,21.0406
4.31512,3.15185,52.7677
4.06564,4.10123,46.3755
5.67744,4.11476,107.797
2.93781,3.73293,22.1145
4.80023,4.99032,71.5337
5.17546,2.60566,83.6315
6.14125,3.6996,134.304
3.77839,3.91145,38.194
4.4986,3.1739,58.305
4.80893,4.2327,70.1702
4.31922,2.93692,52.4117
2.59807,3.35303,16.0037
4.27454,0.800395,51.9326
4.26596,3.02642,50.7335
4.76877,2.41583,66.8625
3.98681,4.34346,44.495
3.0729,3.85294,23.7269
2.7413,4.09619,19.77
3.57535,4.33337,34.6867
4.44675,5.12119,58.3119
4.71369,6.41531,69.9059
4.895,4.91927,75.9954
4.16358,4.87954,49.2528
2.73098,2.02776,15.4041
4.19258,0.550629,49.1051
4.19381,4.59157,49.9947
2.96109,2.2144,22.0981
3.51459,3.45172,34.7161
5.63182,3.97419,104.504
5.48987,3.05066,96.4856
4.21989,4.72455,50.8984
5.40883,5.03773,96.3974
1.45642,4.41134,7.60951
2.3302,1.61247,13.4241
4.88463,3.6861,73.5848
3.83478,6.11776,42.1773
3.84782,4.50085,40.0804
4.02934,4.07499,44.2056
4.52113,5.46205,61.1184
2.69301,3.9322,18.9816
5.46301,3.6049,97.8829
5.1399,5.20939,84.4438
4.66498,4.82638,63.6875
3.95451,4.47999,43.3913
5.09155,2.47895,78.0793
4.85148,5.60985,72.8187
4.99687,3.19264,76.7805
5.93779,5.25012,121.916
2.55475,4.19035,16.6801
3.9299,4.7065,42.0067
3.57059,4.85642,33.9116
3.18883,4.74798,27.9686
4.76434,5.3584,70.5922
4.45055,4.07428,57.7372
5.27969,3.96834,87.8423
4.9242,4.97943,73.761
4.9198,4.93619,73.9828
3.0417,3.11779,26.069
3.4728,4.25581,29.4818
6.10189,4.35342,128.941
4.86398,5.74801,73.1334
3.26655,3.91464,27.4276
3.67574,4.16041,33.636
5.56635,3.50116,100.858
4.76986,4.63688,68.6732
5.26037,4.21004,87.8511
3.94263,3.5168,41.5187
5.64428,2.50257,106.479
3.73271,4.48785,37.6893
5.13658,3.61612,83.2562
4.73661,4.22777,68.2562
3.62433,4.23196,36.6977
4.17062,2.04809,46.4889
3.46088,4.81576,31.3408
3.0989,2.2701,23.5682
3.35149,4.56181,29.3087
5.0335,5.19856,78.8354
3.99141,4.30215,43.6568
4.80966,4.42988,69.7861
2.56425,4.08577,17.2485
4.62646,6.20108,64.5925
4.4138,3.68313,55.6592
3.69443,5.1157,39.5461
4.19128,3.87488,48.8515
5.34772,4.00134,93.3602
4.29768,4.26764,54.145
5.13918,4.29471,83.3065
3.44128,3.12461,29.2015
3.9195,2.82113,40.0741
4.16032,4.38266,50.0389
4.44057,4.87053,57.5759
3.94524,5.86766,42.6934
6.78371,4.19475,172.903
5.01894,3.5584,76.1678
3.09043,3.77371,24.0786
3.64065,4.61833,36.0363
5.16459,3.79804,82.5976
5.55229,3.86129,99.7064
3.05291,4.10918,24.3977
3.45519,4.4673,33.0078
4.15819,3.84837,48.2578
4.08817,5.55206,46.6831
4.43249,5.18274,55.7712
3.80204,4.96438,40.1246
3.59237,3.6576,32.7076
5.0458,4.02488,78.4518
4.15103,4.26458,49.0602
4.85262,3.88455,72.3688
5.0416,4.77634,79.6135
2.88441,3.1134,20.6376
6.38351,3.48338,145.701
5.66425,3.48584,106.834
4.03278,3.27396,46.5134
3.13481,3.43044,25.1973
2.32295,3.88916,14.1217
1.99167,3.08296,12.2366
4.20226,4.50511,50.5335
3.08909,4.61384,24.9009
3.6577,5.20287,37.8496
5.21884,3.2233,86.2113
5.48008,2.82106,97.9848
4.80325,4.65347,70.6469
4.6082,3.89661,64.1628
3.43412,3.21662,29.815
3.22239,4.02989,26.4909
1.76578,3.72617,10.6438
4.71097,3.96692,65.436
4.78938,3.60204,69.1534
4.1715,3.78503,48.4037
3.73632,3.28396,36.8684
2.3261,4.03228,13.7581
5.638,4.42482,105.38
2.17703,4.95284,12.36
3.24254,3.885,27.4918
4.35753,5.87259,56.2519
1.44362,4.29117,7.96483
2.94541,4.33525,23.1964
4.94183,4.26224,75.8339
1.58637,4.62843,8.87077
3.28173,4.99589,29.6997
2.73239,4.17691,18.6833
4.76354,5.24495,69.2256
4.06159,4.12725,47.2704
3.95129,2.76356,41.0088
3.94338,2.224,42.6543
4.70691,6.26643,68.7746
3.2714,3.04376,28.0412
2.02589,4.81245,12.0159
4.17233,3.91046,48.7213
4.67418,3.7557,63.6811
3.56818,4.43449,33.43
5.3566,5.5354,92.9432
3.86107,3.65696,41.3233
3.38031,3.00941,28.9856
2.80726,2.94272,20.6442
3.20668,3.45164,26.0809
4.83477,3.83559,71.0315
3.07988,3.76755,25.5234
3.38447,3.11484,29.4754
5.24154,4.25858,88.0029
4.51515,4.16676,59.075
4.66286,3.35548,66.0411
3.98737,5.44667,44.0236
5.67802,3.71296,107.122
2.50789,3.88918,17.3686
3.18279,5.69031,28.91
4.52674,2.91871,59.1549
3.65499,3.63347,36.7987
4.76186,4.19046,68.573
4.25184,2.50721,49.0437
2.62943,4.60668,18.3926
4.40895,4.73539,58.7162
4.61575,4.69001,63.6302
4.53094,2.69793,60.6718
2.88882,3.41335,22.5221
4.499,4.87248,58.3641
4.03698,3.12362,43.7909
4.17926,2.46242,44.966
4.49873,4.69403,60.3842
4.09276,3.26247,46.28
2.90773,4.16528,21.218
4.76585,4.96207,70.6182
5.36379,4.13464,92.6475
2.63279,4.68515,18.9626
4.36195,4.99333,54.1938
3.24985,5.4793,28.771
2.87975,4.59408,21.5408
4.64754,3.31529,63.2981
4.1662,6.19091,50.9347
3.64786,3.64157,38.3492
3.71221,4.00543,35.8366
2.56124,2.06005,17.9538
3.58781,4.72343,36.6862
4.58919,5.15523,63.9858
5.28004,3.58691,88.5782
5.38462,4.39204,94.0497
3.07005,3.98114,24.6386
3.09169,3.67971,24.0577
5.09297,4.83983,81.2343
3.91078,4.03711,41.0872
3.55106,3.87004,34.4985
5.13795,3.3667,81.9799
4.38205,4.56298,56.557
2.78106,3.76955,20.7732
4.12755,4.79022,46.8306
4.17848,3.72622,49.3266
4.35947,4.00885,55.1718
4.44129,5.05057,58.6503
2.15116,2.50633,11.4249
3.2063,4.56017,26.305
4.50365,4.25892,58.7306
4.88046,1.97796,73.6977
4.69667,4.6279,67.3303
4.46476,4.85689,60.3704
3.71187,5.72329,36.8305
4.45663,3.5677,57.236
4.95179,4.58134,75.0879
5.56431,4.85196,101.785
3.11373,3.29098,25.2697
3.17687,3.0455,23.4868
4.08414,3.71547,46.2563
3.13475,4.54695,26.4586
3.71567,2.13003,36.0296
2.3855,3.56276,16.8578
4.97203,2.21319,75.039
2.82963,1.47641,19.6337
4.29596,4.99936,54.9999
4.45068,2.4883,57.1907
4.64482,3.61895,63.106
5.51893,4.67453,98.5543
5.38622,3.50213,93.8246
5.96276,3.14147,121.716
4.34358,4.37836,53.1604
3.51027,3.65397,31.8213
5.88904,4.38961,119.86
4.38358,2.99178,54.7979
5.62331,3.30685,104.011
5.45546,2.99294,97.9572
4.63027,4.46073,64.0726
4.39495,4.80337,56.6493
5.57203,2.54594,99.7953
2.96209,2.65552,22.0083
3.87334,3.20808,39.4382
2.16093,3.98435,13.3741
2.76131,3.92415,20.1835
4.8614,4.42192,71.9563
3.92548,4.50508,41.8321
2.63419,4.41966,17.2741
3.42413,4.39661,30.7992
5.04182,3.41583,79.4167
4.76568,3.71863,68.2472
3.1954,3.04187,27.7601
4.92042,4.15792,73.4487
2.21859,5.51213,14.0529
3.62707,4.50823,35.2047
3.24249,5.41011,25.6593
4.1854,4.17776,48.23
4.6872,3.47044,65.2144
3.67782,4.65051,37.1498
3.99396,5.59634,46.028
3.52596,4.54487,32.3549
4.0719,2.55639,45.076
3.69735,5.03231,37.7862
1.66964,1.56287,8.97612
2.64196,4.07909,19.2341
3.757,4.96366,40.3783
2.62717,3.5756,19.0356
3.42548,6.24562,32.7044
5.79549,2.32577,110.838
5.52126,3.98026,99.7123
3.79824,5.48375,40.8472
5.64636,3.39363,104.95
6.11117,4.61735,131.429
3.76835,2.97688,37.2717
3.17536,2.95791,25.9888
5.15728,4.61616,83.5513
2.95447,1.23107,21.4201
3.50194,3.50225,32.9643
5.22246,5.44854,88.4892
5.35177,3.07419,91.7548
4.09801,4.21862,48.0802
4.21447,4.22582,49.421
4.35771,4.9586,56.1766
5.50682,4.26076,99.7119
4.34252,4.44354,55.0237
4.55211,5.89232,61.0114
2.46783,4.45065,14.9594
4.17344,3.86205,50.0221
3.84239,3.01944,39.8108
4.43429,3.68881,54.5372
3.41475,4.92816,31.0314
2.58303,4.3164,17.841
3.14061,5.52401,27.6046
4.85217,4.06549,71.551
4.01213,5.31099,47.3449
3.69442,5.34003,37.6581
2.53824,5.38983,18.8331
4.088,4.93147,47.0423
4.93802,3.76602,74.2454
3.37623,5.58126,30.3742
5.91821,3.31007,119.642
3.97099,4.52624,43.4158
4.98899,3.96604,75.9726
5.20791,3.18887,83.2808
6.09739,4.5816,131.021
3.56717,3.59398,33.0835
3.48686,3.32383,33.1916
5.18373,2.78043,84.9017
5.83321,4.2541,116.497
5.37813,3.35905,93.2616
2.83381,5.77531,21.9353
4.82759,4.56358,72.0102
5.81765,4.4043,114.308
5.04753,5.19454,78.6084
3.02183,2.80504,25.5416
