3
2.74246,3.44446,26.9821
4.37455,5.38262,81.1619
4.14312,4.42788,69.3126
3.97109,3.6092,61.5566
2.98043,2.35036,29.7621
5.74902,4.35888,166.672
3.16182,3.04894,33.6016
3.99053,4.12526,63.0603
5.39624,4.34787,138.385
3.23153,4.21449,38.3776
2.27916,4.52911,17.8352
5.79566,2.77173,168.874
3.51239,3.03056,43.4874
4.59852,4.07115,92.2355
3.24606,4.65462,38.7981
3.45959,5.65161,46.3695
5.41429,4.03554,141.89
3.41695,4.38146,41.3944
4.89662,3.70209,106.478
4.17377,3.59155,70.3885
6.07233,4.7331,194.818
6.09524,2.50444,197.209
4.54614,5.98742,88.0381
2.64797,5.56141,23.0926
3.6004,3.62817,45.5905
4.94122,4.26486,108.502
4.61767,3.08885,90.2243
3.04496,4.02933,31.9437
5.06439,4.44449,116.061
4.48586,5.2485,86.218
4.50245,3.21017,84.5417
4.31631,4.15071,76.7728
5.98071,4.48538,186.296
3.67599,4.02162,49.348
2.9138,4.52162,29.8355
5.09127,4.39266,118.885
4.37917,5.18599,79.6266
3.04893,4.24204,32.2944
3.25336,2.63267,36.2837
3.52333,4.09439,44.245
4.61845,4.02177,91.6803
4.53799,6.83765,92.6372
3.88862,3.08407,57.3647
5.4757,3.29742,145.834
5.90333,3.76103,178.106
3.31498,5.30709,41.6004
3.93547,3.64898,59.4186
4.16162,4.16389,69.2592
4.3037,4.65155,75.1776
3.97771,3.52887,62.371
3.68682,5.15173,52.6267
4.94318,3.10343,109.549
3.65818,1.71876,48.2139
6.12854,3.71526,199.125
4.79854,3.47267,100.61
2.73079,4.28699,26.7809
3.28691,4.9003,40.1572
4.65507,3.88622,93.0732
4.11919,5.15811,69.8292
4.30438,2.8478,75.6831
2.40162,3.88789,18.1059
4.04503,4.94567,64.8644
3.60424,4.82947,47.6955
5.18397,4.32767,124.666
3.90391,3.2496,57.5015
4.11091,4.13259,67.7446
4.39854,3.86624,81.1809
4.16462,3.75498,68.3963
2.27246,2.68025,17.0991
2.16265,4.09634,15.7011
4.06847,5.30181,67.8611
4.62267,5.62537,92.0795
4.24502,3.3563,72.2901
3.31646,3.94759,38.045
2.52053,4.81507,21.5262
4.4697,5.56925,86.306
3.66562,1.19266,50.3535
4.10551,2.59389,67.1897
2.07163,5.29517,17.2365
3.32224,4.14413,41.3787
6.62284,3.70709,247.168
4.57946,3.74245,89.8304
4.92929,3.42901,110.9
1.92608,3.70906,13.078
3.426,3.95574,42.264
4.48311,4.3839,87.0065
4.18092,5.79545,73.5948
4.7829,3.2238,101.068
2.10461,3.66319,14.9822
3.25145,3.21503,39.3729
5.18015,4.21857,124.878
4.37581,3.57393,78.812
3.40555,2.65814,40.1458
4.64353,2.06337,91.7456
3.46416,5.23456,47.0364
1.60785,3.72203,10.474
3.19506,5.02243,38.6405
3.56048,3.72679,45.9025
5.15939,4.22628,121.675
4.78115,1.96266,98.5785
6.46231,5.57424,233.146
3.71404,1.76332,52.3919
4.95816,3.23388,110.998
4.10241,1.13155,65.9949
4.90476,3.5353,108.873
3.62413,1.70252,49.7303
5.28295,4.64755,132.236
3.00656,3.54361,30.7577
3.72409,2.68178,51.1769
3.05516,5.43605,33.695
4.63717,4.90123,89.9009
5.5433,5.93498,153.767
3.92069,3.22207,60.1893
3.29293,3.17478,37.1534
3.71115,4.16201,52.7557
4.99345,2.99982,112.392
3.2344,4.8535,38.8564
3.6835,3.13152,49.547
5.51424,3.08131,147.784
3.14114,2.75313,33.9197
3.46359,2.22166,44.332
3.55671,4.53011,46.5906
1.33058,4.12831,8.93312
2.95086,4.03257,29.823
3.59374,3.14469,45.2556
4.43467,4.57124,83.4942
1.55034,3.467,10.2132
5.67113,6.08014,161.286
3.24263,4.31481,38.4516
3.95493,4.56105,61.5685
4.17654,2.68949,69.5011
4.68458,4.06626,95.6448
3.93539,4.38766,59.9384
3.70498,2.51651,50.8678
3.57417,4.24563,46.6079
2.58909,3.73726,22.676
4.71638,3.35879,96.6979
4.73743,2.80033,96.233
4.23357,2.7248,70.8766
3.09651,4.60381,33.8616
4.7809,4.44921,101.212
2.56565,5.41583,24.4393
4.82555,4.67468,104.037
3.28,2.8862,38.7973
3.94449,3.08305,59.5469
2.88846,3.41132,29.5381
3.54761,3.89499,46.7603
5.08959,4.59216,118.884
2.34018,4.59092,17.5525
5.86005,6.26032,178.194
2.54052,4.4278,22.1785
5.25919,5.03194,130.755
3.77223,4.22838,53.0611
3.98873,2.68901,60.7073
3.15928,3.93704,34.493
3.86958,4.94915,58.9261
4.14832,4.13664,68.7995
3.56662,5.88742,48.8827
3.70024,3.27217,51.7065
3.32191,4.05369,38.9387
2.81168,4.81204,27.5881
4.79327,4.55994,101.945
5.62881,2.81087,156.132
4.08594,3.97441,66.2449
4.873,3.30177,104.715
3.75228,3.16567,53.6778
4.22551,4.38235,70.6898
2.93171,2.98684,30.1714
5.05826,3.70801,115.051
2.07156,2.08783,13.7577
2.09611,4.79644,17.4845
5.06829,4.68309,119.33
3.75266,2.82009,52.5097
4.41062,4.99035,82.9115
3.03156,3.28414,32.8857
4.47368,3.57347,83.3752
2.38754,2.9247,16.5805
4.26075,4.97533,74.8852
5.18603,6.50857,127.715
3.38136,4.41761,43.4599
5.59097,2.79772,154.692
2.95953,6.07323,32.8669
3.41692,3.83751,42.1395
3.17449,3.84024,35.3907
3.34188,4.61422,41.91
4.54085,2.2442,86.9757
4.19758,5.72186,72.8833
3.89529,4.48543,61.0018
4.86059,5.21161,106.222
4.90042,2.14172,107.367
3.22058,3.59687,35.561
3.32064,4.05659,38.3489
7.19863,3.25532,314.685
4.48664,5.13321,84.9849
3.8777,4.76718,59.5973
2.05822,1.79051,11.8956
4.32987,3.4412,75.9138
3.87665,4.06722,56.2068
3.82707,2.66787,54.5237
2.65453,2.53201,20.7893
3.3508,4.87543,42.0919
3.70681,4.03288,51.4156
2.69145,4.70619,25.4649
4.20306,2.50117,70.329
5.23959,3.99382,130.923
5.24022,4.81774,130.053
4.3877,2.54656,78.6224
2.18268,5.58815,18.7335
3.90968,4.57668,59.9612
4.75546,4.40258,99.4867
4.09334,4.56701,67.5271
3.99744,2.83617,61.5522
3.35614,5.67053,44.5333
5.25022,4.41767,130.817
3.83213,5.96801,59.2201
4.31638,5.46973,78.4889
1.97177,1.44237,14.4571
5.37913,2.44181,136.789
4.26406,4.09027,73.986
2.57936,4.29464,20.7374
4.06832,5.43902,67.2226
3.19272,3.88691,35.6272
3.17256,4.07504,34.4743
4.08121,4.75387,68.2036
6.33178,3.37486,218.47
4.42421,3.95008,80.8143
3.61613,3.2618,48.2706
4.81955,3.44637,101.648
2.1184,4.56458,15.2106
4.13985,5.20779,71.9022
4.11628,4.12166,65.41
4.95781,3.97261,108.341
4.68563,4.14199,96.5598
5.97697,4.75996,185.617
3.39158,3.85532,42.6876
5.62122,3.95995,157.487
3.81431,4.86848,57.9681
3.68786,4.1178,52.0585
1.94611,4.93578,14.1537
5.07572,3.04024,116.809
4.55165,5.4705,91.0664
5.92126,2.2233,179.355
5.29489,3.38578,132.809
4.71115,3.17209,95.9664
3.74693,4.19425,54.5522
2.69034,5.3737,23.9477
5.9969,3.61295,187.448
3.89592,5.84388,59.6705
6.49808,4.57828,236.55
3.64046,4.10161,49.8207
4.89322,4.60296,107.574
4.76871,6.60464,101.553
4.27533,3.19354,74.7847
1.15318,2.51272,6.52818
3.1221,4.34572,34.7119
3.52127,4.29524,44.7177
4.01392,4.78528,62.0359
4.40855,4.3288,81.5436
4.01599,4.4538,66.0964
3.96653,4.65958,60.2516
3.5862,4.35934,47.0493
3.48996,4.81922,44.8963
4.074,2.88702,66.7323
5.34434,4.01027,136.947
4.16172,1.73947,67.6329
3.811,2.14561,54.0523
3.46208,3.4767,45.2946
3.72083,2.51576,52.0969
3.76258,4.17614,54.3292
5.31358,4.27255,136.154
4.11326,3.65521,67.0047
2.78745,3.71084,23.7688
5.76522,2.85188,167.886
2.15334,4.75848,17.1763
3.08252,3.22714,33.534
2.38369,3.17194,18.801
3.45755,5.76108,45.1047
5.51659,4.42898,146.148
2.56897,2.96029,21.5913
3.52857,4.75187,45.7519
1.74634,4.48426,12.0782
5.59223,6.06318,155.656
3.83194,4.16553,56.3543
5.23878,3.75236,127.358
4.43205,3.72398,82.275
4.54615,3.58345,89.5889
3.64103,3.25531,51.5572
3.81179,4.18444,57.154
4.76839,4.78464,101.718
3.00536,4.02256,29.916
2.30824,4.73986,20.2289
4.85531,3.79708,103.13
2.21911,3.60005,16.1199
4.64769,3.80523,91.6095
4.13026,4.81633,67.3208
4.692,3.7477,96.546
3.90747,3.77525,59.0332
3.87651,3.48955,57.6846
3.01099,3.52755,32.0917
3.21363,4.71162,38.4929
4.51849,3.90166,87.711
3.09209,5.09996,33.1195
3.98292,4.63338,62.6949
4.53424,3.78624,86.1655
4.3386,4.51653,78.7373
3.44058,3.09592,42.8579
3.04826,5.3357,33.6413
3.7017,4.00248,50.9677
3.85547,5.57031,57.4152
2.60645,3.03938,23.311
3.51349,3.89573,45.9723
5.74137,5.50014,167.889
5.85535,3.41432,174.741
4.80697,4.45696,103.041
4.27948,4.34771,76.2841
2.99406,3.81814,30.6258
3.26218,4.25598,39.5741
4.92421,4.62937,109.166
4.60232,2.43896,89.9472
5.53279,4.22142,150.349
3.62791,4.87709,50.2234
4.4627,3.37512,83.9854
3.23515,3.11699,36.2263
5.3736,5.43486,139.929
5.97327,3.12077,187.293
4.13187,3.98491,69.1568
3.37631,3.80472,41.3081
3.74903,2.76515,51.463
1.53876,2.96874,9.27331
2.2304,4.05543,16.9623
3.73216,4.05168,52.9782
4.90381,2.43578,105.19
3.44967,2.96498,40.9869
4.9235,4.39931,108.731
1.62141,6.01501,12.0644
2.94344,5.14093,30.2656
3.45568,4.9811,44.1996
2.51409,4.93781,19.6624
4.48018,5.09718,84.1356
4.06287,4.59218,65.3011
6.74751,3.53173,260.849
4.84242,3.34259,103.286
3.49942,3.85903,45.888
3.40833,4.91446,44.6853
4.16389,3.21574,71.2452
6.03675,4.61682,191.856
4.82969,3.48927,103.54
3.44025,3.74107,43.1998
3.61711,3.99266,48.8811
4.76992,4.66519,101.308
5.8125,3.39953,171.274
2.22186,3.86247,15.5287
4.17988,1.09553,67.3727
4.23661,2.97191,72.0373
3.65638,1.86661,51.1394
5.62888,3.17368,156.44
3.99633,4.4362,63.1825
2.65297,4.26804,24.783
4.46543,5.03758,83.3594
3.97772,4.69718,63.037
4.68686,3.16636,94.5245
4.6199,4.19894,92.425
5.71337,5.29108,164.069
4.17039,4.64242,72.1419
3.5714,2.50093,45.8468
2.99878,5.05205,29.8475
5.20084,4.45191,127.215
2.72779,4.80847,26.3207
4.56318,4.085,90.2395
3.10906,3.69208,34.5209
5.48689,3.68758,144.252
4.81223,3.32389,101.042
3.86938,3.40129,58.7815
4.24239,3.98298,73.1488
3.78572,2.05466,53.1739
4.53877,6.04004,91.0488
5.05345,5.19738,116.948
2.7887,4.0427,25.9493
2.61661,4.39328,22.3039
6.75037,4.52701,262.026
2.68398,6.26561,28.6704
2.26269,3.99317,20.7689
4.61538,5.35181,91.8365
5.61238,4.78127,155.636
3.53581,2.96082,46.6903
2.74838,4.48794,25.6855
4.66381,1.88443,92.8605
4.73925,3.79261,96.1082
3.45465,5.28166,44.0824
3.33094,5.09741,43.4301
4.61731,4.42145,92.1171
5.37288,4.24804,138.222
3.64248,5.31834,49.3351
5.62029,2.92481,156.053
3.86643,3.71442,57.3177
5.25462,6.69738,133.68
4.33825,4.99659,79.2432
6.86739,5.12219,274.876
2.78616,3.30824,24.3667
4.80221,4.94468,103.236
4.8014,4.39767,103.601
2.97026,4.76805,30.7686
3.53758,4.96388,45.3493
4.22424,2.84192,72.9801
3.69816,3.34841,51.2392
5.46039,4.30195,144.64
3.29521,4.04544,39.4954
3.0923,3.78488,33.4376
2.88376,2.66924,27.0445
5.14401,3.85557,122.404
3.65037,2.51469,49.3266
4.48622,6.50959,87.2603
5.19881,3.51125,125.71
5.19451,3.58088,125.236
4.55568,4.25748,89.8019
4.37053,4.37415,80.2505
3.64892,3.82865,50.9535
2.21251,4.82198,18.3321
3.47226,2.90127,42.3944
3.71175,4.17478,51.0135
2.2196,4.45217,15.3521
5.4725,2.82619,144.413
2.76718,4.46913,24.5118
4.15039,4.71618,70.5634
2.94084,3.77959,29.1389
5.47795,4.37035,144.095
5.40701,4.81706,140.005
3.23436,4.51482,37.9618
3.87222,4.55281,57.9046
5.47399,4.51351,144.664
3.6823,5.74745,51.0701
4.99233,2.32721,111.947
4.15722,5.45329,70.2379
4.96601,4.54547,110.015
3.73192,5.07683,55.0468
3.90072,2.90538,55.8798
3.51671,5.37501,46.1195
2.85141,2.76364,28.7376
5.19015,3.03841,125.789
3.81684,3.45332,55.0289
3.35066,2.99012,39.7032
2.44534,3.06765,18.7708
0.720837,5.49734,8.5541
4.63707,6.06521,95.6736
4.83975,2.55792,103.264
4.01615,4.67514,65.0181
4.81654,3.05475,103.014
4.19233,4.52597,69.5223
1.74961,3.81844,10.7866
2.60415,4.43429,24.1447
2.78342,4.02008,28.089
4.59543,3.61639,90.2421
3.66049,3.35231,49.9913
3.03435,3.60959,33.205
4.08864,2.83146,65.7104
3.97588,2.85146,59.7352
3.11421,4.10839,36.0716
3.45062,3.29495,43.3006
4.44235,5.46884,83.134
3.70719,4.54168,51.2316
2.79237,2.10243,25.6168
4.07809,1.68821,65.4955
2.99284,3.76786,31.4046
4.06095,2.7355,65.0846
4.18174,5.66942,70.5671
3.17572,4.50671,38.2961
3.78788,3.20004,54.3773
2.45723,4.07186,20.0607
3.28119,4.12874,37.612
4.19673,2.90702,70.4468
3.12844,5.52332,36.1561
5.16255,2.42732,123.13
3.84086,3.35937,55.5464
4.19382,2.57747,70.7866
5.04865,3.18679,114.865
3.40766,2.63741,41.07
4.31086,4.5588,76.383
4.99333,4.42639,112.873
3.23418,4.19818,38.2128
3.19579,3.54861,34.0438
3.7754,4.06062,54.3627
3.4436,3.73194,44.3195
3.37163,3.66389,42.8759
4.11523,4.342,66.2001
2.96141,3.83597,30.1607
5.09543,5.38911,121.556
3.36667,3.67543,42.2666
3.75174,3.49265,51.9746
4.119,5.06338,67.5024
5.82662,4.98634,175.168
4.34371,3.45611,78.0753
2.75681,5.29698,24.7713
3.57436,3.33978,47.2374
4.30373,5.31072,77.6256
5.0584,2.28722,116.735
4.36745,2.10441,76.65
3.19345,3.91938,37.3788
5.22433,3.45121,128.783
4.42978,4.20509,82.3979
2.56375,5.28597,23.0707
2.41134,2.2326,17.4792
3.68958,3.81473,51.5823
3.55282,4.99312,47.7391
4.80357,3.97679,99.5232
3.15435,3.6523,34.0293
4.37987,4.71046,81.67
4.85258,3.02014,103.371
3.98216,3.69578,63.0089
4.04233,3.78263,64.3609
6.55228,4.13198,241.037
4.72781,4.13567,97.1448
3.62399,4.58032,48.9601
4.98768,3.2663,113.71
4.89081,3.94134,107.388
4.13654,4.83242,69.2894
4.4438,3.52889,81.3887
1.74777,3.73616,11.1331
3.05997,3.4338,31.6481
4.04511,5.60838,66.5553
4.78538,1.91245,99.7989
5.00944,3.22045,112.868
2.79583,4.96098,27.1271
4.00963,2.74235,64.1249
4.57357,4.96106,91.5259
1.3398,5.51201,10.8469
2.50981,4.72862,20.7531
3.75222,3.40559,53.923
2.48268,3.28046,20.2755
5.96521,2.97692,185.319
3.57877,3.30034,46.6539
3.94587,3.83868,60.5429
4.01836,3.12394,63.8503
3.46475,4.01128,43.4338
5.30932,4.81034,133.425
3.98849,4.44832,61.9145
4.53667,6.27072,89.7054
4.8905,5.13733,107.787
5.20134,2.8955,125.693
3.9254,3.74661,59.7333
2.21815,4.90201,18.046
4.61313,2.50553,90.2692
5.53922,3.38517,150.08
4.73946,4.84035,99.0527
4.26501,2.73444,72.5433
2.10103,3.20434,13.6571
5.55802,5.87614,153.26
3.38805,5.13671,42.5184
2.54002,5.20161,23.5037
3.57067,2.47459,46.4989
3.63806,4.46683,48.9339
2.75705,3.2621,27.2345
2.18947,5.64894,17.5725
3.45628,4.55722,45.0989
2.80828,4.36333,28.1138
4.34477,4.49581,78.3696
3.66961,3.56446,51.0628
4.61571,2.31795,89.3486
3.71584,4.06261,51.2209
4.6421,4.88072,92.6337
0.947071,3.6806,7.09832
4.96541,5.90613,113.47
3.59694,4.57771,50.0099
1.7097,4.04188,10.0771
2.74685,4.56928,27.1937
2.80904,3.48388,26.1186
2.63218,4.91597,25.4629
3.87849,3.30816,57.6642
3.95092,4.27941,61.8121
4.0164,4.30741,63.3756
5.65751,3.24166,159.883
3.39577,4.28444,42.3183
4.36279,2.90887,79.681
2.91848,2.63375,28.7087
4.57633,3.81317,89.3248
3.79063,3.22073,52.5605
3.20225,1.75761,35.0546
3.12191,4.81036,33.5326
4.65646,3.69586,93.2594
4.48867,3.50266,85.2923
3.64097,5.32404,50.5769
4.65941,2.74955,92.894
3.45431,3.18859,43.1552
2.94113,3.58503,31.2766
3.68974,2.71662,50.1452
2.61898,4.83207,24.754
5.2016,3.2623,125.774
2.73007,2.80231,25.238
5.63,4.37202,156.235
4.44713,6.35287,85.1691
4.37408,4.124,78.9188
1.87559,3.82813,11.4824
2.78197,4.44582,27.1452
3.63582,3.44109,49.2949
2.4503,4.18465,19.6261
5.27289,4.01354,131.252
4.35853,4.2502,79.2411
4.08045,5.5302,68.5466
3.12974,2.90084,33.4763
5.95916,5.01046,185.447
4.79075,5.15669,101.702
2.37442,4.86445,19.6331
4.29737,3.54713,75.4666
3.76328,5.32297,53.4478
2.15115,3.05937,14.231
5.3781,5.34172,138.966
4.16223,3.8749,68.7566
4.21092,3.83569,70.9176
3.38149,4.14011,41.1482
6.01698,2.61823,188.664
4.31306,4.38345,77.8073
3.41042,4.68304,42.2843
2.2734,5.26108,17.9864
2.37524,2.8857,18.14
2.69929,3.50338,25.1088
3.01089,4.29047,32.2195
4.50732,3.52103,86.0338
3.28309,3.14522,37.0069
3.36337,2.92378,39.6932
5.3041,3.0765,131.915
2.89595,4.75602,29.4505
3.12561,2.71342,33.5131
6.03582,4.49578,190.105
4.13462,3.9515,68.2929
4.60664,4.11044,91.0559
3.07871,4.63494,33.0809
4.66561,5.38467,96.14
2.6152,3.42668,20.8418
4.58872,5.18357,91.1968
3.63327,3.61805,49.1729
5.08192,4.10274,119.009
4.29672,4.36945,79.4375
3.24672,4.36239,39.5398
3.60252,5.50834,49.518
4.38962,3.21366,79.7481
2.1096,2.97792,15.235
1.72141,4.75843,11.2481
3.87059,3.70743,57.4437
3.97413,4.60293,63.355
3.72597,4.92574,53.0262
5.43974,5.22712,143.941
1.84734,4.30517,11.8215
3.32416,1.98404,38.879
5.7799,4.07167,169.24
6.60486,4.51222,245.83
5.4,4.48951,140.097
4.37975,5.0672,81.4396
5.72963,1.9057,165.022
3.02165,2.22742,30.9798
4.26196,3.097,72.2903
3.84987,2.31894,54.4607
3.40959,4.49125,40.9293
3.42549,4.00283,43.3438
3.40525,2.69096,41.5014
5.02964,3.30733,115.386
3.13561,4.38541,35.9666
5.61412,4.23735,157.034
1.18339,2.71756,7.63509
3.88959,3.55727,58.0269
3.72438,5.06359,53.7322
3.40577,3.66463,42.4982
4.13151,3.06395,68.617
3.62986,3.57386,49.1871
3.41752,2.08109,40.2744
4.5894,5.20562,90.6253
3.82085,4.80489,59.4626
6.49705,4.31592,233.684
3.29927,5.19574,39.0072
2.80493,2.96523,26.6034
5.15482,3.44536,122.198
4.30955,2.92463,74.8426
4.65353,2.38299,93.4808
4.97538,3.87409,112.824
6.36504,3.81036,222.489
3.12166,2.46798,32.3562
2.33359,5.88447,21.9464
3.24338,5.45784,37.9451
3.17212,3.89111,34.6958
2.47745,5.34368,20.9735
3.67976,4.55216,52.0662
4.47021,5.53237,86.1433
4.33403,2.6898,78.038
2.96445,2.55376,28.8276
3.37609,2.67076,39.5589
3.79332,3.28058,54.7353
4.74779,4.08734,98.742
2.7019,3.20779,23.4407
4.15182,4.21642,69.5268
4.50951,3.75998,87.0636
4.11827,4.3873,68.4483
4.28578,2.79935,73.5982
2.84279,3.63158,28.1977
3.62904,2.77979,47.6018
3.90444,4.07182,59.2246
4.32617,4.0006,75.6873
6.84269,3.60239,270.498
5.49712,5.26774,148.451
4.92934,5.0871,110.683
4.83359,4.95183,103.963
3.70726,4.12249,52.9742
3.11871,3.09797,34.3992
2.55648,3.67567,22.5547
4.5152,4.06371,88.1833
3.08316,4.79155,31.8686
3.80081,3.83496,54.7757
4.196,3.30938,69.5221
6.0015,2.534,186.254
5.1933,4.00512,126.44
3.17845,4.05679,34.9169
3.77225,3.46356,55.7473
4.17141,5.19555,72.405
4.46119,3.20422,85.2398
4.36886,2.74573,77.3282
3.53532,5.27714,47.5197
4.73209,4.76811,98.5708
3.68831,5.88065,54.3031
4.76578,4.57736,100.775
5.15167,3.0333,124.466
3.36119,3.41335,40.2756
6.02657,4.35557,190.839
3.18185,3.17172,36.2134
3.96387,2.74814,62.2547
2.57327,4.545,21.6355
3.55851,4.81824,47.059
4.59789,1.84302,90.3223
4.98857,3.94114,111.437
3.28051,4.51168,38.1027
3.9973,3.90922,60.7156
2.57509,3.05586,22.1547
5.51398,3.5624,148.8
5.25209,3.55586,129.536
4.07119,3.11606,65.5277
2.73279,3.36148,24.9009
5.26952,2.96768,130.176
4.15056,2.20573,68.7825
5.71407,5.875,165.594
5.12829,3.98698,121.058
3.78024,0.994266,52.7229
3.85323,2.49027,56.2199
2.63834,3.20876,22.9471
2.99294,4.2575,32.5301
3.6518,2.30748,47.504
3.13963,4.77553,36.8233
1.16885,5.07629,5.98841
5.22577,5.46807,129.481
2.6295,4.56445,22.3708
4.69348,4.2901,96.2642
3.05657,5.33573,36.0078
3.47589,4.21749,42.3895
4.45318,3.63562,85.3218
4.06739,5.30968,66.3899
2.65914,4.59438,24.7756
2.55857,5.26689,24.1571
5.06181,5.37354,120.16
3.84223,3.89972,55.8754
3.06768,4.09034,32.3018
4.27006,2.91365,73.9807
3.16999,3.04812,34.5911
4.11505,3.96403,67.2855
4.16486,4.03953,69.3105
5.06128,4.69884,117.495
3.39786,4.9122,42.6966
4.9571,4.40356,111.105
3.1055,5.32891,36.6194
4.82616,3.44488,104.101
2.86002,4.48063,27.6138
4.82648,4.82701,104.353
4.05543,3.14247,65.4376
3.54863,2.02861,45.2063
4.0907,3.27983,67.2371
3.3274,3.96897,39.3763
5.02573,2.20099,113.684
4.83526,4.30629,104.417
5.15616,6.82071,128.302
4.42784,6.30861,83.9395
2.52544,4.4105,22.1059
2.829,3.72873,27.6885
4.24051,4.26033,73.6464
4.56882,4.97122,90.4558
3.70815,2.69059,51.1085
3.55344,4.01089,47.5045
3.26387,4.74687,37.9639
5.43725,2.45802,141.234
4.36211,2.19623,78.5881
3.79664,2.83154,55.9424
3.45081,4.17443,44.3285
3.14157,4.55125,34.9541
2.68221,3.34738,25.1773
5.25082,4.82323,131.749
3.71318,4.69053,52.0729
3.4674,4.02999,42.5122
4.47802,5.72574,85.85
3.81576,5.24428,55.5352
5.02046,5.07075,117.464
3.47564,2.52831,41.8873
4.12351,3.85452,67.881
3.34283,3.2796,38.5461
3.95818,2.97227,59.8792
4.79574,4.95246,101.179
4.00716,5.49649,66.1623
4.41855,3.44623,81.8876
4.61595,3.60139,92.6993
3.20033,3.87747,38.2312
3.3387,2.15383,39.7061
3.25505,5.63825,38.4313
5.33612,5.01642,136.376
2.93071,3.04693,27.4347
3.70829,5.89519,52.3253
3.14727,5.06211,35.9903
3.94303,4.24566,61.2737
3.77596,4.42037,54.6023
4.16817,2.59189,68.6066
5.25445,2.9328,129.641
4.44601,3.47711,81.6171
3.23666,3.59495,35.4229
3.24181,3.63046,36.4919
4.29085,4.22559,76.3805
2.97231,3.56524,31.1156
4.45345,2.78931,82.2919
4.31572,4.46066,75.7315
3.82932,4.46186,56.8075
5.18284,5.35228,127.082
4.0653,4.02168,64.9357
3.17703,3.65017,34.9599
4.74831,5.53778,99.7008
4.93685,5.2452,110.847
2.62915,4.61446,22.9931
4.71375,4.0247,98.0643
3.01952,2.47729,29.1766
4.86723,5.43205,106.954
5.13393,1.96857,119.201
5.21929,2.54264,124.171
5.19064,5.99343,128.467
3.54454,5.23012,46.2955
3.73713,3.39557,51.4054
4.75769,3.80883,100.576
4.86593,3.36673,103.649
3.14443,3.80515,35.0567
5.30964,4.70232,134.012
4.02551,5.24349,66.0376
2.60552,3.01504,22.9989
3.64615,2.42287,49.2053
4.59299,3.94993,90.7099
2.40982,4.39698,21.3666
5.059,3.52492,117.853
4.25469,3.22086,73.048
4.99989,2.9532,113.275
2.53608,3.10418,18.4112
4.03347,4.23868,64.0076
5.02411,5.33648,116.579
2.78036,3.89959,25.1119
3.29908,5.73158,41.2693
3.29017,4.26639,40.1042
5.35164,6.14308,140.314
3.30755,2.46275,39.5083
4.41139,3.68413,80.9845
3.47161,5.41091,46.5085
5.83629,4.59473,175.966
2.38781,3.26821,19.1489
5.18624,3.03071,125.916
3.67103,4.82308,51.4341
3.72885,3.79139,51.1536
4.64192,4.57682,93.0081
4.70641,2.11172,95.257
5.96512,3.92536,182.901
3.36426,5.84646,43.2895
4.14639,2.91434,69.0777
3.98153,3.46945,62.6277
6.04012,3.70232,190.997
1.91505,4.77138,14.5808
3.45561,5.34003,46.9499
3.66232,2.97754,50.6361
3.65795,5.27581,49.774
6.11534,4.80246,198.491
5.17918,5.00888,128.206
3.86147,5.55301,57.7289
4.78061,2.60801,98.4106
2.28342,6.29104,20.4683
1.5181,4.48823,11.8418
4.65012,2.04285,91.471
4.82372,5.28998,105.203
3.1292,4.78699,35.769
2.85972,3.68231,28.8362
4.13212,5.19258,70.698
5.29334,4.16313,135.368
3.9942,4.34168,61.6616
3.90334,5.27463,57.4612
4.7839,6.90535,104.765
3.75134,3.23211,53.0127
5.9063,4.35226,179.95
3.8208,3.16156,54.4396
3.73214,6.19668,54.2772
4.02096,2.53311,62.8271
4.89241,5.00412,108.78
2.69034,4.60573,24.8892
2.5188,3.03462,20.7443
5.83707,2.86745,174.162
4.17865,5.5452,71.204
4.20881,2.03887,71.3343
5.01209,3.51652,113.145
3.532,4.85759,46.1021
4.98636,4.06898,112.064
4.83219,3.04723,102.982
4.44362,4.82341,83.6893
5.06987,3.51847,118.109
2.97139,6.35934,33.0758
4.67272,4.06017,95.1802
4.01705,4.0018,63.6756
3.66602,2.78146,47.3432
4.14761,4.37738,68.8997
4.26861,4.30429,76.0198
3.64405,2.53709,47.0286
4.6183,3.23646,91.3907
4.38305,4.99151,80.9577
3.70648,3.33453,50.6682
3.52209,3.48377,45.18
4.02594,4.38768,64.4666
5.27309,4.17541,132.203
4.61349,4.37696,93.4978
3.92335,4.32411,59.3803
3.22069,5.4087,36.2225
3.54434,4.26193,47.5422
5.38316,0.831016,137.602
3.97071,3.79767,62.3446
3.59771,3.80599,47.7699
3.8677,3.53116,56.4829
3.39401,4.04943,41.6927
3.07984,3.92535,32.6427
3.21096,4.1739,36.4411
2.57184,3.49348,21.7719
4.78756,3.64861,99.207
4.42316,2.70715,81.3478
4.16336,3.34425,69.5108
2.95809,4.07291,30.7322
4.20894,3.36967,72.0986
3.33289,3.27948,40.1189
5.51507,3.60009,149.769
4.5517,4.72926,88.5591
4.06904,3.8806,66.3211
4.85664,4.13477,105.207
5.08833,4.57446,119.181
3.55797,3.70271,46.8573
4.25479,4.97357,73.0045
4.83777,2.77558,103.502
2.66048,3.57318,24.5304
4.01398,4.85437,62.5974
3.24394,3.91215,37.7083
5.34677,4.32405,136.899
4.98137,5.17019,113.169
5.72355,3.72991,165.472
5.13026,2.45642,119.253
3.22265,4.14145,37.5593
4.37114,5.47166,79.9181
3.95612,3.75732,61.4143
4.21302,2.59602,70.7344
3.73233,3.70479,51.4583
3.23854,2.06229,36.2547
3.60714,4.16271,47.2612
3.40951,3.78854,42.9261
3.93922,3.22902,60.4045
2.2958,3.76969,16.3153
3.91116,5.27672,60.5702
3.71619,4.3288,51.3028
3.18242,4.43828,37.3334
4.35521,2.68587,79.3788
4.18102,3.32624,69.1593
3.26579,2.72505,36.4976
3.86064,3.33112,57.2501
3.68823,5.15158,50.8617
3.19118,4.53638,35.4723
4.80272,2.46037,100.273
3.9375,2.34446,59.3823
4.02316,3.81178,63.7121
3.21746,2.1087,34.6466
4.68963,2.92745,94.0356
5.1419,4.40131,124.213
4.34227,5.32367,80.3608
2.98855,6.2758,32.6802
3.22073,4.04869,35.8722
3.68382,3.2138,49.7439
3.62881,3.51477,49.5441
3.61801,3.54092,47.9153
3.81685,3.86303,54.7392
3.0806,3.34659,31.8904
5.35597,4.95499,136.993
4.8354,5.13908,106.197
3.8756,3.01679,55.9048
4.15715,3.74813,69.2148
3.16898,3.13738,35.2879
3.01007,3.26519,31.0678
3.30076,3.59889,38.8831
4.54965,2.04232,89.3886
3.42603,4.12099,43.0236
4.83617,3.32062,103.186
4.13153,4.26513,68.9054
2.02637,3.32758,14.2838
3.29519,5.75913,39.4292
4.23139,4.51007,73.6236
6.2212,4.45237,206.531
3.45457,4.6352,45.8825
3.7868,4.33234,53.5665
