3
4.13752,4.44634,6.56322
4.69808,4.62955,6.9593
4.47391,5.23191,6.63305
2.5615,3.11479,4.80461
3.86708,0.857948,7.22661
4.93768,5.30106,8.48468
3.90123,3.06584,5.68476
3.51668,4.54612,7.19033
3.437,3.63998,6.44002
4.63717,3.49834,7.58451
3.07124,3.77478,4.51798
3.39547,2.88848,7.84766
2.54105,3.72712,4.42736
2.92469,4.52015,4.99382
3.89619,7.44172,7.41048
3.52513,2.61001,6.35071
4.0674,3.35995,7.4398
4.02659,3.71594,6.45241
3.09282,4.51519,6.41886
5.43403,3.86323,7.69603
2.78721,4.32496,7.11006
4.12725,3.00605,6.41278
5.3981,3.32663,7.30109
1.78385,3.85682,4.80489
5.27739,4.9942,6.9005
5.42245,4.19041,7.41257
5.32652,3.91093,7.15634
5.877,3.41337,7.21754
3.28696,4.63515,6.39798
4.61809,3.68696,8.21184
5.41299,3.58371,7.0046
3.29092,3.08851,5.02769
5.7331,3.84594,6.56478
4.15145,4.43047,7.59497
1.61094,3.26058,4.49406
6.44299,3.58849,7.76945
3.36297,3.33001,5.24468
3.90783,3.17114,5.40809
2.33918,2.51686,6.40954
3.68953,3.43665,4.54557
4.04395,5.63708,8.67367
3.47122,3.82522,7.45258
4.35812,3.51369,6.63906
4.26823,4.54507,7.071
3.84888,4.25627,5.51058
5.27525,4.86225,7.72518
4.28983,5.33297,8.01462
3.35053,3.61546,6.72832
4.40553,4.40551,6.04589
3.45837,2.31974,6.47876
3.11426,4.31513,6.85057
4.11398,3.85027,7.22042
4.94191,4.10307,6.10576
4.84361,4.44172,8.59944
2.90395,4.19558,6.42667
5.2189,2.90021,6.73761
3.33667,4.71728,8.63542
4.16612,2.51032,5.14972
3.83367,4.80178,7.41979
3.10644,5.87809,8.26439
4.91821,3.83774,7.45236
4.55371,4.73105,6.83318
3.17386,5.02564,7.85394
2.36943,3.53952,5.12467
5.96627,3.77984,7.07737
4.17037,4.56647,9.54682
5.02018,1.51493,6.06039
2.53598,3.80244,5.63512
4.35659,2.89614,5.50938
5.03066,4.33837,7.30396
4.25643,3.09193,7.57742
4.0757,5.29616,6.70304
3.57593,4.65089,5.75334
4.38544,3.42046,7.84887
3.5919,3.99118,6.13991
1.86335,4.41771,5.89505
3.94013,4.36916,7.31681
3.95795,1.3318,5.99605
3.05289,4.53669,6.63268
2.65596,2.65946,5.40709
4.005,3.81129,5.10754
3.71702,3.98058,5.8002
4.35718,5.42629,7.46642
4.91594,5.43612,8.3261
3.88774,3.83373,7.10452
4.5741,2.98368,7.06417
5.02464,5.17564,6.75866
2.69543,4.99458,8.28587
3.61931,4.10963,6.1149
3.63702,4.43928,5.91294
3.29508,4.10174,6.28224
3.92162,4.79336,8.00737
4.71681,4.61335,6.78611
4.97772,1.08488,7.70886
6.41082,4.27694,7.00015
4.45832,4.07457,7.22774
5.00804,3.61829,6.74218
4.76679,6.50867,8.35214
2.72095,1.74171,3.97756
4.09174,3.36615,7.56694
2.63704,4.86377,6.35745
3.69409,5.238,7.2917
3.19228,3.89094,6.05832
3.56018,5.29608,6.0826
2.11209,3.31959,5.07033
4.55584,4.57682,5.47923
4.27641,2.48695,8.44556
2.86699,3.52634,7.62372
3.80342,3.32975,6.71415
4.02393,4.92477,5.30718
4.21735,4.34987,5.70687
3.5984,3.63314,6.61206
3.33232,2.72552,4.69434
2.43341,4.69541,5.29025
3.56674,4.61527,7.03599
2.48827,5.55567,5.61986
2.52878,5.66557,8.49852
5.93832,5.06486,7.98228
4.23115,2.22941,6.78634
4.22064,4.36043,5.76126
4.52245,3.97125,6.56228
4.9595,3.30909,7.59244
5.02387,3.93974,8.11813
3.55003,3.04385,4.72031
6.77054,3.17625,8.95393
3.79182,4.35597,7.12225
3.17749,5.71718,8.26651
4.12971,3.46061,5.35083
4.67315,4.77296,5.96134
4.33927,3.88652,8.55138
3.48455,2.65549,6.2675
2.94005,2.99018,4.6339
3.30875,3.13609,7.77596
5.29289,3.74678,6.58954
4.31012,5.11614,6.85452
5.88565,4.25342,7.21156
3.98335,3.34472,8.89625
4.4832,3.2713,5.13899
4.47043,4.81681,6.41372
6.37491,4.70418,7.62428
3.25244,4.94947,5.92093
3.52651,1.66786,5.1276
3.39523,5.0311,5.99561
4.06928,4.25003,8.58724
4.97082,5.17739,6.25068
3.31619,3.85661,6.95229
2.8767,3.67501,5.66576
5.08109,3.65907,8.43052
4.16319,2.67964,6.12513
3.17324,5.15673,6.21244
4.39904,3.64035,5.81063
6.06634,3.6872,8.00497
3.09745,6.13846,8.41093
3.48015,4.47662,6.37443
5.0088,4.17051,6.88255
2.75538,2.76971,5.94203
5.35444,3.78007,6.48661
3.33203,2.48789,5.63035
2.96433,4.65302,6.4955
4.39522,4.73904,6.8406
3.66316,2.0441,5.40091
3.20709,3.8665,5.16344
2.81724,4.20658,5.53918
3.77826,3.65555,7.23354
2.43166,5.65023,6.6393
2.82112,2.379,7.28286
3.75144,2.9399,7.2185
5.58814,3.23696,9.13217
3.09337,3.21102,6.11555
4.36742,4.21351,6.85931
4.424,3.90069,6.43341
4.7251,4.89603,7.58686
4.11162,2.523,7.34568
3.39197,4.3876,6.1695
3.88517,4.14317,7.413
3.60569,4.53,7.55721
3.58664,3.19935,5.17107
3.99435,3.81615,6.04314
1.37696,4.43629,4.58091
3.26541,4.34873,6.22287
3.59489,3.91939,5.98538
3.85602,2.92698,6.68999
2.88445,5.66859,6.9514
4.66602,5.5748,7.92936
2.59917,2.94926,6.01102
4.76706,4.13101,9.08486
3.61057,2.52729,7.02307
4.28235,3.95131,5.99272
4.65679,4.96449,9.40206
5.12184,3.07745,5.13172
4.03574,3.10236,7.94779
4.18099,3.09238,7.8461
4.37286,4.58288,7.66076
3.3751,5.21973,5.70416
4.03491,3.56105,6.91718
1.53738,3.61153,3.57048
4.3975,4.61693,6.69234
3.79661,5.00281,6.4831
3.10356,3.52839,5.16602
3.73017,2.87423,8.04686
4.59647,4.49084,8.62755
4.68794,4.48735,7.66913
3.43041,3.86879,4.97628
2.83369,4.59136,6.39836
3.05336,3.88358,7.03205
3.19785,3.41872,6.34774
4.59623,5.18162,8.1734
4.66881,4.24049,7.52778
3.28647,3.44814,6.32061
4.16743,3.62398,8.3805
5.45672,1.94709,6.1317
3.48453,3.03737,4.11058
4.87542,3.63475,6.4551
1.94107,4.2774,5.20113
4.0862,3.73291,5.73886
4.99759,4.16826,8.4711
3.57953,5.08218,8.13652
4.17677,6.29761,8.73351
2.66504,4.5124,5.63393
4.63361,5.9045,7.29332
6.70104,3.32567,7.38365
5.28542,3.102,4.01449
2.48167,3.65116,7.40204
4.92555,4.0552,7.3924
3.06826,3.39352,5.91722
3.33358,5.01887,6.84964
3.14527,2.76891,5.9004
3.5861,5.21967,8.33474
5.76918,2.75599,8.35953
3.69031,3.33507,6.25048
5.82026,2.29794,6.76764
5.05044,4.551,7.91304
4.32893,5.15911,9.75029
3.82615,3.42001,4.76441
5.55602,4.94861,6.20799
4.06591,5.16052,9.63177
2.16236,3.29276,4.74859
4.58873,4.84094,6.87994
4.44115,1.7485,6.23359
3.54211,4.56286,7.56636
5.05851,4.37666,6.68014
5.01741,4.79176,7.52473
4.99469,4.40525,8.99557
5.153,5.59975,7.16007
4.37422,3.5665,5.2332
4.26989,3.12779,6.1589
3.88823,3.07074,6.01477
5.49669,1.95858,6.11462
6.13669,3.59896,7.58127
3.73429,5.43198,6.38227
3.46831,4.23582,4.93434
3.33337,4.5362,5.40647
4.21542,3.96594,8.06829
2.89654,3.41415,4.48034
4.94174,3.44996,7.97572
2.77178,3.25387,5.23024
4.16015,3.402,7.21912
4.59959,5.74014,7.9953
4.71127,4.63607,7.51851
5.39127,4.03147,6.8178
3.73083,3.36862,6.55822
4.79568,4.40779,7.98097
3.75119,6.00872,6.47077
3.70583,4.26074,7.67343
2.79533,2.77517,6.01162
4.36621,4.39007,8.29628
2.87292,4.8336,5.47296
2.91455,4.19968,6.08412
5.25389,4.502,8.11999
3.53165,3.55092,5.63835
4.83205,3.80549,7.48326
3.63188,3.34868,5.56938
4.21528,2.17736,7.47996
4.75092,2.40922,5.16761
1.9962,3.0072,4.5733
3.07534,3.37059,5.98056
3.36262,1.69483,8.59798
3.29477,4.06986,7.12378
2.91258,2.37236,5.4941
3.59695,4.27403,7.32847
4.0851,2.2193,5.24987
2.06271,3.64311,5.4053
3.18291,4.53165,6.72318
5.77338,3.38692,7.50058
4.86869,2.55336,7.74599
2.51909,4.74028,7.3138
3.18916,4.8075,6.77613
4.64776,4.52466,5.04461
3.4245,5.83429,6.41091
4.10706,4.12298,4.63703
3.4641,5.63897,8.1687
5.28849,2.78039,9.36828
2.29622,3.68053,5.6995
5.70573,4.98638,7.3684
3.72334,3.31073,7.01392
4.05462,4.26945,7.2062
2.85724,4.53625,6.60758
5.13834,3.46305,8.21287
2.38191,4.60213,7.67385
4.07637,3.52612,8.25591
3.84233,3.68607,5.11926
3.52727,5.24877,5.79729
6.25392,2.27624,6.2968
2.3584,3.32123,5.43117
4.0562,4.28645,5.81011
5.67528,4.04131,6.19678
3.31781,3.61655,6.39564
4.20282,3.82927,8.27581
2.94074,5.29018,7.37832
3.6447,3.23439,6.30358
3.06284,5.08662,7.28855
3.76767,3.76641,7.15008
2.3955,3.75566,5.32912
3.61622,5.32349,9.14981
4.00553,3.34143,5.84581
3.27812,3.31642,6.23085
4.77742,5.81354,7.61677
4.42013,2.94437,7.71733
2.38654,2.83969,4.94703
3.71794,5.20363,5.7145
4.68391,5.61854,8.68132
4.10698,3.80813,4.18029
4.2813,4.57832,6.68478
3.33708,5.15848,6.43328
3.38607,3.45299,6.8277
4.8045,3.93157,8.03108
2.84525,3.42405,4.08928
3.98396,3.91432,6.59091
4.95681,3.93629,8.5087
2.38136,2.76023,5.17942
5.71745,5.97384,7.06481
5.69173,4.69243,9.33558
4.82092,3.44574,5.30987
3.70529,3.3334,6.4543
3.7713,2.35165,6.32423
5.85273,3.6146,7.6167
4.3938,5.36285,7.01413
4.18412,3.09614,5.61693
5.31638,4.06581,7.4345
4.37843,5.7863,6.23422
3.57042,5.18406,6.56277
2.43213,3.15616,5.3872
3.8866,4.88107,7.51897
2.94777,3.2318,6.49557
3.91895,5.54236,6.26285
4.1798,2.4694,6.10387
3.21955,5.38541,9.04435
4.63037,4.97244,8.8977
2.3243,5.14151,6.4117
3.9365,7.99723,9.33433
2.97906,4.03099,4.96833
4.24774,4.76123,6.97074
5.95134,5.37234,6.94275
5.96409,3.85427,8.25599
3.91563,4.51633,7.26395
4.05263,6.60664,7.95319
5.07166,3.79004,7.67856
3.22935,3.07668,5.5005
4.57283,4.13762,8.02177
2.71972,5.39212,5.54043
3.84722,2.93429,8.13366
2.37512,3.76661,6.37945
3.14092,3.00725,7.09021
2.37058,2.74597,5.86897
4.41877,4.00205,6.37569
4.42098,3.78225,5.83586
3.58315,4.53846,5.90063
5.03697,5.18756,6.77551
6.04354,4.82587,9.90776
4.64342,4.20178,7.92071
3.84649,3.85547,7.23797
3.65214,5.39645,6.3719
5.29902,3.73697,7.72537
5.39263,4.51641,6.51318
4.09491,2.84962,5.3379
4.50553,4.92621,6.65223
4.21975,4.95989,9.29848
2.87403,3.63449,5.23272
3.70171,4.23341,8.47505
4.27127,5.87228,7.42472
3.70178,3.65304,7.22983
5.65166,3.03312,7.84756
3.09271,3.79007,6.29548
3.38468,2.50206,6.23496
5.82897,6.20021,10.3915
3.57262,3.88676,5.42059
6.58618,3.96787,7.97853
2.13867,6.25345,5.93626
2.97957,3.82542,6.1639
2.82874,3.33152,5.25024
3.95193,5.11792,7.37257
4.50347,2.92364,7.66842
2.73046,6.34618,8.50609
5.86733,4.51964,8.35097
4.54136,3.25163,7.15893
4.06593,5.34057,6.78105
3.56249,3.58797,6.59128
2.39753,4.10242,7.76014
2.36893,4.07402,5.32337
3.43072,5.6725,6.22252
4.44596,5.06279,6.5847
3.71263,4.11936,5.96579
5.27102,5.52927,7.39529
3.5909,3.51083,5.8499
4.62913,4.75126,8.33354
5.79818,3.81977,8.06111
2.43178,4.47899,7.4594
3.03135,2.46361,3.65894
3.78234,3.84366,5.29321
3.39502,2.46227,5.71539
3.24765,4.27305,6.46318
7.19457,3.06687,8.09848
3.22532,4.7369,6.55866
3.75337,3.956,6.38535
3.81385,5.26459,6.92754
2.98759,2.84245,5.89829
5.54477,4.98944,8.39027
0.861053,2.31221,5.82325
2.6089,4.2377,6.78612
2.592,4.69148,6.6713
4.7527,2.2151,6.54513
2.83197,3.8135,6.99861
3.51764,4.35617,6.99639
2.93293,3.18307,6.83919
4.19427,4.40412,8.67696
2.05863,5.03988,4.71065
4.57508,4.99015,5.57407
2.519,4.58511,6.81347
2.59128,5.27261,6.46918
4.79658,5.08006,7.16271
3.39549,4.64467,7.25656
4.2872,5.40195,7.62448
4.63656,3.94555,7.01375
3.58737,3.7883,8.48714
4.03013,3.64425,4.57527
1.13336,3.2757,4.6117
4.98913,4.88926,7.54454
1.55901,5.75723,6.80626
2.97559,3.76867,5.35815
2.52762,3.18409,5.11131
4.46862,5.48973,6.6254
3.78881,3.75921,6.89116
4.78554,2.352,6.49429
3.35479,3.2665,6.82361
5.75699,4.45036,6.50486
4.01113,4.03826,6.206
4.54894,4.5899,8.42326
4.38004,6.18052,7.41085
5.63851,4.42912,4.98647
3.91959,2.35089,7.90551
2.97701,2.36103,5.83994
3.69763,2.53986,5.23984
3.41487,3.84901,7.02054
4.17528,5.96186,6.84887
4.82973,3.08109,5.41381
2.2605,3.78106,6.79728
4.64534,2.38939,5.32152
5.06351,4.37304,9.20186
4.09912,5.20503,7.96479
4.1398,2.55304,4.27578
4.07255,3.54266,6.28435
4.10045,4.34564,7.80969
4.544,3.36304,6.25551
3.54108,3.64211,6.78616
4.00994,4.81098,7.47965
3.05831,3.97323,3.9732
4.19989,6.11001,7.31869
4.92387,4.6405,6.87508
4.48027,5.23452,8.09614
3.54815,4.28114,7.63041
4.38164,4.39598,7.19608
3.98181,4.1795,6.57494
4.55726,3.19119,6.87828
4.23053,2.5823,6.61662
5.60103,4.34467,9.42456
4.00976,3.53768,7.51053
4.62632,5.86178,8.90404
5.06728,5.07824,9.75605
2.75841,3.67089,7.24723
3.20565,4.87285,4.72676
6.19094,4.43059,7.02175
4.12714,4.87826,8.27016
4.55691,2.93133,6.35244
4.44339,4.05626,8.05046
6.43609,2.94553,7.83497
4.93898,2.38675,6.21401
4.55706,3.37061,7.11632
3.23552,4.5673,6.81566
4.87133,4.71274,7.23305
3.29723,2.74842,7.13651
5.12828,2.67471,5.65684
2.79384,3.50989,7.24565
4.98406,3.51648,5.45961
5.72926,3.20993,7.05063
4.10029,4.8088,5.97743
1.36464,2.82107,5.62287
3.87315,4.20659,6.47435
3.33474,4.89882,9.39947
3.79741,4.19562,4.94442
3.48481,2.54747,6.35878
3.47709,3.48846,6.72132
3.76192,3.23495,7.54813
3.14535,4.45224,6.77936
4.51193,3.06307,7.01587
2.94202,6.08526,7.59079
3.53609,5.26044,6.6904
2.56276,3.76269,5.6075
3.91361,3.91855,8.65285
4.14344,2.3873,7.06572
4.01448,5.8437,8.33313
3.06611,3.76728,6.52437
4.16663,3.4504,6.94299
4.22435,3.7255,7.21497
4.05254,4.68962,7.55761
3.26668,4.91706,5.80743
4.57053,3.65461,5.79851
4.51268,5.06537,5.34276
4.48576,4.54802,8.51852
3.80145,3.90096,6.10721
1.28123,3.38709,4.23566
4.27813,3.72179,5.13988
3.502,3.17802,6.22754
5.55838,2.16556,7.28077
3.99632,4.25852,4.92223
5.56925,4.91253,6.04092
4.1,2.3259,4.59335
5.37634,3.78313,7.94569
3.6112,4.21851,6.62577
1.91809,4.74317,5.20434
4.60569,3.3304,7.3096
2.15708,4.5858,6.40632
3.49154,2.15408,4.66778
4.81646,3.57307,7.28567
2.81069,4.5184,5.01994
4.87921,3.91676,7.13339
2.22851,3.76393,5.1255
4.74611,3.01554,6.41476
4.12799,4.2628,7.85013
3.67347,3.42904,6.49288
5.05594,4.38851,5.59506
4.57071,4.48835,6.3147
4.38365,5.00569,7.13587
3.60269,4.59465,5.30644
3.74556,5.48641,10.0361
3.58706,4.36102,8.09493
1.62791,3.33293,4.4164
4.09313,3.56191,7.60188
5.6279,2.56274,7.0264
4.42024,3.48962,5.95527
4.1096,3.28627,6.6454
4.25629,4.20625,6.40935
4.43204,4.72718,10.0491
2.89523,5.53983,8.42994
3.07983,4.56205,8.33992
5.04888,3.74484,5.62946
2.92195,4.03768,7.42575
2.42293,3.71943,5.30615
3.52724,3.26241,6.50006
4.09736,2.96934,5.9513
3.5188,4.49258,5.78399
3.89884,3.73398,5.88728
2.70135,1.53969,4.91642
3.55696,3.58994,7.70412
4.6099,3.44306,7.25922
2.64234,4.05347,6.80214
4.93963,3.60638,6.20853
2.94069,2.68152,6.70119
4.22992,4.12576,7.29366
4.3715,4.04956,7.75032
3.22705,5.12473,9.68345
4.42282,3.60356,7.35049
3.19342,2.81312,7.41004
3.96684,4.32037,7.38982
3.22756,2.2876,7.21214
1.78719,3.9864,5.55293
4.21204,3.92472,6.01566
4.07573,2.8247,7.94063
4.49166,3.06304,6.47851
2.61677,3.4446,5.47678
2.13137,3.08281,4.59859
3.6464,3.93318,7.52672
5.12148,2.58495,5.63893
2.04935,2.04575,6.08492
2.86118,4.77706,5.70115
5.18608,5.49844,9.18402
6.23401,3.86457,7.80524
3.12956,4.78711,7.28716
4.16048,3.70498,7.4261
5.86729,3.89434,7.86676
4.79202,4.4008,8.08019
2.32207,4.99058,6.53011
5.57767,3.95185,9.16726
4.88282,4.35848,8.10882
4.38537,2.67931,5.93697
1.61912,2.74212,4.96952
4.68855,4.84338,8.66164
3.57248,4.6255,6.00893
3.914,3.99593,7.61421
5.20323,3.94411,8.03322
3.96183,3.46122,5.50125
4.50436,4.37064,6.7635
5.09227,2.32955,7.6428
2.9425,3.10093,3.94101
4.3177,3.30666,8.10991
4.76221,6.18307,8.30029
4.92424,5.65692,6.17614
3.52828,3.3751,6.23307
5.39115,5.46173,6.80374
5.54725,4.2805,7.92338
4.76063,4.04641,6.51239
4.97255,3.92557,7.0446
4.21021,4.323,6.8687
4.5864,2.96803,8.28525
3.8222,4.36377,7.69379
3.69513,3.59007,5.34021
4.73534,3.49748,6.78012
2.43082,4.02429,4.89598
3.47607,5.49554,8.17729
3.49155,3.97103,5.90536
3.51245,5.1762,6.25864
4.59415,5.5464,6.69826
2.31528,4.24101,9.14047
2.9551,3.86972,5.66951
3.08618,4.3334,5.52722
3.51809,3.8221,6.45548
4.16918,5.64048,7.04731
3.35734,4.22783,7.16505
2.97713,3.34365,5.89774
3.86478,4.39837,7.10597
4.36057,3.98945,6.87226
4.37835,4.44525,6.7368
3.31585,2.43751,6.08128
3.8901,4.25675,5.65684
3.49893,4.61373,6.68195
3.6792,1.87305,4.59574
1.71472,3.64185,4.22046
3.23798,4.51794,6.35164
4.18399,3.71383,7.08213
2.42281,3.5578,6.13587
5.51498,3.77886,6.28471
4.2914,5.56648,9.5403
3.81688,3.19111,6.85725
5.34751,4.99466,6.56657
3.59468,4.22847,6.01812
3.32497,3.9813,7.6519
3.79749,5.28551,7.63043
4.10948,4.48563,6.01535
1.45256,4.82569,4.70145
4.23935,4.2067,6.69464
4.75984,2.37266,8.82729
3.93774,4.01412,4.57044
3.53767,2.90221,6.74604
4.41386,2.62493,7.25496
3.5505,3.08746,6.26065
5.25053,3.2507,6.9026
4.70636,3.00291,7.34273
2.44014,2.27754,6.21436
5.32493,4.05215,7.63844
4.47699,3.48917,8.7859
4.50578,3.14654,7.82399
3.82713,4.67481,6.70789
4.35613,1.73508,6.61575
3.57512,4.84323,6.29959
4.2363,3.95272,8.12418
5.59705,3.25841,7.9067
3.68265,3.41344,6.64557
4.54598,3.30773,7.60959
2.61937,3.92019,5.18992
4.2109,4.76375,7.17982
3.91883,3.49002,5.876
3.50812,3.08593,5.83133
5.58167,1.54158,6.0795
3.70743,4.45637,7.33812
5.27543,5.46092,7.62406
2.40741,3.44497,4.79228
3.09591,3.28954,6.83688
4.38829,4.38832,4.63733
3.53945,3.74829,7.90431
3.33317,4.91866,6.68379
4.23975,4.38126,8.1495
4.45149,2.40159,4.6855
4.54903,2.13259,8.07768
2.74765,3.96912,6.54314
0.325765,4.86704,4.80608
6.69336,3.6819,8.05216
4.02442,4.59208,5.10299
4.22315,5.01033,7.70695
4.58184,3.05196,7.25953
3.60259,4.65634,6.12667
2.22724,4.94683,6.5652
2.75988,4.70365,6.63437
3.97642,2.76723,5.66111
3.653,3.66825,7.27058
4.25136,2.6868,5.95017
3.93189,2.13679,5.52922
3.47522,4.46068,7.03908
3.67446,5.34787,8.81227
4.74794,3.74483,5.82281
2.77888,4.59088,6.66377
2.30289,4.75806,6.74253
5.37155,3.33227,7.94191
5.19545,3.93531,5.7114
5.402,4.06971,7.5028
3.19247,2.13423,5.92554
2.94045,4.11696,5.2671
4.81241,4.23428,8.7547
3.25193,2.94475,6.31488
4.31616,4.02076,5.85705
3.81555,3.58755,5.90092
3.54877,1.87259,4.68798
3.32482,5.58689,8.48928
5.37461,4.13848,8.02073
5.10674,4.1833,7.96396
4.68692,5.09604,6.57554
2.9488,5.19977,7.11173
3.1923,3.65465,4.65425
3.27027,6.05056,6.43651
5.85975,2.36477,6.78687
3.28842,3.62536,6.05336
3.42768,4.40929,7.85709
3.18748,4.08639,5.06128
4.97009,4.39677,6.20752
3.69206,4.26658,7.2389
4.13127,5.21623,9.19862
4.84216,3.02456,6.6496
3.21697,4.90869,7.0286
5.11789,3.79007,4.93029
3.13202,3.69824,7.30137
3.20447,3.0578,6.57469
5.86212,3.80857,6.06948
4.8348,3.85959,8.19649
4.11372,4.09692,7.7161
4.10598,3.94941,6.6099
3.53937,4.55398,8.12372
4.97598,4.72414,7.77605
4.45568,5.71621,7.78213
2.81295,3.61241,5.75613
5.21108,4.7025,7.9975
4.74928,3.10186,8.90059
4.63311,4.11628,5.45144
2.64151,3.70255,6.9044
5.24089,5.64065,6.46211
4.31723,3.93612,5.93595
4.53843,4.25773,7.01504
3.64391,3.35601,4.58457
3.75013,3.04377,7.52071
2.92531,3.93068,5.40222
2.85417,6.24414,8.28224
3.81354,4.45803,6.17282
3.65559,3.88686,6.94203
4.21162,4.40736,7.90495
2.81961,6.3383,8.93946
3.90295,3.2822,7.19441
3.91526,6.34344,7.8932
4.69626,5.18546,8.39875
4.19518,2.82603,7.05458
2.47781,5.08074,5.36262
3.96909,4.5518,7.20032
3.8447,2.64755,6.10077
4.76345,4.02267,7.13403
4.03274,4.55768,7.14575
4.10237,6.20931,7.37613
3.79516,5.82985,6.29873
4.76412,3.09777,8.02829
5.5165,4.3573,5.48255
4.13823,5.07524,8.04853
4.92025,3.59199,7.29975
5.16095,3.50381,6.28842
3.26043,2.8902,3.79109
6.58193,3.39116,7.0031
5.52261,4.61366,9.18167
2.67043,4.3189,6.79059
4.65637,4.48494,7.09406
5.00368,3.90561,7.59076
3.63349,3.7582,6.23065
3.02589,5.02,5.2934
5.85996,3.82479,7.08129
3.23349,2.56882,4.04351
4.10968,2.20953,6.46042
3.85147,4.36769,6.75538
3.18859,5.85339,7.56857
3.92933,3.75105,6.23373
2.41245,4.0785,7.1866
5.70244,5.20266,8.2711
3.32196,3.7548,5.65583
3.10808,4.77221,6.83196
3.29042,1.48455,6.26103
2.5472,5.40407,7.72815
4.26884,4.73675,7.26041
2.0745,3.30701,7.0942
2.57537,3.0855,4.96835
6.42995,3.01599,4.6615
4.07715,3.89915,6.70462
4.46121,4.9921,8.13782
2.83578,2.19069,7.12436
4.32852,4.32094,8.41266
2.47484,2.10233,6.35733
5.27816,3.14025,6.56204
3.03712,4.82229,6.28868
1.85475,4.10041,6.57608
4.39934,2.33834,5.91089
4.95019,3.88839,9.14812
5.53692,4.66886,8.70808
5.04906,3.27668,7.14817
2.8806,3.92688,6.17968
5.10095,2.63975,6.12863
4.04355,4.15013,5.94449
1.89639,5.81466,6.33821
2.25732,2.39459,4.20561
4.50184,3.32486,8.23685
4.67973,2.86219,5.09666
3.28706,3.30343,5.63394
4.68106,3.77699,5.09664
4.69063,2.91341,6.7224
4.21919,3.64094,6.3699
5.31697,3.31786,6.80449
5.45394,2.95774,8.61368
3.6273,5.96807,7.10062
5.16707,3.87146,7.53504
2.83638,5.39411,6.52749
7.05823,5.12748,8.16285
4.48159,4.28727,6.53723
3.34303,3.9949,6.04666
3.76614,3.63554,5.42186
4.51626,4.97733,7.96111
4.8996,4.01481,5.5953
4.7877,3.77238,8.08073
4.72794,6.34342,8.95198
3.99569,5.30691,6.63573
2.94124,3.27487,6.84337
4.44946,3.46686,6.62629
1.78371,4.01302,4.35229
3.32292,4.2934,8.40889
3.63009,3.77067,6.48557
3.68283,2.91344,7.88819
4.73625,5.18953,7.9808
4.32208,4.09131,7.03072
4.64558,4.00298,6.2571
3.50518,2.82638,5.80967
4.07455,4.08174,5.54035
3.72443,3.42562,6.22799
3.94692,3.5977,5.74957
5.41696,4.08991,8.56985
3.11636,4.01406,5.78564
4.84961,3.9325,6.19709
3.95837,2.41402,5.99453
5.16294,2.86826,6.81642
3.82959,3.41407,6.2611
6.07316,2.93289,8.54677
4.68473,1.82114,6.54695
4.29087,3.43332,5.47298
3.18516,2.31081,5.74621
2.88066,3.79596,5.63251
4.21226,4.32016,6.83565
4.28602,4.6037,6.80501
1.94004,5.76408,7.71114
3.34269,3.1206,3.66673
3.86661,4.31543,5.9733
2.82916,3.65626,6.73389
1.90849,5.07252,5.69519
3.57305,3.60147,8.00131
4.90559,3.6165,6.94638
3.23343,2.26931,5.87804
3.76967,3.11375,6.04173
5.60698,3.80485,7.08853
4.22632,3.47494,7.4061
3.30192,3.37853,5.69646
2.94631,3.95465,7.59789
4.0442,2.81226,5.38171
3.02301,3.93621,5.42065
4.27081,3.71991,7.39098
4.46619,3.41683,4.88363
2.96337,3.98471,6.62002
5.76521,4.27926,6.73745
5.14547,4.17064,5.90529
3.39377,2.17854,5.14395
4.89748,3.07501,8.43361
3.94697,3.81203,8.05127
4.00694,2.38329,6.78575
5.13187,2.4053,8.34447
2.38723,4.01425,5.96838
2.73945,4.5429,8.88745
2.84416,4.13211,6.59735
4.74121,4.23209,6.97808
4.17231,2.9057,3.08576
3.84591,2.44067,5.24986
2.05327,5.16802,6.84793
2.50786,4.02901,6.95491
4.36978,4.88952,8.37429
2.45463,4.65732,7.96971
4.82066,3.36605,9.01277
3.66807,3.87347,7.46278
5.81651,4.82114,8.49819
3.94112,3.51656,7.71597
3.73518,3.68168,7.47364
3.72575,4.86001,8.44063
2.98184,4.51044,6.14865
6.44963,6.46807,8.57038
4.3851,2.02751,4.80486
2.22843,5.71024,7.95334
3.3215,4.01488,5.51655
4.31797,5.35824,9.25296
1.84923,3.18838,4.39665
5.25489,3.99288,7.06898
3.27042,3.55873,4.76931
3.09549,3.44653,4.8643
2.80951,4.84299,6.02545
4.77885,3.51906,7.50661
2.61523,3.95112,5.25188
3.37323,3.19922,5.14505
6.14233,2.61639,8.76146
3.63805,3.97182,6.16224
3.11719,2.69983,6.97687
3.9201,4.86671,6.16511
4.27788,2.92454,6.43761
1.63526,3.78644,5.62361
4.44322,5.39571,7.36177
4.9304,3.43985,7.92834
2.44204,4.19074,6.02547
5.48549,3.14416,7.06466
2.55331,4.80806,6.14195
2.46587,2.57896,4.77515
5.99484,6.6185,9.04529
5.87402,4.85696,8.49483
3.33043,3.49399,6.17653
3.67877,5.43757,6.37984
2.81682,4.25366,5.01129
3.46459,4.22487,7.95019
3.80212,4.03172,7.89062
3.39867,3.96336,7.26567
2.94079,1.35899,5.19953
5.5603,4.19509,6.85678
3.83928,2.74931,5.13599
3.12063,2.89591,5.93729
3.43009,2.42625,5.93638
4.10514,3.33807,5.72056
3.14458,4.13384,6.3541
5.54573,3.95687,6.55582
4.39894,4.38413,5.67116
4.87272,2.70967,5.53579
3.80789,3.79986,6.06644
5.31459,1.93836,6.88059
6.338,4.06611,8.37041
4.0682,4.68646,7.67238
3.30931,3.40946,6.43452
1.39162,3.45649,6.40712
2.61487,4.81478,6.4361
4.90087,4.31111,8.62911
3.04054,2.46992,6.10179
4.94967,5.17391,6.28968
6.07271,2.52845,6.47152
5.35092,3.11787,5.3922
6.28154,3.76728,9.68194
4.62863,4.2973,8.22646
4.02721,3.03405,5.27393
5.37636,2.25383,8.27575
5.48747,3.56736,7.24147
4.51777,5.0084,9.28802
3.48638,5.41391,5.72861
2.05122,5.3865,7.29002
2.59953,5.91607,6.28594
2.24371,4.08568,3.55107
4.86719,4.2363,7.78583
3.79873,2.57593,7.79008
5.27886,4.19286,7.70547
0.891593,6.19531,5.82193
3.24268,3.16758,4.46391
3.27908,4.64315,7.14977
5.48151,5.76834,9.57714
3.39545,4.15163,6.28819
2.53135,3.19064,6.06691
3.40484,4.67086,6.18786
2.65412,3.64286,7.16319
3.84923,3.69005,7.70381
5.64195,4.67221,9.42395
3.2901,4.65163,8.4118
2.90743,4.09673,5.91876
3.0015,2.51331,5.05043
3.58101,3.16313,7.04079
4.23421,4.64675,9.28711
3.98531,5.07573,6.2457
2.96247,6.11978,6.22138
4.34976,4.32834,7.26921
4.16893,2.71163,6.02913
3.88671,3.36537,7.03412
2.13883,4.73303,7.13017
2.2707,4.66075,6.28488
3.70004,3.33037,7.56464
3.52957,3.52817,5.34809
4.88297,4.28788,7.73822
4.51266,4.49685,8.3895
4.17929,5.07285,5.96738
4.21829,4.26479,6.03718
4.11211,5.08559,5.70793
4.03068,2.71154,4.92636
4.05585,3.5445,7.54736
0.831498,4.08515,4.92375
5.99871,5.81616,6.79298
3.3773,4.7696,8.39147
3.57428,3.30693,7.79796
