3
5.6185,2.41147,23.4786
3.9318,4.02669,20.1007
2.51909,3.65565,16.3748
4.24712,3.61025,20.1065
4.19181,4.21547,21.3251
5.20951,4.56768,25.9819
6.48838,3.71084,27.3683
3.84404,1.79722,15.2791
3.88863,2.86618,17.1439
2.86892,4.31198,18.2205
3.78207,4.8968,22.6243
5.7926,3.51683,25.4135
6.21755,6.01505,33.7619
4.65947,3.32633,19.5999
4.48436,5.30635,24.3413
3.32486,5.38867,22.1318
4.38973,5.64628,25.2021
2.85036,3.50888,16.2037
6.1433,3.98588,29.9012
4.25271,4.20047,19.107
3.68969,4.03965,20.0902
4.34187,3.14305,17.8103
2.61999,3.77782,18.8609
2.89638,5.92072,21.6758
4.6428,5.27905,23.9109
5.51123,4.18036,26.841
3.4532,4.38187,20.9651
3.27149,5.29783,21.3448
3.89109,3.6415,19.6528
3.31431,2.91283,15.8615
4.24148,3.86646,20.4596
3.63678,4.20904,19.7635
5.35219,5.16393,27.3744
3.63323,5.7717,22.616
2.79536,4.5458,18.2853
5.76709,2.71724,23.7651
3.56356,3.79574,18.4038
3.37743,4.67307,21.9676
3.23024,4.47643,17.6867
3.48785,4.37134,17.9358
5.33107,3.9147,25.3772
4.77091,1.41527,17.5944
4.30475,3.3087,21.197
4.79736,3.71992,21.309
5.93733,2.52104,23.5601
4.09084,3.54465,19.5865
3.00941,3.31489,15.2823
5.54416,4.76036,29.1404
3.40612,4.81595,19.7548
4.45252,3.3063,19.7724
5.07747,3.70144,23.5506
2.63152,4.84328,19.1477
4.04582,3.89239,20.1516
3.96634,5.09049,22.3888
2.82,5.01788,19.1043
2.58966,3.82428,15.0434
2.70023,4.0221,18.0792
4.31829,4.11106,21.2136
3.39015,4.03215,18.1632
4.15733,4.45639,21.2702
2.04015,2.61832,11.6642
2.93587,3.93679,17.1714
4.33511,3.83385,21.0817
3.26242,4.50819,18.4123
4.31088,4.55635,23.3354
3.5194,4.05632,20.3102
4.41214,5.59112,27.1443
2.72316,2.25659,13.8912
4.50935,4.44543,23.4033
4.88469,5.76062,28.5009
3.38456,5.71898,23.0812
3.80095,3.59075,18.4384
5.70156,4.72028,27.5866
5.00454,6.24649,29.3921
3.34586,5.23948,21.2291
5.06606,3.97603,26.0658
3.28545,4.51748,19.4098
5.64697,2.91081,22.9214
3.97137,4.43281,21.9024
4.64551,4.77112,22.8459
4.74515,2.84997,19.4706
4.36382,5.9969,25.9968
5.65661,3.27057,23.8918
3.37775,3.47737,17.1069
3.06937,4.71115,16.3213
5.44612,2.88652,22.681
1.65458,3.55446,14.6991
2.46766,3.81923,15.9177
3.61482,2.75831,15.2804
2.47254,2.57915,11.407
3.81217,6.04519,26.5489
2.89893,4.57944,19.5169
4.48464,3.37587,20.1502
3.912,4.15716,21.5357
3.3143,5.15823,22.0025
4.92728,4.55318,24.5879
3.98277,4.11156,20.9447
3.64039,2.28501,15.0891
4.05634,3.50878,18.6535
6.68842,3.7375,29.5982
4.93255,3.22516,20.3476
4.05885,2.77813,16.0414
3.60722,1.92931,14.973
4.35007,3.26844,18.1546
2.98153,4.22184,19.3403
3.93337,5.66032,22.3451
4.28898,2.50889,18.1203
4.91772,3.43965,21.0904
5.52995,2.83146,22.3583
5.49783,5.55097,28.5523
4.56771,4.8013,24.8305
4.6272,1.95531,17.6628
4.80664,2.92841,21.7842
4.53889,3.16504,19.0266
4.34109,3.42123,20.2303
3.71266,4.94158,21.1631
3.70537,3.8633,20.2622
4.29279,2.75651,17.5747
3.68016,4.91148,21.4629
5.23821,4.80193,27.4561
4.66312,4.17001,22.9344
3.81618,2.14377,15.9039
3.25029,4.69809,20.7999
4.56442,2.50339,18.3249
4.30372,4.07415,20.5148
3.39465,6.04354,22.3291
5.29014,4.30635,25.8703
2.91315,3.50078,14.9229
4.17718,3.35648,20.5664
3.02892,4.68321,18.8023
4.83599,4.46315,23.9856
2.34745,4.98131,16.6108
3.21098,3.41373,16.5032
5.43607,4.2172,24.1137
4.05783,2.82989,16.6287
6.43261,2.73824,27.0084
3.81526,5.16951,24.1432
4.51456,3.94021,21.9202
3.87295,4.278,20.2005
3.86862,4.1694,20.6433
4.99095,4.36211,25.2042
1.60099,4.53019,16.8313
1.52255,4.69661,18.3368
3.83455,4.08421,20.4584
3.7152,6.0184,24.7518
4.60183,3.11654,19.6166
3.30503,4.02942,17.0881
5.3172,2.26965,21.2451
3.72982,3.53722,18.9248
5.98164,1.98955,23.6791
5.38245,4.83859,28.1884
4.28873,4.94245,22.5408
4.42577,4.19466,21.9126
4.23225,5.73714,27.5377
4.06262,4.65814,21.5552
3.54643,3.05275,16.6517
4.6819,3.37088,20.6453
3.17595,4.97034,20.7231
3.94544,5.26854,24.045
2.859,4.4828,16.4385
3.63818,6.3154,24.0365
3.95979,4.90454,23.2775
3.31647,5.32003,20.2787
2.74881,3.60005,15.7913
4.49237,3.47578,20.7268
5.16828,2.70493,21.0434
4.70327,4.47739,24.1555
3.2297,5.53976,22.2344
5.21635,2.76271,21.9918
4.09489,4.71763,22.3195
2.9191,2.88591,15.4108
3.92368,4.59288,22.4524
2.32793,3.13464,13.508
1.15136,5.60186,18.8253
1.72013,2.64608,12.4879
4.9282,5.0008,26.84
3.18912,3.47523,16.3185
3.16623,3.10214,15.8382
5.58065,4.71099,28.2564
2.70192,3.74738,14.6821
4.20014,5.12163,22.7572
3.82789,5.12755,22.0736
5.18563,4.33551,23.3575
4.2228,3.45556,21.6688
4.22796,3.7663,19.0944
3.79835,5.01992,22.6486
3.37723,3.44638,18.1339
4.08257,4.30288,22.7345
4.98039,3.20868,20.0586
2.51858,4.83834,17.3857
4.16478,5.8976,25.3652
1.04741,3.96945,13.5223
5.42753,3.89502,25.1922
2.54114,3.93175,14.6178
6.17102,4.15702,28.4454
4.42402,3.39511,21.181
2.88407,4.53221,18.8074
5.36081,4.32405,28.3718
4.52514,3.67986,21.4865
2.73844,5.62956,20.6761
4.4792,5.23009,24.6554
3.64242,4.56817,18.7976
2.51869,4.52041,16.5902
4.3999,3.80442,19.4482
3.61033,5.13395,22.0622
3.88346,2.78045,16.3191
4.57937,4.6823,24.7709
4.56623,5.29924,25.957
3.79451,4.54672,21.5369
3.50677,3.65211,18.4737
5.2103,4.71422,25.7751
3.55743,2.66902,17.9907
3.74009,3.07266,17.1113
3.10953,4.36389,18.2774
3.11221,3.89252,16.4028
2.76119,2.8209,16.4151
4.44564,3.62917,22.55
5.02277,5.04983,26.4266
4.16305,4.48789,21.178
3.14333,6.34017,25.9972
3.92374,4.04183,18.2725
3.96156,4.65261,22.6647
2.10979,5.24228,18.4356
2.34398,3.48207,14.8563
4.62834,2.31939,19.4316
2.73483,3.96248,17.9983
3.68548,3.90193,19.0063
4.64098,2.71031,19.7026
4.13281,4.89477,22.757
3.30323,3.93684,19.4681
5.04821,4.16973,24.9641
3.27858,3.80073,18.0245
5.59572,4.44623,26.7323
4.10634,5.32633,23.2808
5.43897,2.13636,20.5453
3.83318,3.03987,17.3927
3.89863,2.4607,18.0884
5.07344,5.14722,27.6994
3.63247,3.74855,17.0059
4.84006,4.28495,21.2915
5.29425,2.57981,21.3622
4.19116,4.64368,21.8835
5.00908,4.39395,23.9301
3.99724,2.8257,17.318
5.42096,3.75854,24.6547
4.14731,3.50079,20.7446
3.75648,4.99226,23.0962
2.48139,3.4796,14.3373
3.34593,2.01814,12.9474
3.41054,4.51303,20.7556
3.72499,2.70483,14.5189
4.7712,5.4614,27.4152
4.76102,3.71913,21.4583
3.18145,4.04609,18.8854
3.26912,4.20079,17.8484
3.52383,3.3537,17.4011
4.59481,3.67959,20.8527
3.96773,4.43617,21.5388
2.38622,2.9451,12.0827
5.76331,3.59273,24.4386
3.2738,3.15907,15.6781
4.61648,5.16615,25.4923
4.23463,4.298,20.6258
3.20533,2.21536,12.8971
3.3303,3.09134,16.1626
5.30682,3.43832,22.0785
4.42662,4.44613,22.2532
2.15425,3.23097,15.6402
2.89152,4.12147,18.0961
4.10734,3.18475,18.9399
3.1417,4.24769,18.4436
2.51932,2.92809,14.4391
4.34944,4.47481,21.3151
2.82475,5.6395,21.2905
3.65137,3.05285,15.5794
2.97591,2.79713,14.6031
4.56496,3.78017,21.0643
2.31309,3.89223,16.326
4.39105,3.68547,20.3695
5.59619,2.571,20.77
5.07962,5.10723,26.768
4.33493,3.33989,19.209
5.81711,3.56462,24.6659
4.74493,4.2217,23.3738
4.3278,3.35148,20.9335
5.03809,3.75201,23.5054
4.3435,4.78428,24.744
3.84456,4.26342,20.5793
2.54541,3.80685,15.4984
4.98982,3.68444,24.9889
6.25474,5.14428,32.7121
4.27792,3.15142,17.2736
4.08066,3.13504,16.9841
4.58956,1.5634,14.9028
3.77208,3.60241,17.1653
4.48915,4.60635,22.76
4.50057,4.78056,24.1642
4.46714,5.02809,25.3941
4.39161,4.6028,22.9155
4.29461,3.81805,20.4643
4.09414,4.38293,21.7079
2.92271,4.16218,17.5193
3.86305,5.01664,23.0622
3.46633,2.60125,15.6458
4.53293,4.03178,22.041
4.215,4.16646,21.3117
4.80686,2.58218,20.5724
3.77963,2.65653,16.7577
3.0558,3.12805,16.3479
4.20343,6.26418,26.6497
4.16488,4.25674,21.6146
3.64296,2.54769,16.6266
3.00886,2.69122,13.2581
3.03695,3.13955,16.245
3.23421,6.8649,26.7273
4.18232,3.71989,19.6274
3.17294,5.06797,20.8327
5.96871,5.80709,32.5369
3.94941,5.04965,24.4847
3.71276,2.72552,16.3377
3.45868,3.55323,18.1506
5.9206,3.57347,27.6714
5.29142,5.99387,30.1088
4.21008,4.05888,20.1106
3.47936,3.03242,15.7994
2.87385,2.84252,14.0345
4.47904,5.08599,23.3622
3.07585,4.34971,17.8611
4.13577,3.08544,19.1762
3.93513,3.49073,18.1614
3.29641,4.49834,19.5841
3.42898,3.51688,17.5927
3.61567,5.0331,23.4226
3.83363,4.43053,20.7958
5.33092,4.53374,25.5251
2.54498,4.71979,18.6915
4.88197,3.47717,21.5489
5.39326,3.05836,22.2619
2.50939,3.67573,16.8782
2.88931,3.54229,15.7033
3.78598,4.2132,19.9531
2.0022,4.41613,18.4285
3.84129,2.4788,16.2407
4.73008,5.29188,25.4093
3.55724,4.48778,19.468
5.27403,3.36929,23.2366
6.49645,2.69313,28.1161
3.00033,5.70719,19.6021
5.99221,3.85495,27.8938
5.28497,4.9667,24.9111
3.98936,2.87591,16.2062
2.319,5.0218,18.3573
3.13942,4.17729,19.0625
4.35583,3.9799,22.0625
6.55694,4.86602,30.3377
4.99314,4.23599,23.7925
3.51463,4.01732,17.9988
4.89012,3.75622,22.7923
4.07365,4.17922,20.9691
2.65171,3.3981,17.0264
3.86429,4.11835,20.3543
2.93073,5.09363,21.2721
3.37856,4.15209,19.3255
4.74951,3.75072,24.2354
4.061,2.65904,16.0724
3.27846,4.55975,19.826
4.80802,4.57895,24.7406
4.97084,3.67024,22.7638
5.63684,4.87112,28.4505
3.22477,3.27435,15.5401
5.09925,3.3255,23.8608
1.68989,1.79125,9.55618
4.24266,3.49025,17.1629
3.93205,3.85406,19.4535
2.44478,2.01618,11.9048
5.06714,4.13011,24.3211
5.21061,3.32007,23.1605
3.06103,4.8375,21.5434
4.30743,4.8044,21.9325
2.67714,3.88944,15.8149
4.54999,4.30309,21.2721
4.7901,4.52334,25.9192
5.49062,5.50597,30.434
4.29568,3.66824,19.3672
7.16064,3.06965,30.7083
3.1201,4.35765,16.7325
3.68858,4.84251,22.229
2.47163,3.06603,14.5292
4.24961,2.07589,15.1064
3.79428,4.24579,19.8047
4.13844,3.07658,17.7407
3.64872,5.03031,21.2804
4.39143,5.02697,24.1051
3.69979,5.96611,25.1477
7.02165,3.99067,30.7827
4.34575,5.21068,23.0432
3.69425,4.64813,21.2861
6.62042,4.43056,30.7761
4.48405,4.10744,23.067
4.12785,4.18498,21.5202
4.41936,2.84974,17.6045
4.49633,3.48129,19.6092
3.10702,5.27373,20.593
4.9068,2.44449,20.4653
4.13267,5.6504,25.4315
4.52199,4.6221,23.3719
5.92718,5.02299,29.5246
4.6593,5.14111,25.3649
5.09548,4.73818,27.1956
4.34303,3.39457,19.5126
4.73953,2.91397,20.327
4.24668,3.96072,20.4792
4.90825,3.61338,22.9416
3.80622,4.67063,22.1494
3.63547,5.16908,22.9573
3.0553,5.16979,21.2305
4.99471,5.31069,28.1497
3.67364,4.80351,20.2987
3.42716,5.47863,22.2973
1.10944,5.01329,16.0944
3.22413,4.35347,19.5388
1.15624,3.31482,12.4536
5.58634,5.2854,29.8017
4.71406,5.02793,26.3974
4.92017,5.51999,25.8544
3.17154,1.9814,13.642
5.26121,3.02196,20.3293
3.48006,1.88315,15.7966
4.08084,2.37152,16.4031
3.62726,4.91211,20.8981
4.96014,2.77994,21.5316
2.54458,4.59539,17.3315
4.15935,5.09862,23.5223
3.73764,2.85326,16.5982
4.98036,3.73618,20.2691
5.47605,2.9001,22.7827
5.48371,3.08891,22.2968
3.51676,4.32414,18.5826
4.03642,2.56633,17.1576
4.10565,4.63052,22.1629
6.46097,3.80385,26.8086
5.83096,3.56589,26.5619
2.38838,1.93543,10.3409
4.36339,3.85202,20.3462
3.67884,5.98654,24.0904
5.12331,2.409,20.0997
3.70428,3.08981,16.6028
4.77625,3.52026,21.2199
5.21184,4.43167,24.5482
5.59981,3.65072,25.1818
3.40073,5.65357,21.5899
4.13388,4.66298,21.554
3.76231,3.79292,20.1037
3.66937,4.31112,20.4158
3.1379,4.40262,17.7499
4.49304,3.56158,21.4858
5.07295,5.34822,27.7879
3.95961,2.84565,15.4756
5.2628,3.51559,21.5878
5.43923,2.88689,22.0202
2.44157,4.99644,18.83
4.63085,5.3718,26.0386
5.27383,4.11398,26.1953
3.9281,3.5823,20.0024
3.75901,3.91677,19.491
4.75877,3.70655,22.6452
3.8754,4.59245,20.7492
3.24808,3.80362,17.0984
4.54246,2.61211,19.5873
3.3993,4.32993,18.9109
3.14219,2.49482,11.4134
4.35875,2.58714,17.7848
5.07126,1.55108,17.9691
5.07149,6.03505,29.9755
2.50971,3.42491,13.0691
5.89682,5.59925,30.2284
4.34102,2.51444,18.8651
4.00904,4.90995,22.0633
4.23912,4.75563,20.8106
4.42037,3.7626,21.893
4.13971,3.64578,20.5207
3.03253,4.29323,17.0264
4.88732,4.98156,26.5478
5.60205,4.09831,21.9747
5.02546,4.06302,22.8523
3.52476,3.48776,16.5941
5.03311,4.7074,27.1077
4.74937,5.7106,26.8255
2.62514,2.86907,14.0046
3.83507,4.25698,19.8303
2.8913,4.02586,17.3279
3.37856,4.2676,19.2849
3.38288,3.90678,17.4843
4.88286,4.68694,23.8955
1.91833,3.35608,14.1513
2.47573,3.39878,15.6837
4.49298,2.1759,16.6188
2.90115,4.2236,18.0758
5.53938,4.30314,25.5973
2.85873,4.15118,20.8221
2.06597,3.93722,16.8017
2.73353,4.92024,17.168
4.60852,3.26591,21.9201
3.6636,6.39876,26.4742
4.20195,3.26233,20.2226
4.01553,4.52542,23.407
2.46385,2.42286,11.3326
4.7422,5.43568,27.7458
4.50055,6.33177,29.5608
4.23459,5.71012,25.1323
5.43643,4.69841,26.2863
4.66164,3.0929,19.3109
2.36547,3.41349,14.9226
4.81294,4.12699,23.4135
1.81309,4.80334,16.1367
3.31435,3.13563,15.2275
2.34976,2.36226,12.495
4.87254,3.19297,19.8861
3.65896,3.01633,17.805
4.57844,3.60022,20.8311
4.37244,4.1373,22.4591
3.63376,2.60052,14.9951
3.44896,4.48264,21.7672
3.66933,4.12646,20.7493
4.67977,2.53493,18.4824
1.9804,2.76786,11.7186
4.34649,3.47831,21.7188
2.98298,4.4581,19.6263
3.09796,4.86348,20.0589
4.33711,3.90222,21.2451
2.62741,3.88863,16.1008
3.31793,4.88204,21.2986
6.01434,5.23628,30.2983
3.39648,5.08939,20.6487
4.37021,4.42605,24.2452
4.62756,4.02543,19.7657
2.4174,3.60647,13.438
3.19899,4.62683,20.1804
2.63371,5.59997,21.0809
4.56196,4.96447,24.5168
6.03769,3.35665,27.8501
3.30473,2.15431,13.3918
5.13773,5.0145,26.6957
4.1057,2.75271,18.6108
4.63741,5.61554,28.7753
2.73362,3.7295,16.0154
3.3866,3.35724,18.2644
3.87163,5.01824,23.1183
4.31184,3.97922,21.8426
3.28765,4.32556,18.9929
3.08925,3.33707,15.7198
4.34077,4.89008,23.457
4.21779,4.09646,23.3189
2.97988,2.92696,15.5081
6.28775,3.53199,27.4898
3.82545,3.57729,17.876
5.49172,2.88331,23.3973
2.01317,2.98079,12.767
2.93546,2.09546,13.5594
3.27208,4.03498,18.443
4.79105,3.60196,22.5735
4.39746,3.96196,21.0389
4.16629,4.18277,20.4622
3.02097,4.33841,20.1946
4.58973,2.79475,19.5718
4.22513,3.73803,18.0633
4.32368,4.40994,23.7923
1.93426,4.96474,18.4272
3.25149,3.41832,16.9293
4.80377,4.85606,25.0225
4.05179,3.70339,18.4144
3.05891,4.88527,22.6316
4.7491,4.31165,24.6259
4.48626,4.99563,25.7527
2.16201,3.95128,16.008
3.85412,4.13959,18.4888
3.88011,4.83518,21.8242
1.63196,5.33402,17.7074
4.05324,5.83922,24.9945
5.06784,6.41563,30.7429
4.24119,3.88049,20.7827
4.15333,3.0596,18.3739
4.94499,3.90037,23.9194
4.31535,2.06749,17.2459
5.32524,3.76203,24.0264
3.53461,4.25387,17.815
3.50215,3.76595,20.1114
4.95386,4.77974,24.7917
4.10231,4.58685,21.4057
4.7896,4.42519,24.1524
3.76513,3.31781,18.2113
3.61125,4.08017,19.2577
5.46343,3.3266,24.874
3.99496,3.43386,17.1726
4.44556,3.97914,20.1793
3.46842,4.58398,21.3924
4.97498,3.55028,24.9894
4.85343,4.3305,22.6706
4.70632,2.53875,19.8319
3.92425,3.08924,15.3818
4.75313,5.4498,25.7794
3.45823,3.49594,15.4891
5.04047,5.29489,28.2771
4.07584,2.4249,15.9451
3.88211,5.03714,21.3337
4.91772,4.18474,25.1749
2.76228,5.13462,21.8719
4.60828,3.42948,21.4964
5.20372,5.31101,26.7282
3.61695,1.50195,12.8058
3.1225,5.40472,22.3743
4.22881,4.3754,21.5439
4.44246,3.40629,20.1113
5.47386,5.62239,28.8469
5.22718,1.51238,17.6876
5.07815,4.40007,25.87
3.97083,2.89197,17.1744
3.78313,4.02324,18.0306
4.45619,4.89703,23.7046
4.11141,4.79948,24.8972
2.81093,3.09099,14.4305
2.73857,3.16332,14.2925
1.3127,4.40811,14.3631
5.32328,3.37843,22.5908
2.90182,4.20175,16.4125
2.37971,3.52569,14.5488
4.21301,4.46373,19.9657
4.49874,2.93159,18.2263
5.6337,4.98809,28.368
4.24396,3.83282,21.4947
5.01792,4.11521,22.7672
5.63611,4.30895,28.3238
5.06958,2.99309,22.3232
4.38733,5.1941,24.6806
0.861768,3.94075,13.567
3.62015,3.70761,18.7446
3.77316,2.65594,17.117
1.94254,5.81883,19.2836
4.07924,4.20156,21.6562
4.25029,4.33143,21.881
4.98782,4.04538,23.2232
4.07467,3.53853,19.8555
3.96595,2.54257,15.6256
2.78897,3.97047,16.875
5.59337,4.40962,26.396
5.5861,3.38278,25.6235
4.16593,3.96394,19.5815
3.09158,4.18178,17.8205
5.02488,4.68502,24.9868
6.30636,4.56716,29.5658
5.08316,5.20288,27.4809
2.83794,4.04786,17.3502
4.01731,3.75162,19.7711
5.65444,5.206,29.9566
3.1282,4.5153,19.653
4.68581,3.70974,21.6437
4.26769,3.90015,20.5813
4.30879,4.04285,21.9225
5.20126,4.4167,25.1543
2.49501,3.72153,16.2262
4.76394,3.28051,21.4859
4.37574,5.01189,23.89
2.86685,5.05005,18.9678
6.12231,3.94099,27.3275
4.27125,2.8721,19.0707
5.17397,4.32691,25.1851
4.58911,3.69976,20.6549
4.11149,3.03256,17.8454
2.61004,3.2274,16.2419
3.44496,3.48803,17.5467
5.47686,5.10908,26.4276
4.97939,5.31221,26.0933
4.53646,4.59462,23.6922
4.29157,3.50279,19.6101
3.19379,2.74363,13.9448
4.50007,3.47905,20.1085
4.10875,3.78813,19.9442
4.41029,3.06202,18.9798
2.89186,5.23301,19.3484
4.02105,3.74623,19.3423
3.72915,3.72866,17.9538
4.96485,4.2769,25.159
6.39224,4.65235,31.7234
3.92599,4.64638,21.0552
5.0997,3.86163,22.7504
4.26165,3.56513,19.3933
4.75619,1.97844,17.5884
4.36437,3.57964,21.3103
3.64125,4.71522,19.6587
4.10724,3.71862,20.9779
2.43468,3.55811,14.5339
4.76341,5.2171,25.726
5.09347,3.89746,22.4474
4.72453,3.8072,21.8805
5.03567,2.91583,21.413
4.38836,4.93457,22.7253
3.48358,2.80104,15.7527
5.14868,5.1848,26.7697
4.53272,3.13428,19.9801
3.44653,4.87261,20.9753
4.19124,3.82776,20.2732
2.82896,0.820048,10.0258
3.20784,3.33372,16.9342
3.4036,3.99909,19.5401
3.12937,4.53608,19.6843
4.83043,3.88747,21.4763
2.79354,4.00723,17.4698
3.19772,3.72193,16.2794
2.72691,3.51753,14.9901
5.0796,3.78348,23.4892
4.82745,4.54103,23.2398
4.22995,3.40391,20.4149
4.48003,4.77198,23.5579
4.02056,5.48416,23.6403
4.30841,5.78797,26.8426
3.92132,3.61342,18.8161
3.6588,2.15788,14.4841
4.0986,4.0832,20.9153
4.83467,3.25308,21.261
3.52562,3.32863,16.9673
2.48682,5.34118,18.6388
4.72776,3.57365,22.1365
3.95186,3.21104,19.5905
3.1995,4.18086,17.4225
3.11772,3.88837,16.3971
4.91515,3.97322,23.0178
4.02029,3.825,19.3335
3.79991,3.30719,17.3867
4.49629,2.63182,19.7602
1.94684,3.11667,13.7913
3.3612,4.18739,18.7968
3.17167,3.60629,15.74
5.52512,4.37461,26.6939
2.89416,2.87721,15.1228
2.41835,4.05539,17.2717
3.92441,3.32234,17.9305
2.14618,5.02017,18.0489
4.7199,4.04722,22.6868
3.65966,3.89491,16.9946
4.55357,3.71274,20.5197
4.14968,5.25704,23.7008
4.0896,2.99274,17.4188
3.59977,4.01563,18.5563
4.2832,3.52343,19.2192
2.75963,4.5843,17.9224
5.30959,4.56185,27.8727
3.60898,3.5141,18.3865
5.20923,4.37277,24.7318
3.77225,4.7585,21.2466
3.90231,3.9043,18.445
4.50537,3.99396,19.2426
5.21584,3.9832,25.6077
3.89916,5.32965,22.2297
3.83273,6.11289,26.1026
4.48589,3.01849,19.8735
5.37807,4.14944,25.6739
3.5622,3.06454,15.0991
2.62852,4.14802,17.8873
5.1179,3.06036,21.2695
3.29457,3.00637,15.7569
4.86633,4.60163,25.7068
4.34602,4.83696,22.8531
4.54329,4.3623,21.3151
4.58688,5.26287,27.8709
3.32691,4.20177,19.0984
4.11443,2.87921,17.7155
2.71358,3.31273,14.7913
4.49973,3.71124,20.5998
4.35803,3.65189,20.5306
2.50183,0.769921,9.62267
5.39723,4.72624,29.2474
2.67742,3.93935,15.805
3.06657,3.93272,18.6933
5.45982,4.18427,26.3503
4.54356,2.44676,17.4802
3.14726,6.07502,23.2444
5.06331,5.03855,27.9885
4.27986,3.1678,19.2329
4.20441,2.61871,18.987
3.46313,3.70958,18.7355
4.27704,2.57976,17.5066
2.37312,4.83616,17.9243
4.00567,4.38438,20.8188
3.73688,4.72831,21.9479
4.24204,2.83961,17.6252
4.70701,5.45884,27.4338
4.18255,4.23325,22.9912
3.23535,3.48393,17.163
5.13355,5.56721,27.6423
3.66957,5.45843,23.9701
2.66616,4.34611,18.5724
4.2667,4.64188,22.3725
2.61038,4.06064,16.9327
4.17386,3.81329,19.2858
4.76025,4.01947,23.1857
3.0559,3.83874,18.1985
4.23333,1.88223,14.9095
3.06537,4.44698,17.8144
5.18571,4.86756,24.8482
5.27933,5.56249,28.0901
5.11323,3.65322,23.8019
5.30842,3.75713,23.4859
3.39248,4.30136,18.999
3.98268,3.71761,18.7361
4.48282,3.43448,19.7081
3.83221,4.72384,21.6338
2.60556,1.57352,11.1333
4.07931,4.93536,22.8989
4.55502,5.01721,22.8331
2.61443,5.11341,20.6927
3.74767,4.72631,22.0239
5.0732,4.89489,25.484
5.15961,5.52166,27.6402
3.90197,3.67203,15.5598
4.30264,3.34309,18.2982
5.54831,2.96195,22.847
4.53304,3.94441,23.1705
2.31851,4.60335,20.5038
2.67614,3.46493,15.4698
4.85631,4.93159,26.9671
4.3248,5.1428,24.0945
4.52368,3.91904,21.4691
4.09472,4.67224,21.964
3.59659,3.55265,17.86
2.65113,4.43835,17.8462
4.46999,3.94317,21.1176
4.07711,4.42931,22.3245
4.3843,3.58878,20.9145
2.4583,5.90603,21.9521
4.25619,4.78893,23.8858
4.57027,4.99306,26.2144
5.42185,2.96943,21.7153
5.91783,4.8124,29.7028
3.46385,4.63102,20.4462
3.34031,3.65633,18.4121
3.01091,4.17977,17.6749
3.90967,3.32434,17.922
4.33367,3.14905,19.0097
2.95643,4.96657,19.4875
5.69274,4.69705,28.8558
4.23516,2.31573,16.8392
3.14077,3.89057,16.878
4.68838,4.2167,22.8456
5.55461,2.70188,21.7991
4.36476,4.57169,21.9225
2.6564,2.82614,12.3599
3.66482,2.85841,17.7353
3.34168,3.73253,18.0596
3.87213,3.67073,18.1726
2.83107,4.70142,20.1588
4.8785,4.06139,23.3275
3.74369,6.89283,26.8076
3.68597,4.45118,22.31
4.8411,4.28905,22.3556
4.57318,4.22511,23.1179
4.10493,2.88557,16.6911
4.9786,3.82456,23.0441
4.74464,4.23706,22.723
5.65133,3.17668,23.9528
1.95008,5.49787,18.518
5.34564,2.75476,21.2446
3.38251,4.85363,22.13
4.6299,4.50679,23.2951
3.90022,4.20806,20.2389
5.15981,3.79757,22.6266
3.32827,3.91653,17.1857
3.38714,4.31009,20.2551
3.82971,3.0068,17.9025
3.91507,2.95644,17.3774
2.29928,4.25661,17.9717
3.57552,2.02797,13.1116
5.5945,4.59917,26.9487
3.36555,3.73175,18.2308
3.90865,5.41118,22.4829
2.38742,3.37653,15.7272
4.43585,5.07702,22.9895
6.064,5.30985,29.278
4.55038,3.91897,21.4332
1.83656,3.75669,14.4311
5.19382,3.86182,24.2963
3.59424,3.99128,18.2662
3.2356,3.29145,17.2369
4.36503,3.34485,19.0731
4.35107,4.88157,23.6948
4.45066,4.02206,20.9741
3.84236,3.69566,20.4031
5.09042,3.48919,21.875
4.56016,4.20352,20.7162
3.06735,3.83007,18.1233
4.12893,3.88581,17.0462
2.91608,3.30431,16.3385
2.88151,4.38173,17.9411
4.335,4.81558,24.244
3.57174,3.43592,18.0856
3.59576,4.42142,20.4157
3.11922,2.5443,14.1912
2.02235,4.50686,15.3671
3.56282,5.0979,21.5061
4.11475,4.28934,21.746
3.12662,5.7506,22.6922
6.14113,4.37083,27.955
4.02551,5.10127,22.0986
2.8262,4.52396,20.0063
2.37555,4.4512,15.8587
3.46577,4.0122,18.713
5.0806,2.86504,21.2844
2.57934,4.8067,18.9744
5.38731,3.05215,23.7097
4.47271,3.52322,21.6513
3.61226,2.78024,16.0665
4.69643,2.26139,18.6785
3.38532,3.08817,15.358
3.98448,5.63199,25.1043
4.27247,3.57644,20.2514
4.4077,3.36913,18.3108
1.58574,2.85133,11.0632
6.13736,5.27305,31.8912
5.21464,4.94484,25.7906
4.07013,4.08133,17.6832
3.40377,4.55778,19.2038
3.64039,4.13441,19.8081
5.02273,3.98099,23.1993
4.78336,3.99276,24.4754
3.45287,2.96692,16.3178
5.02257,4.3058,24.3687
5.60903,4.31272,26.5505
6.43171,5.22343,33.035
1.58846,4.10359,14.5907
5.56104,3.1779,23.8228
3.47734,4.00847,18.8282
2.12642,5.6414,19.111
3.33434,3.67079,17.1336
3.97311,2.60533,17.4026
4.04912,4.93856,23.5783
3.14367,3.86904,15.3643
3.5297,2.91209,18.1591
4.12684,3.72481,21.9773
4.02867,3.47214,18.8313
6.11019,3.82571,27.4905
3.11336,4.53104,19.791
3.32926,3.88089,16.5829
3.60624,3.42659,19.0084
5.90921,5.01167,30.6379
3.55007,5.88012,24.0235
3.81662,3.95764,19.864
5.17251,5.5822,26.8341
3.3673,5.10067,21.9986
3.11795,4.72287,20.2926
3.11629,3.94052,17.0276
2.32439,4.02964,15.7174
3.53968,2.97468,16.8153
6.16622,4.95413,29.9325
4.69016,5.35282,25.578
5.74511,1.74197,20.6032
3.19641,3.23138,17.449
4.13991,4.10304,20.7454
3.60431,5.01837,22.2322
4.30824,3.94385,20.7613
2.88783,5.88215,22.1138
4.56355,3.90113,21.8982
2.63652,4.09543,16.8587
4.26834,3.14955,18.5728
4.46256,2.0202,17.8432
3.76627,3.95899,19.913
3.43702,4.56304,20.4683
4.08999,5.5618,24.2573
3.71192,4.86439,19.5344
4.08943,2.23741,17.8695
5.24985,6.35368,30.2962
5.57504,5.16151,29.2131
2.73575,4.6076,18.2278
1.73873,3.63715,12.8531
3.72845,6.09117,25.2348
3.59267,4.19406,18.6522
3.73514,4.26913,19.0744
3.40629,3.26104,16.5012
4.69513,5.5733,28.2464
2.61658,3.87085,16.0395
4.73432,2.58358,20.3876
2.99267,3.52135,17.1771
3.27061,4.95036,19.9592
3.90763,4.56707,23.7091
4.65718,3.88824,21.2242
3.7598,6.08144,24.2951
3.44037,4.8104,18.8592
5.45738,2.79414,21.7544
4.64625,4.10571,22.4627
4.82596,3.66031,23.4448
3.95762,4.21229,18.6617
3.56896,3.22069,17.5429
3.37725,2.95927,17.9201
4.87237,4.14145,23.9023
3.42468,3.97802,17.2738
4.38675,3.13613,18.4698
4.33648,4.08101,22.0901
2.9793,2.6489,14.7999
5.02909,3.17058,22.8967
3.60235,5.87383,25.1597
4.07882,4.90099,23.7491
3.63504,3.64676,16.3957
