3
5.61306,3.27211,3951.98
3.22276,2.64084,512.191
5.50253,4.13329,3667.53
3.49831,3.1587,684.933
2.984,4.74336,410.349
3.10948,6.79963,499.474
3.12913,4.45141,475.943
4.03632,4.0166,1150.14
4.34289,4.62362,1507.67
4.20072,3.82687,1328.83
4.32881,3.91484,1483.31
5.08342,4.37701,2712.07
4.77754,3.70705,2141.49
3.70943,6.06893,874.313
2.24699,4.52857,170.636
2.06644,4.76344,139.834
4.03874,3.26302,1147.37
3.75653,4.47151,892.049
5.26255,5.07538,3100.38
3.97718,4.85085,1099.05
2.47688,2.01215,211.404
3.72543,3.83579,861.17
3.84467,4.13455,966.852
1.96736,5.20957,129.523
2.49459,4.46685,231.417
1.63402,3.75775,72.2992
2.63897,2.17939,260.656
3.90055,5.79202,1036.26
4.14969,5.8665,1291.62
2.76375,3.395,309.763
3.38094,2.54171,603.773
2.38463,6.82258,236.56
3.96912,6.33485,1112.8
3.86833,5.11778,997.297
4.0395,3.69665,1150.66
7.52233,4.69206,12535.3
4.84825,3.81011,2263.84
3.93328,5.00688,1057.46
4.42748,4.15114,1614.94
3.48241,3.24489,674.116
2.26608,4.10861,170.44
5.72293,3.42332,4261.3
2.79603,4.23955,326.394
4.83816,2.7095,2236.96
2.54522,3.21743,236.473
4.11398,3.84878,1229.82
5.85494,4.8851,4667.74
3.71793,4.67013,860.254
4.00826,4.38038,1123.24
6.39842,4.24133,6592.31
1.98206,2.77493,109.052
3.16654,5.10537,501.852
3.89238,2.30051,998.121
4.90632,3.45119,2364.43
4.39212,2.30001,1556.59
2.70501,4.29826,295.226
4.79805,4.24138,2179.36
5.16067,4.01602,2868.47
4.83958,4.38776,2250.73
5.00879,3.50585,2556.9
2.70753,5.15049,306.174
4.10371,3.86506,1221.35
4.75756,3.0213,2103.06
5.34683,3.32246,3279.85
5.36822,3.9333,3332.91
4.76089,2.88986,2108.16
3.98979,4.13708,1103.76
2.70195,6.21238,318.385
2.88447,4.48865,365.157
4.59579,3.54509,1849.78
3.7413,3.35635,871.938
2.98097,3.3451,395.708
5.71109,4.27593,4234.85
4.88246,3.96364,2323.72
4.09948,2.10028,1204.8
4.68909,4.20252,1999.9
5.79561,1.11716,4468.6
4.76881,3.69429,2127.15
4.28391,4.40873,1432.69
5.33585,4.00209,3257.28
3.99365,4.09446,1106.58
4.48645,4.04798,1695.21
2.9581,5.04157,402.851
3.24271,3.37901,527.605
4.30356,5.42202,1469.25
3.68244,2.72127,820.209
3.54108,1.76319,708.703
4.28702,4.93772,1441.52
4.07853,5.64174,1211.96
2.41819,3.55643,203.597
4.98387,4.35041,2516.9
3.826,3.52795,945.252
4.9127,4.32183,2384.07
4.58984,5.3503,1860.23
4.80522,2.23268,2178.05
4.62147,6.0101,1914.83
1.01049,4.42904,37.1367
4.32153,2.16241,1463.92
4.80874,3.48863,2191.71
4.08342,2.23543,1188.4
4.64347,4.38623,1930
4.6185,3.4363,1883.42
2.6465,4.42098,276.635
3.73718,3.23718,868.322
4.54517,4.94458,1787.72
2.9689,3.59069,393.124
2.96932,5.13223,408.352
3.84589,3.21671,960.734
3.49615,3.43631,684.497
4.81267,4.33251,2204.61
5.36542,3.29697,3323.4
2.84207,4.37984,346.237
4.91691,5.40248,2402.62
4.57646,5.22202,1835.89
3.37262,5.1787,621.294
4.01926,3.46849,1129.16
5.17231,4.11987,2893.76
3.65777,5.41721,823.412
4.95449,5.29509,2470.55
2.51982,2.97215,227.166
4.45338,2.69512,1640.01
4.41161,2.96937,1584.89
4.41741,3.26339,1595.55
6.01417,3.32165,5167.7
2.70475,4.97869,301.168
5.6469,4.27613,4053.03
4.19145,4.47807,1323.34
3.63002,1.4054,775.555
3.67469,3.55658,818.166
4.80409,3.56386,2183.49
5.31831,3.94378,3217.62
5.03225,4.66349,2612.06
3.99542,1.98026,1095.89
4.16248,4.43596,1288.21
3.21025,2.61919,504.042
3.24345,4.31445,534.805
3.31898,3.3953,572.054
4.07245,3.74501,1185.88
4.27746,3.2304,1414.56
4.03731,5.58013,1168.69
5.36127,4.56469,3324.17
4.22116,5.25745,1367.32
4.14417,4.05533,1266.24
3.80561,3.01534,923.885
5.09049,3.7195,2720.92
5.23093,3.47522,3017.32
3.36663,4.56661,609.776
2.94956,3.12797,380.089
3.85735,4.07848,976.32
3.90373,5.34135,1032.94
3.46701,2.80068,661.805
2.79766,3.62437,324.701
5.41442,4.98086,3454.89
3.01429,3.457,410.455
6.03981,2.07248,5247.69
3.52606,4.6746,717.03
3.43811,4.20271,651.249
5.15903,3.96857,2865.14
3.5089,4.54057,703.447
3.81078,2.36661,926.52
3.88126,4.16937,1001.73
4.99407,5.02354,2544.01
6.34897,4.19,6393.31
4.93652,3.17001,2418.13
2.59753,4.29296,259.381
4.34556,3.86657,1504.82
4.44294,3.26712,1627.96
2.97537,5.96514,422.241
4.93856,5.16388,2439.85
3.49142,3.19383,678.742
3.09515,4.16242,456.6
4.51371,3.02708,1727.29
5.66425,3.99153,4098.92
3.95446,3.80478,1065
5.90932,3.80453,4827.99
2.40431,3.65964,200.844
4.80433,6.82225,2226.78
5.14594,1.77184,2826.84
2.97318,3.55634,395.327
2.98123,3.04139,393.805
3.40837,6.33282,661.951
3.46846,4.4427,674.15
4.10261,4.17049,1219.81
3.5436,3.66309,720.158
3.15344,4.20817,484.707
5.35481,4.29194,3306.18
4.72235,4.23485,2052.44
3.7393,4.63049,878.854
4.38604,3.37798,1554.17
3.70621,4.86391,854.078
4.36332,4.94123,1539.66
5.72677,4.39716,4279.54
3.09792,3.4474,452.527
4.66666,0.970123,1948.39
4.49095,2.71965,1691.83
3.16691,4.29343,492.255
3.84994,4.0345,968.028
4.07681,5.15231,1205.4
4.3722,3.91784,1539.93
4.23834,3.99225,1373.37
3.30284,3.05972,558.081
4.50254,3.40977,1712.12
3.84679,3.08454,960.336
3.90475,4.02524,1020.08
3.32749,2.43601,572.755
4.79042,4.45148,2168.49
3.01307,1.61617,404.112
5.06162,3.58003,2661.47
4.22072,3.16856,1347.97
4.28173,2.63328,1416.3
3.31218,4.30695,574.469
2.8969,2.88593,355.98
5.19137,4.14677,2935.32
4.04325,3.32374,1152.04
3.27251,3.24228,544.556
3.96448,4.0373,1075
2.73422,2.62145,293.419
4.72406,4.09407,2053.28
3.72668,4.25664,864.299
3.72581,4.01227,862.286
3.29096,5.68264,577.312
5.00116,4.99341,2555.93
5.61681,5.65693,3985.32
4.6769,3.41365,1974.94
2.9868,4.01238,404.262
4.69602,2.59692,1999.68
3.97634,6.05556,1115.52
2.2277,5.19354,175.722
4.92416,5.26886,2415.26
5.12215,4.80028,2794.02
3.24286,3.89795,530.463
4.9329,3.539,2412.28
3.60213,4.69674,771.969
4.17691,3.73169,1300.26
5.07162,4.52537,2689.07
2.59002,3.38382,249.151
4.60258,4.44855,1868.73
3.57603,3.21878,740.01
5.50064,3.39016,3655.77
4.01392,3.38261,1122.7
3.57553,4.56765,749.574
3.16145,5.14528,499.183
3.83087,3.1032,946
2.6923,3.97662,287.833
3.5529,3.02604,721.643
4.56059,2.08708,1789.73
4.5172,3.79759,1735.07
4.11109,2.298,1218.53
4.84075,1.91063,2240.55
4.70771,4.35581,2030.93
4.78738,3.06312,2154.64
3.47299,3.91676,673.786
4.25639,3.04254,1389.67
2.82318,3.66339,333.012
2.46542,1.72544,207.657
3.36595,4.9594,612.328
3.35125,4.04636,594.796
3.10406,4.86715,466.57
3.71153,4.23125,852.267
4.77034,2.27674,2120.55
2.57273,4.52303,254.437
3.65435,4.42319,809.647
3.62808,4.5418,789.549
5.82683,2.42329,4564.14
3.57326,2.43377,732.886
4.03244,2.33809,1136.3
4.73635,4.12795,2074.2
2.29509,3.27165,172.547
4.52862,4.0433,1755.36
4.18787,3.39852,1310.36
3.87794,4.48041,999.967
5.29852,4.91783,3180.21
2.70034,4.33459,294.816
4.57377,3.81006,1817.43
4.22476,4.07403,1355.81
6.88158,3.42548,8780.49
4.04757,4.35968,1164.39
3.20788,2.63735,504.921
4.02544,3.68324,1135.98
4.31694,3.91763,1467.55
4.64826,3.40057,1929.84
3.62459,4.0112,781.608
3.92713,6.02565,1064.96
4.24716,3.80207,1380.54
2.22168,2.61853,152.007
3.06248,2.71258,430.095
4.62385,5.12901,1907.09
5.1048,2.85551,2743.69
5.14805,3.9644,2841.54
4.08643,4.47465,1207.75
3.98327,6.09309,1122.95
4.37533,5.00833,1553.74
4.79538,4.01637,2173.71
5.54875,2.51039,3777.64
4.99612,3.2245,2529.16
3.21067,3.44223,509.607
2.53787,3.66561,236.296
3.12557,4.13479,472.277
3.97528,3.99391,1085.97
4.78267,4.17258,2153.52
3.92796,4.09762,1041.57
3.76585,4.9627,906.044
4.31387,3.17535,1459.48
4.84188,3.56768,2249.98
3.56197,3.70916,734.466
2.8754,3.3191,350.537
3.09491,3.65889,451.541
3.63706,5.62664,808.759
2.92102,3.90989,373.126
4.23175,4.20557,1366.34
3.45193,5.39552,674.426
2.47364,4.36792,224.366
1.46873,2.69567,50.6052
2.64417,4.28879,274.401
5.29872,4.5759,3177.06
3.06932,5.31191,455.923
5.84609,2.78147,4624.95
4.49494,4.03994,1707.11
2.27404,2.14643,162.922
4.41428,3.53098,1591.32
3.73054,3.58362,864.293
2.36577,4.78281,202.626
3.06777,3.10516,435.297
3.90051,2.90585,1008.3
4.76748,3.048,2118.16
4.92976,4.61732,2417.76
3.38878,3.28972,613.522
3.91128,3.2993,1020.23
5.19263,4.51794,2939.55
3.13006,4.0228,473.03
4.01376,4.32521,1129.57
3.34956,6.39396,624.417
2.88851,3.30923,356.084
2.98884,4.66622,410.124
5.74312,4.25772,4322.7
3.15997,4.09804,487.193
3.97797,4.26411,1093.78
6.10369,4.57339,5486.05
1.92389,3.26364,102.757
4.74098,4.01062,2080.61
3.33602,5.93049,608.579
3.54821,4.0239,725.244
5.02791,3.36832,2592.65
2.37029,2.00323,181.988
4.57057,5.9057,1836.69
3.90879,4.88065,1031.71
6.11858,6.03964,5554.94
5.3503,4.77259,3300.87
3.30524,2.98548,559.998
4.37787,3.93742,1547.83
4.32827,3.71242,1482.17
5.07492,3.23005,2684.42
3.62496,4.25598,785.133
4.81292,3.75515,2199.76
3.40947,5.07244,642.561
5.93482,3.05778,4902.45
4.29631,5.22149,1457.86
3.27186,4.94779,556.407
3.24312,3.24002,527.097
3.88285,4.3899,1003.1
3.57457,3.5584,741.3
3.93137,4.57998,1051.76
4.57259,4.8486,1827.31
6.33939,4.90832,6363.38
2.35783,5.73702,210.11
3.24956,3.60476,532.099
4.99839,2.26188,2530.29
3.00576,4.99042,424.435
4.36922,4.58171,1540.8
3.76486,3.54718,890.727
5.89988,3.2155,4795.62
3.52074,3.37606,702.68
2.49719,4.90675,234.394
4.73636,2.35747,2063.34
5.24555,3.93706,3052.62
4.80373,2.88892,2178.43
3.52257,3.0076,701.273
4.98745,3.79395,2518.12
6.21849,5.2401,5906.26
4.99358,4.28815,2533.8
3.39529,4.30456,626.783
3.59159,4.01368,758.983
4.78967,3.66639,2159.5
4.09437,3.81907,1208.87
3.21372,3.8986,513.785
2.1037,3.00673,130.866
4.8142,3.00828,2198.27
6.07745,4.74483,5393.86
4.60296,2.25119,1853.52
4.47682,4.60574,1684.43
3.6391,3.90118,793.225
2.47222,5.29822,236.603
2.29231,5.15914,189.07
4.07279,3.76879,1186.54
3.32332,2.52497,567.474
6.12809,3.43916,5560.68
3.61339,3.95572,773.816
4.45869,3.37198,1651.53
4.24453,4.88611,1388.96
3.10684,4.45119,464.061
2.03091,4.80059,133.457
5.08602,3.75697,2712.65
4.38867,1.48322,1549.97
3.43296,4.21297,650.254
3.79535,2.34257,911.005
2.61626,4.12709,264.889
4.22177,3.96942,1353.25
4.05133,1.80598,1153.46
5.25654,4.96728,3085.1
2.04951,5.11334,140.505
5.36171,3.39198,3313.76
5.0732,5.36501,2702.46
3.93867,3.35313,1047.92
4.00195,4.51064,1119.61
4.16225,5.17203,1298.19
4.26644,4.15073,1409.37
3.41296,3.28701,627.903
3.38601,3.95572,617.731
5.38862,3.05862,3378.8
4.45323,4.55403,1654
4.02496,4.25859,1141.6
1.40355,2.67382,44.597
3.12293,3.61706,465.52
4.25441,4.39405,1396.9
3.30216,5.91844,588.769
3.84201,3.99544,961.482
5.91117,4.25571,4838.61
4.02705,3.28948,1135.92
3.18435,3.94456,500.681
2.84518,4.08708,343.03
2.63489,4.68335,274.057
5.03302,4.72621,2616.11
4.32425,5.76175,1500.33
5.11539,4.88054,2783.2
2.95035,2.54878,377.859
3.19973,5.1642,519.563
3.97945,5.42071,1107.36
3.65679,3.729,804.47
3.62231,4.63556,787.299
3.02453,3.15278,415.727
3.87788,4.26889,998.429
1.92546,4.66285,115.876
3.62427,3.57827,779.598
4.60055,4.76038,1866.4
3.97813,6.13147,1117.15
3.28401,3.05778,549.944
4.90822,5.07411,2382.45
2.81305,4.44613,335.056
3.86854,3.18565,982.466
5.88155,3.68118,4740.77
4.31696,4.20782,1472.11
4.05303,1.9734,1156.25
3.29646,4.93178,573.352
4.11838,4.66718,1242.54
4.51375,3.35109,1726.81
3.58279,5.11088,763.126
3.94275,3.47885,1051.83
3.42021,2.92684,629.905
3.86049,2.8624,971.093
4.40627,2.12046,1574.19
3.83628,4.7584,963.972
4.69402,5.05927,2016.3
1.61068,5.26194,83.5987
0.949066,4.91163,41.1968
4.60148,3.8576,1861.15
3.28837,4.15357,558.867
2.48554,2.207,215.06
3.24838,4.15858,537.169
4.01912,3.56041,1128.64
3.60095,3.40188,759.504
5.00188,4.6354,2553.13
3.60465,4.6444,772.383
3.31031,3.90357,570.591
5.11205,3.74261,2764.95
6.52618,5.13251,7135.28
3.6378,5.00327,802.407
4.19875,4.75697,1335.22
4.40353,3.70256,1580.14
5.3555,4.30522,3306.08
4.26557,3.77985,1403.6
5.26444,4.54775,3099.68
6.30957,4.1291,6238.97
2.51699,3.91071,232.25
3.28963,3.07826,552.637
2.48273,3.42127,218.479
5.05523,4.91202,2660.94
5.20561,4.80716,2972.73
4.70466,6.5785,2056.79
3.73493,5.12948,882.292
2.86835,3.75408,351.834
3.17415,3.56049,492.934
4.2749,1.74303,1409.17
3.81358,2.79659,929.378
3.35663,1.73767,586.331
3.80593,3.34432,925.528
3.91178,4.96893,1038.15
3.16934,4.76524,498.538
5.34491,5.67955,3297.31
5.30318,3.71739,3179.34
2.87397,3.59789,352.682
3.09331,3.5912,449.724
3.53199,4.98406,723.762
4.00483,4.34105,1120.57
2.71522,3.41127,291.45
5.13112,4.55409,2810.66
4.45484,1.8915,1639.51
3.66325,3.43782,806.299
3.83395,2.98913,948.809
4.31362,6.09367,1491.92
0.566357,4.54106,27.2618
4.10786,2.88049,1217.78
5.31077,4.49866,3204.44
4.61424,3.17202,1874.87
4.45247,3.93853,1645.66
4.02274,2.87459,1129.97
5.14533,2.83319,2827.93
3.14767,6.77114,519.092
4.09874,5.49485,1231.93
4.92614,4.6197,2409.28
1.77452,2.4682,81.4538
5.46946,4.51842,3587.83
2.47107,2.90195,213.615
2.94549,3.16743,379.211
2.53367,4.95371,245.688
2.56469,4.66808,252.767
4.24368,3.0576,1375.54
3.9121,4.43135,1032.74
3.16845,3.63479,490.376
5.09046,2.49526,2712.81
1.97662,3.49381,113.02
3.9402,2.39925,1043.87
3.36317,4.97794,613.219
2.76698,3.54439,309.521
3.90868,4.53289,1031.63
3.93337,4.0243,1046.43
4.82785,2.79321,2220.5
4.3432,4.34858,1505.65
3.55687,2.02085,721.867
3.90845,4.48291,1027.82
4.90665,4.70683,2375.07
3.28624,5.13561,567.389
3.20576,3.76595,510.535
3.06253,4.78584,446.104
3.02426,2.69814,411.398
4.16329,4.32657,1289.17
5.02211,2.99104,2578.45
3.503,3.99534,693.047
5.25828,4.17215,3082.1
4.61284,2.52853,1869.79
2.35512,5.17815,203.904
5.59994,2.23698,3912.07
3.52988,3.04451,706.45
4.2236,2.73343,1349.78
3.159,2.77265,478.617
3.11993,5.07746,478.113
3.39852,3.0621,619.532
4.32573,4.09087,1482.13
5.18582,5.51877,2937.04
2.38251,3.44659,193.849
3.80663,4.02889,931.558
5.08645,3.18587,2706.88
4.39208,5.15152,1578.86
5.23126,4.2624,3023.46
3.81019,3.77024,932.791
6.74401,4.03411,8110.94
4.7727,3.41754,2130.36
2.93911,2.81325,374.89
5.78469,1.98846,4436.29
3.06145,3.0748,430.883
2.85929,2.06832,334.317
1.55326,6.13052,92.5741
3.60972,3.02962,765.636
3.6519,4.75385,809.952
3.98577,2.39429,1088.58
3.57236,3.53102,738.486
5.70358,3.51315,4205.26
4.35124,2.37825,1502.25
2.48493,3.90981,222.645
3.84513,3.51347,960.751
3.04584,5.50164,447.147
3.23136,3.31081,518.756
4.69845,3.9528,2011.87
3.74709,2.20716,870.736
3.75222,4.12193,885.067
4.35862,3.82437,1520.87
3.79892,2.90162,918.526
3.42411,4.11281,641.167
2.42292,4.55058,211.973
3.74641,4.0072,879.258
2.81697,3.11515,326.132
0.663277,4.52419,27.4477
2.27754,4.92081,181.92
3.67173,5.18159,831.459
3.52283,2.61725,698.936
3.91455,2.68894,1022.67
3.39324,2.73098,612.482
4.1378,2.20495,1247.03
2.11466,4.65889,145.976
3.79342,3.73381,917.204
4.58865,4.91698,1851.31
5.12198,3.81102,2784.78
3.11688,6.34106,494.912
2.49268,4.38594,230.151
2.86475,3.29359,346.005
4.461,4.04484,1659.48
5.50214,3.36108,3660.91
3.62172,5.73901,799.061
4.2207,5.34318,1368.43
2.74582,2.92097,299.289
4.85359,5.08624,2285.98
4.14358,4.06944,1265.68
4.92615,4.51922,2407.87
3.50081,1.82943,681.31
3.85407,2.75799,964.783
3.01675,4.35799,419.71
3.0635,4.44717,442.538
4.69037,3.69166,1996.57
2.45774,4.7572,224.123
2.15629,3.12597,142.032
5.17659,3.93998,2901.78
4.09573,4.1276,1213.71
2.01725,4.55654,128.076
4.02519,4.18537,1139.75
3.98915,4.51703,1105.81
5.35935,3.73041,3310.48
2.9143,4.03266,372.65
4.75605,5.91279,2131.21
4.95122,5.26158,2464.15
4.49408,4.5691,1709.37
3.77145,4.5791,905.962
3.08504,2.63607,440.673
1.55512,3.26626,61.4872
5.19684,4.34713,2946.83
4.32285,2.21365,1466.17
4.33678,4.8041,1502.36
5.34981,5.13053,3300.55
3.0317,4.52076,429.008
5.11745,3.58241,2774.42
2.84495,0.962177,330.208
2.46888,3.25571,215.338
3.9381,4.54508,1055.42
4.73174,3.94432,2065.75
4.27522,4.54129,1424.08
4.5837,2.43174,1824.87
3.98387,4.89602,1105.63
3.00508,4.47591,415.055
4.5717,3.86387,1816.77
2.9445,5.40069,399.526
5.03073,2.15966,2592.18
4.49107,4.45004,1703.49
4.0844,3.02329,1193.71
5.02373,4.42503,2594.73
4.40022,4.41204,1580.33
4.3524,3.6327,1511.1
3.95245,4.02145,1066
3.97128,4.36532,1086.81
3.05037,3.50062,428.591
5.08248,3.62532,2703.68
3.68137,5.57078,846.404
2.73697,3.88115,303.087
4.1823,4.62931,1315.98
3.61263,5.40051,788.897
4.0772,2.06283,1182.63
2.83106,3.55753,334.826
4.49447,4.81136,1713.03
3.93749,4.1047,1050.67
4.50267,4.51815,1721.78
2.15539,4.25823,151.21
4.03322,5.60238,1163.91
3.7626,4.36262,896.529
4.24751,4.26125,1387.93
3.98584,3.83178,1097.74
3.4473,3.68266,654.801
3.70829,3.05668,840.481
4.81125,5.52532,2216.27
3.95674,4.06662,1070.57
5.28543,3.7052,3140.22
4.02312,3.88151,1134.19
3.82097,4.27903,947.229
2.54179,3.77615,238.661
4.47548,4.67018,1685.79
5.44991,2.24977,3524.42
3.04667,3.4187,425.665
4.07096,3.08009,1176.99
5.2777,3.34613,3118.76
3.67528,4.14562,824.383
5.24035,3.18985,3036.21
4.48744,2.32004,1684.85
3.27613,4.02268,550.193
3.29738,1.92123,550.59
3.29483,3.74943,559.289
4.27669,4.2645,1420.42
3.76091,3.45843,888.669
5.75865,4.02565,4370.39
2.77862,4.50154,324.363
3.76269,5.0286,903.621
3.43698,3.86844,648.416
2.90098,5.6058,385.098
4.0682,5.16474,1192.95
4.4123,3.41281,1587.35
3.71144,5.23493,865.753
4.66218,4.00582,1954.42
1.72788,3.81176,81.0895
2.73697,4.26875,304.845
5.52113,5.68131,3733.13
2.37552,3.44396,191.011
4.18967,3.2758,1311.81
5.68371,3.19918,4146.45
3.03685,4.36293,430.008
4.28187,3.80967,1425.01
4.73349,3.04444,2063.59
2.50206,2.77197,219.635
3.86178,4.24381,983.276
2.79811,3.94186,324.803
4.09944,3.94283,1216.28
4.5173,2.25395,1729.59
4.07584,4.01754,1191.28
4.03253,3.60373,1142.61
4.45741,5.2674,1667.55
4.05321,4.63978,1172.62
4.872,4.18873,2307.37
5.49218,4.73932,3647.07
3.96637,2.78696,1071.91
3.91304,3.1438,1019.94
3.31464,2.78703,565.822
3.60134,5.02043,774.388
3.49293,2.36785,677.276
3.96896,3.41959,1077.09
3.99328,4.27757,1109.23
5.24492,4.56593,3056.4
3.37974,3.23146,608.379
3.81171,5.09696,945.98
2.74216,3.5661,300.539
2.83375,4.35882,341.846
2.09522,5.07058,148.193
5.38388,4.05684,3371.32
5.43671,3.93257,3497.92
2.6396,3.86662,270.272
3.01005,4.08176,415.183
5.53045,2.56525,3730.24
5.50149,4.78693,3671.71
3.61415,3.30374,770.496
4.8638,3.32105,2286.96
6.09281,4.18782,5444.26
3.95759,5.44319,1085.45
5.69917,4.75704,4203.13
4.03436,5.58941,1165.42
3.53509,5.32649,731.926
3.67421,4.50463,823.817
3.99521,5.36488,1121.88
3.30063,3.65567,563.121
3.96107,4.37533,1078.18
2.72592,3.17323,293.119
3.13833,3.4744,470.95
4.73429,3.6673,2069.99
5.00787,3.97305,2559
2.66262,3.68094,274.151
1.69788,4.74178,86.6732
6.75726,4.07576,8175.01
4.5826,5.97931,1858.18
3.99301,4.21365,1106.7
4.8701,4.12881,2305.33
4.89394,5.47007,2363.01
4.0023,4.34015,1118.97
2.29613,5.01277,186.899
2.27609,2.85104,166.062
4.81331,5.87444,2225.53
2.99601,4.67128,413.765
3.62093,3.20785,774.373
3.48196,4.40183,682.692
4.97735,5.27494,2514.41
3.57333,6.18721,770.403
1.92892,3.2995,103.537
4.95039,4.39752,2454.31
5.31284,1.96456,3194.01
2.10197,3.91497,137.067
2.82251,3.66503,330.802
4.46893,6.67117,1706.34
3.00486,2.65068,404.314
4.29752,4.6146,1452.22
3.80312,5.79083,949.643
3.73912,4.68342,879.219
3.97634,4.93045,1098.88
3.39511,2.59303,615.816
3.88624,4.21237,1004.19
4.04399,4.81525,1166.78
5.56529,3.42007,3824.32
4.80466,3.76442,2188.09
3.6786,5.12058,837.041
2.62683,6.37906,296.287
2.50503,3.31894,225.19
3.7883,1.84631,906.221
3.64208,5.90192,820.2
4.41755,5.0307,1612.57
3.4047,4.94898,640.135
4.42854,3.82918,1611.65
4.34474,6.4971,1536.39
4.33835,2.40248,1487.89
4.14631,3.00713,1260.25
4.85914,4.97258,2293.83
3.43187,4.54881,651.615
4.29576,5.1813,1456
4.33449,2.25967,1482.63
5.56309,4.73546,3830.79
3.45896,5.45027,680.415
4.17727,4.50548,1306.76
4.13393,2.40705,1245.5
4.44069,4.57727,1636.8
3.74398,3.57695,875.082
2.3132,3.85469,179.429
4.96248,4.16232,2473.12
3.46836,3.15671,663.235
3.38117,3.78692,611.239
3.24265,4.86504,539.172
2.67177,5.72115,300.061
6.10438,4.44767,5485.73
1.9385,4.86619,119.509
3.85932,4.02214,978.303
3.30805,2.57923,560.812
5.79753,4.00099,4484.04
5.81118,4.64915,4532.65
2.75246,3.75059,306.61
4.37034,4.0714,1537.39
3.2164,3.57858,514.125
3.65168,3.37126,799.192
4.22049,5.62493,1371.23
3.77093,4.29363,902.316
3.64367,2.86489,788.808
4.83974,3.15056,2243.32
3.82303,2.99303,939.322
2.55296,4.92994,252.677
5.5987,4.09338,3920.95
4.98276,4.07988,2512.14
3.05891,3.49756,433.391
2.70694,3.93376,292.679
2.62788,4.39217,270.818
5.5937,4.53687,3911.18
3.10087,3.59035,453.433
4.26504,2.98323,1398.55
3.6701,2.64384,809.237
2.99594,3.85334,405.701
4.41024,2.47074,1581.52
5.16592,2.25941,2868.75
3.82443,3.76749,944.608
4.55323,3.96968,1789.94
5.29885,4.23916,3172.36
5.33763,3.82337,3262
3.4825,3.75373,677.559
3.84737,5.28605,980.704
4.21728,6.6953,1384.42
4.36461,3.09443,1524.24
3.88236,5.6843,1019.64
2.46421,5.93998,242.593
4.85692,3.41321,2275.39
4.91014,3.4983,2369.05
3.06833,4.07544,439.366
3.09276,4.44623,456.995
3.78492,4.09326,913.125
1.82322,2.87742,86.5253
4.90417,4.89144,2374.64
3.44669,4.61952,662.352
4.45314,3.71236,1645.5
3.47531,4.57485,679.942
0.878052,1.0317,15.0141
3.2794,3.07975,545.077
2.48315,2.84022,216.158
2.89569,3.93895,362.109
4.27065,4.43907,1416.21
4.52873,5.01763,1765.22
4.74575,5.05845,2099.01
4.42618,4.16996,1614.15
4.26977,6.13552,1437.99
4.33758,4.93071,1505.56
4.89798,4.15901,2352.99
3.49333,2.78811,678.712
3.68353,4.65551,835.676
3.77088,5.19168,911.537
3.76759,2.53438,889.45
3.42344,3.2702,635.061
2.36903,2.8368,186.882
3.96317,4.04455,1075.36
4.20522,2.51747,1326.12
3.45834,6.32318,693.575
4.63015,3.2175,1898.12
4.58639,3.23462,1834.31
3.1114,3.67643,460.495
3.43676,4.40466,652.925
3.83835,3.91782,957.455
4.84854,4.15407,2267.68
3.30892,4.1418,572.078
4.67139,4.1334,1970.65
3.15794,5.62655,505.552
3.67521,3.28766,817.046
4.71259,2.64321,2026.64
4.89561,1.19731,2336.06
2.50665,5.44004,246.096
4.60016,4.99843,1868.24
2.94815,2.88047,378.617
4.09774,3.72492,1212.03
5.63963,3.61699,4029.29
2.43085,4.66647,216.523
4.63674,4.45274,1919.98
5.177,4.57228,2908.88
4.21947,4.44508,1354.26
4.08009,5.5464,1214.84
4.03367,4.71261,1153.42
4.36318,4.56077,1534.84
4.4294,3.35949,1613.13
3.3249,3.71427,575.678
4.73931,5.39849,2095.8
4.83972,4.45395,2254.86
3.54181,2.38179,713.452
3.1377,4.56388,481.975
2.83541,5.62645,357.274
3.76178,4.16907,893.901
2.98609,3.32113,396.145
2.69184,5.16757,299.793
2.67073,4.69794,287.411
6.53679,4.81042,7176.85
4.52384,4.32508,1748.33
2.33213,3.95046,185.59
4.68396,3.51886,1984.76
3.74557,2.9395,873.083
1.98248,3.54871,115.984
5.24746,3.4051,3052.37
2.97264,2.62008,387.388
5.03699,3.84893,2613.99
4.44612,4.416,1641.64
3.80399,4.72811,934.569
3.15766,4.92999,496.238
2.79034,5.69841,342.654
2.46648,3.04714,214.22
4.26332,4.06166,1403.56
3.32988,5.51263,598.986
3.67221,4.53888,824.518
4.38548,4.0077,1556.96
3.07429,4.6829,450.346
3.97654,4.84886,1097.69
5.14095,4.6414,2835.04
5.9791,2.64863,5049.85
4.73676,3.85032,2073.1
3.3438,3.40428,586.466
5.83407,2.85571,4588.98
3.24845,3.21985,530.408
3.15002,3.33297,475.92
3.7616,4.3178,894.624
4.26437,2.42238,1396.47
4.971,3.31497,2483.1
4.26322,3.92941,1403.47
2.58762,3.89643,253.271
4.19562,3.93038,1323.87
3.12444,4.85393,477.408
3.35931,3.69444,597.498
4.4877,4.79917,1704.54
5.72109,2.31013,4250.64
4.06571,5.15688,1193.65
4.662,4.47292,1957.9
5.70147,4.76462,4209.92
5.58685,5.15975,3901.08
3.58182,3.9193,750.67
4.40215,4.54038,1585.05
3.89126,3.71199,1005.96
4.26057,3.78292,1396.61
3.87179,3.22197,983.057
4.97885,3.79237,2501.34
5.3699,5.2257,3352.32
5.6838,5.29883,4167.29
4.95803,5.01489,2473.73
5.6179,4.69918,3977.3
4.23871,3.64927,1372.44
4.73411,4.96091,2079.63
5.33068,4.03518,3245.59
4.12713,4.5658,1252.19
4.89282,5.51519,2360.38
2.86219,3.80775,348.893
4.64493,2.88988,1919.3
4.89772,3.82624,2349.71
4.45674,2.31322,1644.64
3.17887,5.24125,511.552
3.83114,3.54137,949.529
4.03205,4.88858,1153.25
3.99277,4.85413,1115.16
2.17427,4.59915,157.108
4.04852,4.36577,1164.01
6.33759,3.02167,6340.61
3.68272,3.06138,821.392
3.51995,5.22826,720.287
3.94836,2.14668,1051.35
2.56584,3.04539,242.324
3.53518,2.15028,706.913
3.64687,2.74467,790.983
4.44767,4.55152,1647.36
3.94629,3.05362,1052.68
4.22634,0.794541,1346.67
3.97828,4.15875,1091.02
5.56951,4.93922,3852.17
3.84677,4.2227,968.225
2.44562,2.18344,203.798
5.14026,4.81689,2831.92
5.48458,3.32216,3615.49
