3
3.64008,5.46782,178.833
3.82872,2.80686,21.5404
4.76362,3.84879,56.1302
4.26073,5.00744,134.33
5.40038,4.13748,71.256
3.86242,5.09025,140.063
3.37,6.34068,297.71
5.39666,3.13264,28.5721
5.75122,3.6724,49.0264
5.10187,2.18357,12.3735
2.72864,3.39645,38.8932
2.98564,4.77567,112.286
3.38903,5.05902,139.308
3.69426,4.19227,74.5098
3.87755,3.65705,50.3663
5.28164,3.01556,27.3104
4.64237,4.97449,130.053
3.05104,3.18073,31.5031
3.71053,3.58094,44.5542
4.4599,5.83733,222.457
1.15943,4.10741,69.986
4.91966,3.01264,27.1086
3.63702,4.30289,80.7188
3.45202,4.37881,84.2808
4.05059,3.40763,37.4727
4.09137,3.8512,57.3324
3.09645,3.99783,66.513
5.51138,4.45922,92.5757
4.10939,4.13479,70.8887
5.71119,4.45305,91.72
5.418,3.09057,30.2236
2.50762,4.32697,83.8261
5.16591,5.66861,202.057
4.07553,4.87955,123.018
4.68043,3.61731,45.5549
4.13255,3.51419,41.2369
2.62944,2.25187,13.282
1.49472,4.63343,103.179
5.15612,3.73529,49.4451
2.86927,3.03707,27.5307
4.11737,4.34771,83.9529
3.56963,4.77995,113.515
3.40594,4.01498,65.0625
4.31029,4.03047,65.5258
4.07425,2.98053,27.6027
4.66267,3.00198,26.4596
2.87597,5.30097,160.802
5.54721,4.22008,74.6742
2.25575,4.41991,89.5085
4.51525,3.79568,53.8993
3.9805,5.47974,180.363
4.07136,2.98323,26.6629
2.23276,6.3033,290.843
4.62073,3.78622,54.0445
4.37277,5.62239,197.4
3.01457,1.97497,9.47531
2.87246,4.51539,93.8468
4.91575,5.43079,175.148
3.12105,2.86758,22.3239
3.07685,5.07495,138.897
3.75094,3.49159,41.3057
3.99114,3.40662,38.1484
4.22105,3.55155,44.8405
2.76936,4.45037,93.0727
5.75214,4.16534,72.5294
4.96313,3.26928,32.8141
3.65811,3.6149,46.9696
3.36533,3.75537,53.1206
3.4572,3.74953,50.7491
3.7635,4.34449,83.8739
4.6627,4.60672,99.5162
4.61271,4.14973,73.2691
1.95882,3.73596,53.025
4.0753,3.9111,59.8253
3.63529,3.94722,60.8345
3.49609,4.65796,103.98
4.0736,4.74079,111.484
4.24754,4.9543,129.553
3.58131,5.99732,243.709
4.1977,3.55547,43.0343
4.92762,3.41997,39.6934
3.81568,4.81003,117.241
3.39891,4.24791,79.2101
3.40461,2.93284,26.1064
5.26074,2.61743,18.8873
4.29072,5.6828,203.59
1.91005,3.5046,42.7703
2.13567,3.64145,47.1489
3.91111,2.95407,25.2649
4.78298,4.79068,114.727
3.15966,5.55381,188.24
4.62498,3.04972,28.0771
5.61214,2.95258,25.0143
3.22433,5.72298,207.011
4.07953,4.37238,85.8313
5.57121,5.20837,150.01
3.52942,4.01805,65.6445
5.26241,4.60023,101.715
3.47553,5.47422,180.59
3.70205,4.0707,66.9426
4.10536,4.54495,96.0162
4.62169,2.32587,13.969
2.01358,3.01124,27.5159
3.79937,5.51652,185.903
3.42501,6.28165,285.667
3.04099,3.23966,32.1008
1.73399,3.4917,43.8843
2.63994,3.90575,58.6083
3.71432,4.55455,95.53
3.61536,6.25888,285.361
5.42273,2.40046,15.5349
4.73344,5.81764,218.289
4.49561,4.28818,80.5574
2.71762,4.13358,70.2328
3.43697,5.2895,161.612
4.24052,3.46183,41.8471
4.67757,2.59201,18.1023
3.91199,3.19104,30.1844
4.90207,4.31146,80.6666
3.75411,3.64461,47.1419
3.88504,3.847,56.2637
2.31134,3.85261,56.1719
3.13706,3.42192,39.2403
4.66029,5.15622,148.792
3.90236,5.77624,213.704
2.73531,5.46935,178.224
6.18952,2.9829,26.0043
2.72905,4.68362,106.146
4.2592,5.01875,135.214
5.91472,4.77629,113.865
4.57476,6.07061,256.992
3.22149,5.99666,245.326
3.76167,2.76302,21.0559
5.56278,5.24612,159.683
3.7324,4.11098,69.7982
4.88211,4.36381,87.127
4.68469,3.36262,37.8985
4.67577,5.21195,152.379
3.54749,3.16031,28.8973
3.80671,6.44619,313.932
4.56755,3.25646,33.4025
4.44864,3.96632,61.029
2.99433,3.15302,31.2754
4.92369,4.07919,67.5596
3.3942,2.85844,25.4312
3.94535,4.3804,86.7326
4.6348,3.51306,41.4321
5.10462,4.87774,122.62
4.43984,4.27851,79.9332
3.42693,3.21777,34.982
3.04122,4.74152,112.222
4.14161,3.94726,61.9171
5.35055,2.39651,14.7749
4.23521,4.34249,82.9245
2.93636,2.54635,17.2328
3.61402,3.79853,55.5338
3.31835,3.15847,30.3234
3.49054,4.8283,117.694
4.21241,5.6749,203.189
3.1325,4.20852,74.8268
3.96569,5.06016,137.724
2.65048,3.67622,48.6121
5.39954,3.49549,41.0535
4.29489,3.98891,62.6696
3.5057,4.1202,71.4101
4.89329,2.44568,16.8426
2.06607,2.74406,21.4363
2.09112,3.68717,48.9632
3.85677,6.59488,339.758
3.20666,4.37927,85.2498
3.5742,4.7113,108.009
5.26479,1.84189,9.10005
2.8469,4.72186,110.17
2.89823,3.72148,51.3919
3.21107,3.21789,31.786
5.41915,3.18529,32.5763
5.09069,3.66527,47.5608
5.78324,3.24406,33.4848
6.4739,4.19179,74.2627
2.66842,4.13052,71.5131
1.96797,4.66747,106.056
5.17767,3.30911,36.4969
3.10897,3.06066,28.4005
4.93183,2.94997,25.0371
3.51724,5.35911,167.247
4.03856,2.51721,16.2962
5.26696,3.61528,46.133
4.44658,4.46658,90.6437
5.09197,5.25508,155.65
3.71015,3.24921,32.8727
5.17202,3.46019,40.9916
3.61925,5.02199,133.934
3.96004,3.41817,38.3453
2.95623,5.66357,201.545
2.2821,5.37647,169.494
2.74493,1.60636,8.08374
4.04495,2.83298,24.4611
4.25672,3.96391,62.3317
2.51591,3.36464,36.2334
4.1544,5.38776,171.087
4.681,2.25927,12.8763
3.18803,4.09334,69.7125
2.3907,2.81663,23.0243
5.84055,3.29004,34.5565
3.63197,4.64552,104.466
3.95286,5.00054,133.407
2.91236,1.81423,9.04854
2.68926,4.79491,116.29
4.17186,4.77459,112.182
4.82708,3.72573,50.5199
2.07098,3.95295,60.3924
6.502,4.29541,80.4441
4.01836,5.5126,184.449
4.7321,5.93745,238.015
3.42899,3.58493,46.5173
2.83108,3.53039,43.9791
4.00868,4.86907,121.812
3.82305,3.86472,57.6212
4.35185,4.19189,74.3685
3.74142,4.7541,111.843
4.19756,3.40675,39.4556
4.59045,3.88166,57.3012
4.17479,4.01697,64.4331
2.86884,2.76244,22.0479
4.58506,3.91104,60.5294
5.20857,3.9172,58.9971
3.00926,3.25572,33.3129
4.80418,4.24381,77.4523
3.23282,4.24857,76.9045
2.92391,3.78603,53.1291
4.15305,4.44418,88.8009
3.8346,4.2419,78.9599
5.43594,5.68959,205.701
5.70939,4.65845,104.588
4.42323,2.76567,21.0279
4.24903,3.24283,33.8679
3.03438,4.23488,76.6528
3.34206,4.83411,118.592
5.43315,2.62665,18.2273
4.33511,3.58999,46.4315
3.98789,3.10488,28.5393
3.38936,3.66856,50.3278
3.69227,3.96597,61.3955
4.86671,2.76922,22.3746
2.71993,2.85939,23.2847
3.86608,3.9458,61.0468
2.7789,3.74099,51.3492
2.43761,3.53946,43.6231
3.00909,3.14821,30.6949
4.35529,4.3867,85.8014
2.92201,3.63647,47.3217
2.32004,3.08083,27.8405
4.58613,5.24069,154.727
3.95405,4.90874,123.94
4.37972,5.68153,204.274
5.17429,4.75313,110.739
5.22982,4.7262,111.595
5.60019,2.64193,18.936
4.58704,3.54517,43.1957
4.13483,4.17258,71.9664
3.76286,2.92943,25.5856
4.59662,4.14183,70.9819
3.83021,5.05057,135.582
4.60395,3.25693,33.5269
3.21517,4.19294,73.9428
5.73319,2.81746,22.5407
4.49741,3.3987,36.7213
5.28614,2.88304,23.443
4.35473,3.44938,41.7691
3.10965,3.53788,44.1861
4.33966,4.69733,107.853
2.25993,2.78654,21.5848
3.22452,5.03172,135.958
3.65729,4.40175,87.4541
3.09738,4.18208,72.9527
5.28174,4.24711,76.8483
4.47805,3.2412,33.5188
2.81147,3.30281,33.8903
1.97947,4.67989,106.815
7.23806,4.14212,71.5501
4.70692,3.76177,53.277
4.32903,4.63759,102.243
4.48631,3.60743,43.2364
5.51142,3.92866,60.812
5.22901,4.61023,102.732
5.31047,4.26751,79.0077
4.5469,4.44779,90.3436
4.41437,2.78736,21.857
2.5583,4.16087,71.1466
3.62894,4.7378,111.916
2.58701,5.90775,233.608
3.60347,4.41468,87.5213
2.83716,2.96274,25.1028
3.65806,6.05351,253.276
3.38308,4.35427,84.8061
1.99616,3.44834,38.8528
1.38613,4.76115,112.88
4.79303,2.98625,25.9974
3.92424,3.33438,36.9239
4.47288,4.72675,110.631
4.54033,5.75213,212.491
4.90228,4.53376,95.07
4.18524,4.46012,89.4393
3.50992,4.77737,113.393
4.67436,3.86544,55.3234
3.65065,3.35616,35.5922
2.961,3.83206,55.8542
6.27461,4.30522,80.3297
3.75428,3.9027,58.5629
3.24503,2.72003,19.8139
3.1467,2.76857,20.9291
3.62071,3.84414,56.173
5.81627,2.15822,11.5333
3.33146,4.20968,75.3978
3.72355,3.10291,29.7495
2.12311,2.44605,14.9476
4.06635,4.83364,118.264
3.24841,3.83815,57.6114
4.01827,4.02884,64.8107
3.17718,3.10555,30.5053
3.7386,3.75084,52.5432
4.72774,3.02335,27.9809
4.03287,3.56761,45.1373
4.32905,4.21322,76.0977
4.19246,3.29111,35.1714
2.40015,2.73824,20.8495
2.17423,4.56429,99.2339
4.64038,5.32324,162.453
4.40411,5.86226,228.156
5.09926,3.94796,61.8011
5.45401,4.61371,102.681
2.04463,2.57029,16.6045
3.53883,4.52134,95.2158
4.09607,3.38944,37.4431
6.22742,4.69305,107.855
4.89274,3.96978,62.4283
4.50285,1.80823,8.56469
2.98729,3.20256,32.8173
5.74309,3.98316,62.6262
5.07705,4.77099,113.571
3.80585,6.08769,258.16
4.01244,3.51615,41.6158
3.90011,2.63376,18.4793
3.17507,5.38735,169.963
2.48835,4.80718,115.923
3.85592,5.71075,206.293
2.2492,3.92395,60.5117
3.6843,3.70446,50.7204
3.01164,4.03281,64.9829
4.61856,5.55757,189.308
2.88902,4.12049,72.0404
4.21536,4.15989,72.4697
3.59108,3.26567,33.7902
3.58733,3.57289,44.8251
3.42085,4.50573,92.8139
3.92863,4.36707,84.9953
2.71005,3.30961,36.7052
5.87062,4.41807,86.8207
3.78345,3.46223,40.7304
3.9533,4.14337,71.207
5.22204,3.3905,38.4089
2.93002,3.7814,52.5495
5.21628,5.45661,178.239
4.22564,5.78566,217.323
4.21292,3.90801,58.8458
4.38788,5.59767,191.658
3.5629,2.964,26.4973
4.18136,3.33725,35.4198
5.19759,4.06299,67.359
1.17275,2.2921,12.847
3.80417,4.99824,130.8
5.85529,1.64208,7.04114
4.15971,2.79243,23.0723
4.21267,4.89507,125.908
5.08695,3.75262,50.5297
4.70515,2.42254,15.0209
2.63258,2.62765,17.4614
5.57507,3.89408,57.4356
3.97655,1.80783,8.28071
4.66622,4.94975,125.498
3.89961,3.58267,46.1004
4.51358,4.86083,120.255
3.88031,4.10793,70.4531
1.79654,4.23497,79.1527
3.08061,3.70357,50.2555
3.79162,4.3332,81.9036
4.98884,4.73108,110.978
4.48786,3.13056,31.2183
5.38951,4.94672,128.344
3.94698,3.84462,56.3252
2.75856,4.12445,70.4537
3.41289,5.72412,208.73
3.42364,4.10191,69.4518
6.79582,4.64609,103.496
4.15029,4.03487,64.2615
5.47399,3.67205,50.5661
4.37526,3.07933,28.5111
2.58211,2.37419,12.9538
3.86599,4.13588,70.1011
5.34154,2.50135,13.6083
4.1902,3.06273,26.816
3.29724,3.02166,25.1986
4.32303,4.51828,96.7561
3.76474,2.84045,22.7975
3.36765,4.22236,77.3854
6.07376,3.52535,42.9612
3.84961,3.30411,36.4123
2.34417,3.70315,50.9526
5.33186,3.90381,57.0962
4.66074,2.11347,10.2367
4.69559,5.69811,205.476
3.85053,5.69248,207.042
3.25213,4.01757,62.9442
4.49604,5.56861,190.205
3.0728,4.02549,63.4641
5.30519,2.81777,22.617
3.22448,2.96692,26.6083
3.11774,4.51205,92.7818
1.77156,5.09883,140.204
3.26822,2.45192,14.497
3.81149,2.70038,18.8497
3.4006,3.01557,26.8612
3.09646,4.75223,112.916
3.71708,3.00833,26.769
3.04929,3.36104,37.5935
4.95143,4.16371,73.6877
3.25391,3.5233,43.3714
6.52851,3.6824,48.5853
5.56003,4.24471,77.2199
4.68263,4.10559,70.9301
4.82725,5.31524,164.035
4.3124,3.93797,61.6733
4.24172,3.55487,43.1501
5.32469,2.62108,17.9718
4.00296,4.32365,83.6613
4.49723,3.59681,44.2694
5.17579,2.71921,19.2679
5.21835,4.58559,98.3547
3.87301,3.66611,49.1345
6.55864,3.23616,33.0213
4.67128,5.414,173.502
4.64539,3.67358,49.5329
5.64798,4.35648,81.484
1.91828,4.10488,70.1642
4.1493,5.2839,159.205
3.3251,4.98203,131.168
3.76709,3.97545,62.2657
3.06131,3.91151,59.0038
5.31611,4.2002,76.9311
3.2392,4.52463,94.3483
3.4976,4.59341,100.083
2.82878,4.44274,89.2477
3.66222,3.92352,61.2371
2.60555,1.87092,8.26699
2.91299,4.20153,75.363
5.38988,3.88313,57.2708
4.08122,5.11695,143.436
3.19125,2.57677,16.4086
2.43766,5.79626,219.325
2.81315,1.35589,6.59937
3.83356,4.94876,128.595
5.11754,3.5564,45.6459
4.21458,3.27912,35.4875
4.05901,3.57007,43.1655
4.38831,4.4292,87.6488
5.57903,6.50865,325.706
5.55359,4.62861,103.51
5.605,5.62934,196.779
4.5512,3.73677,50.6283
3.60294,4.54046,96.719
4.24666,4.08722,68.6064
2.57369,3.07635,28.6055
3.49701,4.23651,77.3984
4.11219,6.55344,331.311
4.48735,4.74484,109.093
5.53157,5.10414,140.937
4.66055,3.59413,44.015
3.75211,5.26913,158.619
2.44067,4.66595,105.336
6.19699,3.35861,34.8087
3.54346,3.9806,60.5275
4.03803,4.49035,90.8388
3.20618,5.47478,179.431
4.91613,5.00767,132.272
3.48622,4.06967,67.7572
4.38005,1.71254,8.4303
2.27488,3.63478,48.6909
4.52783,4.13638,71.894
3.17429,3.52947,44.6228
3.06251,3.90935,60.063
3.51539,5.37832,168.069
3.96669,5.74699,212.663
5.24976,4.46271,89.5492
5.75621,3.57928,44.9876
3.28734,6.10096,260.19
5.19853,3.3254,35.8371
6.06648,4.75538,113.143
5.00574,2.50087,16.7963
3.36933,4.85523,119.376
5.54396,3.29403,34.3516
5.00173,4.76805,113.424
4.02096,3.9006,59.6021
4.24153,4.6441,104.293
5.39103,3.52174,41.6182
3.5601,2.16584,12.2771
5.70083,4.26942,78.2046
3.32804,3.21992,33.4656
2.25852,3.24883,32.3415
5.71645,2.8601,22.3665
2.28521,4.598,100.2
3.57306,6.083,258.985
3.49533,5.11403,142.971
4.86563,4.95302,127.895
3.47096,3.32179,38.2384
3.86493,4.17142,71.9798
2.64243,4.09248,68.0612
4.17665,4.33289,83.2642
4.65188,4.49674,94.0834
4.02612,4.51426,94.1666
3.21834,4.7236,110.223
3.63702,4.53036,95.5765
3.88587,3.98584,64.2041
4.15357,6.36837,301.002
4.08028,5.22872,155.995
2.94545,4.72732,111.163
3.59191,3.98263,64.0538
4.45969,4.5936,100.822
3.48189,5.12373,144.311
4.59888,3.75615,53.3603
2.84669,3.64752,48.0211
4.79247,2.70715,20.3227
2.35662,3.55669,45.0056
4.44307,4.87076,121.583
3.58604,4.57629,99.741
3.74706,4.66813,106.671
4.05642,3.72724,50.7758
4.51079,6.29493,290.383
4.24345,3.05304,28.8171
4.9709,3.83433,56.3861
3.98865,4.54708,96.8288
4.07176,5.05163,139.297
2.84867,1.84753,8.83679
3.97539,5.54207,187.331
4.05318,3.8532,54.9758
4.77288,4.72169,108.808
3.44114,4.86829,120.986
2.594,4.43903,89.1565
3.43018,3.81978,55.8013
4.0772,3.00236,27.5666
3.94831,4.58841,100.728
3.72786,5.20962,151.405
4.49831,4.36852,85.0025
4.38909,4.73423,112.088
3.89137,4.16301,71.5385
1.6308,4.05419,65.7275
3.73684,4.92011,126.136
4.05561,4.741,110.352
5.23888,3.0385,29.1264
2.46873,4.40502,88.948
4.33052,4.36261,85.8735
4.17336,4.78738,115.827
5.27649,3.88394,59.3892
3.66079,5.23053,152.938
2.43665,4.86948,120.509
3.42784,5.23849,154.885
3.58101,5.45952,179.761
1.74982,4.18893,74.6785
4.68121,4.65453,103.43
3.9676,4.8941,123.123
5.74838,4.14935,72.9175
5.76405,4.14362,71.4727
2.86899,3.27534,35.1828
3.54774,3.12067,30.0967
3.66229,4.6324,103.278
2.31992,3.90221,60.4491
3.02164,4.32564,83.7683
3.91885,4.29757,80.5154
4.15992,6.32156,294.947
4.56459,1.64896,7.4509
5.48145,2.96305,26.2774
5.90072,4.58835,99.0992
4.1065,5.24458,157.418
2.53735,2.33281,13.9929
4.69624,4.63068,101.867
4.01829,3.67412,49.0945
3.32173,4.59793,101.545
3.02202,2.11751,12.4867
3.28825,5.11226,144.573
5.71276,3.86601,56.7891
1.33123,3.87971,56.2725
3.35257,2.71488,20.2519
3.99793,4.86467,122.845
3.79098,2.00838,12.0236
5.0017,4.25436,77.5961
3.24484,3.93501,59.278
2.08886,3.16183,30.5478
4.937,5.23433,155.271
3.27278,5.86849,226.259
4.73879,3.86156,57.1318
4.59077,3.18302,30.5581
4.51855,1.41308,6.0562
4.91463,5.99415,244.283
3.86009,5.46579,178.895
5.43003,2.42873,16.0665
4.02078,4.08358,67.7981
3.02856,2.94296,22.6299
5.16073,3.32479,35.8766
4.38958,6.38024,304.627
3.33612,4.64328,103.335
3.96328,4.35946,83.1545
4.76277,1.89408,8.49183
3.09099,5.29006,159.216
5.43927,4.63484,102.921
2.12108,4.05856,67.6141
4.4283,4.47767,92.7043
2.6996,2.4492,16.7389
4.17687,2.65525,19.2885
4.2802,4.40042,87.5544
3.89919,3.68764,49.1312
4.4171,2.33914,14.6869
4.40259,4.33382,81.3592
4.00591,5.80477,220.203
4.87093,3.77861,53.3296
4.94566,5.04911,138.137
2.96997,4.97269,129.644
4.67133,4.73639,110.028
5.0973,4.28432,79.4108
3.38208,3.40184,38.0141
4.74667,3.57846,45.6492
2.7551,3.53823,43.1776
4.59402,3.42806,37.8109
3.72498,3.78632,53.7517
4.61316,3.71231,51.589
2.501,5.71926,208.652
5.80418,4.71896,109.248
5.334,4.75962,112.233
4.63105,4.18554,75.2609
3.97482,2.74988,22.1662
5.11959,3.82583,55.3244
2.89571,2.12445,11.0733
4.11617,5.38823,170.903
4.47282,5.91484,233.266
3.45514,4.40197,87.0189
4.42562,4.77656,112.929
3.35686,5.73538,211.504
3.27847,2.06771,9.68787
3.5011,3.538,44.9147
5.11999,3.34363,34.7336
3.16281,5.24715,158.419
1.33971,4.24799,79.3146
4.91431,3.98089,62.2397
3.41184,5.19383,149.455
3.67547,3.28423,35.149
2.63459,5.31446,163.086
3.8003,3.09008,27.8842
2.2761,4.30703,80.7672
3.0277,4.31118,81.6141
6.03815,2.8115,23.0449
3.0237,3.69761,48.8319
3.35081,4.40333,88.3843
3.36802,4.4463,90.3808
4.11116,3.87962,56.6398
5.14544,1.83126,8.24657
4.21513,4.48119,91.4054
4.69622,5.50011,184.242
3.17444,3.86068,57.8819
5.23715,1.09116,5.5175
4.26224,1.80317,8.60813
4.27394,2.15842,11.688
4.80092,4.1503,71.335
4.78182,4.91583,126.647
3.88381,4.68268,107.322
3.75457,4.09782,68.3362
5.81362,3.03041,25.6102
5.63813,3.78214,53.853
4.19536,3.37076,35.9002
6.33096,3.37821,39.6354
6.14439,1.91707,10.7108
3.22654,3.28575,34.3058
3.59395,2.81383,21.9712
4.76113,5.7216,209.202
4.19845,3.096,29.2505
3.51182,3.38626,38.0547
4.33886,4.21679,77.2537
4.22397,4.08188,68.1569
1.32818,3.44028,37.4004
6.16949,3.34291,37.2049
2.95417,5.0453,137.44
3.44672,3.54883,42.9364
2.5767,3.15785,31.3675
3.63525,4.70464,108.839
3.98306,2.80866,23.969
4.31047,4.36696,84.6148
3.42683,5.10312,142.983
6.11218,3.48998,41.8282
4.45541,1.73373,7.98063
4.83794,3.64258,47.5611
4.41747,4.15746,71.3572
5.7913,3.25464,32.8498
3.9208,3.81517,53.9348
4.59304,3.47955,41.146
4.20284,4.69689,106.558
2.82056,4.54911,97.918
3.67575,2.73366,19.6473
2.1303,6.08944,259.959
5.03053,4.14196,70.9564
2.72691,3.19947,33.1934
4.84348,4.66494,104.317
5.90632,4.77928,116.309
2.18486,3.23589,30.5816
3.83487,3.69932,49.8955
4.73042,4.6134,101.277
5.16579,2.51336,15.8874
4.27916,2.90679,25.9193
2.63975,3.09531,28.975
2.84637,4.47113,92.4634
3.19319,3.86406,56.5186
1.90208,4.33999,83.2369
2.83008,4.75843,112.763
4.17212,3.69344,51.6197
3.63942,3.97415,63.3904
4.67731,3.7045,52.1995
4.12745,3.29051,34.7921
5.72797,3.73789,52.6202
3.85252,5.36933,169.041
3.66421,4.64261,102.68
4.12938,3.86956,57.9058
3.03996,3.73935,50.9206
3.22978,5.96192,239.561
4.6523,3.25775,34.0336
3.6854,3.27951,34.5167
6.04769,5.84863,227.054
3.68751,4.23515,77.3383
5.57479,3.3574,37.5195
4.20842,4.51068,92.3199
5.41235,3.36298,35.6287
4.37803,4.31312,81.0767
3.07693,3.55156,45.5735
4.46062,3.95038,61.1463
4.79285,5.15589,148.359
3.41559,3.46078,41.8163
3.53473,4.58372,99.9493
3.97414,5.06877,139.091
4.23952,5.24761,156.612
4.13786,3.73625,52.5724
4.33929,3.13569,29.8441
6.24986,5.24357,155.495
3.60885,2.35693,12.8604
4.41439,6.71301,361.646
4.73223,5.06054,138.68
4.1904,4.49134,93.5338
5.01763,3.19428,31.5418
3.98484,3.91722,57.8373
4.5713,3.48468,40.2042
4.36043,3.68918,49.1353
4.14552,3.64106,47.2661
3.63276,4.42597,88.5984
2.95433,3.65039,47.674
3.79462,4.31098,81.5202
3.58558,4.39724,86.1884
3.42074,2.81904,22.6184
3.59385,4.27369,80.1158
3.34009,3.7497,52.2339
4.26937,4.58033,99.0307
3.19474,3.79919,53.4162
5.32084,3.43446,41.375
2.18045,3.01366,26.7805
4.7862,4.70406,106.141
3.04415,3.38105,37.1227
4.59351,3.35585,36.4393
4.56705,4.37748,84.5363
5.56424,3.55754,43.4255
3.30877,4.85526,122.02
3.15564,3.9454,61.3049
3.1625,3.38441,35.8688
5.12179,5.36339,170.157
5.27573,4.26437,77.8366
5.1442,4.6949,107.315
4.17397,4.00153,65.4967
4.12334,2.28438,14.1741
3.00105,2.97513,24.7473
4.58537,3.69882,49.4909
2.73185,3.30468,36.535
4.39742,5.4374,176.008
3.46728,3.39385,38.9282
4.17811,5.04826,135.542
4.67645,3.62026,46.9395
3.934,4.4829,93.8925
5.98213,2.52288,15.6288
2.94589,4.55119,96.3499
4.02598,3.65096,48.4227
3.22418,3.81801,55.0046
4.91696,3.67298,50.404
4.12193,5.70829,209.771
3.1935,3.41936,39.0836
3.81728,3.62497,48.1631
3.81781,2.72006,18.6269
5.33103,4.16881,74.3317
4.35804,5.49046,181.385
3.93219,5.25363,156.544
2.17814,4.60978,101.256
3.88387,2.41441,16.4776
3.65678,4.19206,74.394
4.41132,3.01928,28.3276
3.49367,2.39384,15.5044
3.46924,5.91475,231.98
3.91313,4.11585,68.4029
3.04224,3.56385,45.1685
4.73663,3.44847,40.5138
5.40777,3.92765,61.7974
3.9553,4.44835,89.7426
4.35823,5.53783,186.544
3.43262,4.5634,95.8235
6.19401,5.35656,166.662
3.28834,3.72989,51.444
4.52381,3.3786,36.9833
2.71207,4.5973,101.756
3.3266,3.31969,35.5681
3.30148,3.99148,61.4447
3.42528,4.72691,109.253
4.43319,3.69661,48.1508
1.88397,3.37033,37.8005
4.27512,3.74762,51.8467
3.02775,4.05699,66.9565
3.83808,3.2211,34.1199
4.41903,2.68197,21.9451
5.14467,2.64636,19.2798
2.50616,4.19173,74.2203
5.64545,4.0167,66.1788
5.71114,3.35054,36.8051
6.61185,4.15569,71.5772
4.07182,4.31508,81.6882
4.27243,4.47584,90.9431
4.23666,2.93757,23.8034
4.16477,2.80217,22.5224
6.27134,3.34242,35.7548
2.75355,2.44885,15.4427
3.47328,4.50141,92.7061
4.90642,3.57803,43.2204
4.60907,4.44102,89.0048
5.13122,4.72607,111.096
5.25245,4.92945,127.901
4.87752,3.20838,32.6436
2.40723,5.83519,223.648
2.72496,6.10622,260.677
3.96266,4.95222,129.131
4.23224,1.74947,7.10373
4.32233,3.44861,39.6371
3.66134,3.78646,53.4804
5.61648,3.65372,47.9807
4.07885,3.36928,37.9907
6.10317,6.18351,274.116
3.79662,3.47452,40.6917
2.44918,5.02955,134.068
3.72056,4.38512,84.8562
4.29391,6.0054,247.594
4.4917,3.50849,43.6023
4.47272,5.10825,141.426
4.18818,3.18954,33.5358
3.71083,5.38691,171.071
3.48505,4.2396,78.0469
3.08785,2.95426,26.7448
3.99476,3.60504,48.1116
4.35015,3.83089,55.3657
3.43294,5.4251,175.572
4.91322,5.30154,160.707
2.5744,2.97962,24.3932
4.3082,3.64218,49.377
3.85628,4.61002,100.769
3.12686,5.57892,192.04
4.11437,3.74385,51.061
5.92717,4.69991,108.361
3.91943,3.18285,31.7744
3.1769,5.20865,153.088
4.10113,6.00926,245.597
3.04591,2.83248,22.4371
3.00046,6.25329,282.235
4.22238,4.77843,115.03
4.31948,5.65887,202.32
4.23401,3.61938,45.919
5.5474,4.32742,82.1321
2.26193,2.68195,18.897
3.25457,4.73994,111.474
4.67776,4.11227,71.5846
3.19662,4.41287,88.2049
4.20281,4.53089,96.9381
4.75479,3.52495,41.6556
3.00616,4.95369,127.373
3.81683,2.84783,22.3107
5.53622,2.93909,25.2296
3.51807,5.02311,136.868
2.73736,3.9867,64.4128
3.99602,5.08715,140.633
2.10713,3.9801,62.8011
4.85455,4.07061,67.5812
4.19424,4.5863,99.8073
5.6939,4.83221,117.95
3.87927,3.12738,29.9029
5.14443,4.31505,80.152
5.05283,2.99804,25.9283
6.02433,5.19981,149.532
4.31898,2.92508,25.1961
3.06632,4.93312,127.873
3.3089,4.09228,68.5731
3.70074,4.31587,81.9416
4.2787,5.23903,154.179
2.53206,4.04775,64.2654
4.06949,4.35122,84.588
4.38937,4.01761,64.4077
5.26682,4.59113,99.2963
2.89261,4.61384,100.545
4.21296,5.19198,150.166
5.04841,4.75598,111.441
3.07247,3.48675,39.3742
4.65266,5.09097,142.29
3.41718,5.2093,152.838
4.54468,3.76242,55.2868
4.46791,3.30904,35.9397
3.45609,3.03217,29.479
4.90201,5.34746,164.615
4.8628,4.00053,65.5283
2.30318,3.17329,31.7609
5.40984,4.26822,79.5274
2.54799,5.30085,161.297
3.12783,2.76082,21.1063
3.82465,3.2724,34.24
3.40454,3.72979,53.8766
4.32979,4.14358,72.2966
4.10547,3.02732,27.6786
2.71359,4.2964,79.3693
4.61127,3.82385,54.7255
3.22692,4.41194,89.8379
4.43434,3.30686,33.8844
3.66854,2.52226,17.1718
3.48546,4.6699,106.95
4.94731,4.85694,119.288
4.78421,3.8323,55.7509
3.65192,3.79073,53.7287
1.998,5.15591,148.497
3.78795,5.73149,211.347
3.86734,3.49259,42.0763
5.06739,3.61119,46.4996
4.57976,4.87658,122.933
3.2241,3.33644,35.7827
5.53421,4.81342,116.767
4.33947,2.7809,22.2008
3.96391,4.6642,105.461
3.93188,2.97441,27.6577
4.47631,4.59562,98.5577
4.23495,5.0728,141.409
4.49361,3.84524,54.4733
4.38783,4.00815,64.6521
4.01052,3.78717,52.8947
3.70484,5.45334,179.642
4.38525,2.1763,12.8926
3.94903,4.74586,112.523
2.41784,3.22339,34.5287
2.79363,4.72454,109.158
5.16088,3.71447,50.6617
3.24688,4.4879,94.6732
5.32477,5.07898,138.785
3.72481,5.00269,133.137
3.21859,4.13398,71.4492
2.79193,2.24449,11.8557
3.27839,3.22078,34.1254
4.21829,5.07732,140.066
4.39613,4.38417,85.3892
3.30765,3.10376,30.3691
2.67922,1.85682,6.14715
4.69557,2.42804,15.0023
4.56481,4.69206,108.023
3.82162,4.93462,125.791
2.53603,4.15837,72.956
2.34412,4.25574,76.5474
3.38275,5.82697,221.244
1.74949,6.24353,281.998
4.47402,2.97974,25.2234
4.24837,4.74048,113.097
3.63408,4.6494,103.7
3.97382,3.79826,53.8943
5.25943,2.06643,9.44329
3.1957,3.57293,44.6123
2.22806,3.96743,61.789
3.77767,2.56591,16.9991
3.8684,4.89362,124.718
3.2241,5.34637,166.843
5.43217,4.84753,119.662
3.0677,3.82745,54.6481
5.99604,3.6949,48.9176
3.61862,3.49436,42.4207
1.92268,3.967,61.7786
2.89436,3.45901,39.2868
4.25855,4.08917,66.3829
2.45479,4.43333,89.3254
3.07931,3.95588,62.9104
2.96522,2.91025,23.792
4.48325,3.40392,37.9223
2.5063,3.22746,32.2352
3.55323,4.83079,118.206
4.96201,4.0508,67.1944
