3
4.39317,1.55039,314.176
3.01035,4.89005,2326.95
4.25293,4.58415,1978.93
3.72467,4.42337,1648.19
2.36716,3.51117,627.655
3.69711,3.73766,911.235
4.38048,4.7878,2347.92
5.13891,2.96997,826.174
4.01473,3.22601,629.557
5.96708,4.08329,1999.63
3.98208,3.46482,758.635
3.29271,3.80302,912.202
3.29801,3.05446,448.954
5.05169,2.70093,698.847
3.71187,3.86752,1023.65
4.78097,2.31522,513.182
4.18035,2.56854,414.782
3.37976,4.64928,1939.87
4.14744,4.07436,1301.98
3.77897,4.7909,2232.17
2.1595,3.23575,458.496
6.3448,3.87135,2042.01
3.27806,5.12126,2825.84
5.59387,3.91443,1627.03
4.05722,3.3467,703.662
3.88443,4.4609,1725.42
4.50702,3.58563,956.83
1.33607,1.77159,57.7234
3.52175,1.5577,157.989
4.57439,6.07101,5901.92
5.47765,4.57336,2369.81
2.48689,4.02827,1064.5
3.67646,4.84707,2320.72
4.62456,2.86347,615.78
3.89848,2.96002,490.225
5.30984,4.6377,2394.54
2.50796,4.29726,1369.54
4.61621,3.19306,753.792
3.80152,3.60262,822.989
3.78612,4.37799,1596.71
4.71965,4.46721,1927.84
4.32967,5.73319,4644.33
3.69867,4.2333,1400.09
3.3678,4.33438,1483.59
4.71078,2.04315,446.749
2.56275,5.26139,3097.99
3.78421,3.184,570.399
2.50311,5.06312,2642.14
3.21779,3.78649,891.505
4.64256,5.09294,3016.26
3.50021,2.51803,291.672
4.65143,5.08844,3008.27
3.78413,2.5607,342.42
3.92936,3.37862,699.023
5.12491,3.96617,1471.18
3.69154,3.05685,497.497
3.08163,5.72586,4429.85
3.0182,3.71155,812.959
4.04221,4.90502,2491.92
2.90228,5.43927,3572.7
1.91862,2.72004,243.304
3.68785,4.55606,1833.38
3.0145,3.51483,670.675
3.20211,2.52825,261.012
5.14559,5.48704,4154.63
3.58075,3.25781,577.369
3.53928,3.58478,773.161
3.40791,5.59552,4062.91
2.24604,4.94366,2388.47
4.7659,4.19879,1596.66
3.07597,3.36448,582.908
3.06931,3.30629,548.997
3.58984,3.71134,873.844
3.46737,3.48208,693.591
1.98365,5.64697,4124.88
3.6544,3.91302,1056.34
2.91022,3.25803,508.179
4.10837,4.77048,2257.5
3.26423,4.63218,1900.21
4.59866,1.73472,383.396
2.81994,4.80061,2148.31
4.06897,4.68813,2108.24
2.26363,5.11848,2753.94
5.10393,4.70579,2426.52
4.34658,4.18752,1470.46
5.75476,6.08974,6444.17
3.55012,3.6911,853.709
3.98887,2.17442,296.985
3.51971,3.38119,637.876
3.2639,3.4224,632.575
5.29697,3.45579,1136
3.30543,2.92158,393.53
4.56472,3.7222,1076.65
2.0526,3.22618,449.278
4.65479,3.18244,758.393
5.45777,4.0997,1750.02
4.06568,5.48114,3836.51
3.54454,3.81766,955.071
4.16005,5.33578,3469.51
4.07506,5.29538,3349.67
2.89646,3.25793,508.476
4.39905,3.62291,956.921
3.54377,3.06315,478.587
3.21011,4.37109,1513.98
6.07186,2.87124,1256.26
3.92591,5.58568,4108.5
2.31293,6.75112,8798
5.14313,3.39036,1036.35
1.9864,4.12465,1147.6
4.40802,3.18785,696.146
4.06244,6.62312,8288.26
3.88416,5.53413,3952.48
3.33806,1.96837,173.772
2.20463,4.08677,1113.27
4.8188,3.76997,1191.06
3.96375,3.46022,752.277
5.28643,6.19585,6649.65
1.72733,3.32344,494.565
4.25262,5.2286,3226.19
3.95055,5.35527,3478.42
4.47902,4.23304,1555.93
4.8026,4.40863,1871.26
4.97675,1.8423,511.194
4.27732,4.46891,1814.81
3.98174,2.90145,481.464
5.66026,2.90103,1031.65
1.99421,3.86944,895.033
3.29221,4.77343,2140.66
4.01178,3.75261,974.502
3.36573,3.8417,954.621
4.25773,4.39445,1708.22
2.98324,5.1645,2895.59
4.36997,2.80468,529.096
2.87817,4.79218,2136.44
3.85473,2.75389,408.604
4.49474,3.85846,1170.99
3.93605,5.13337,2944.5
5.90569,3.23358,1313.09
3.33479,4.31928,1459.87
4.5182,3.44372,866.448
3.18076,4.76773,2120.61
3.68075,3.28805,609.096
5.07816,3.04776,835.463
4.06103,4.49065,1801.9
3.21497,4.33634,1469.33
5.16459,2.481,681.87
4.42388,5.03311,2829.18
3.15757,4.30562,1425.88
5.48294,5.57898,4560.11
2.35623,5.32506,3242.85
3.99325,2.18075,298.885
4.95589,3.78227,1245.6
4.15722,3.91299,1143.21
4.51585,5.55359,4142.34
3.36378,5.34812,3375.26
3.17588,5.51807,3813.7
4.85441,3.4184,948.895
4.70285,4.69471,2272.62
4.39174,2.84765,548.111
4.82529,3.28869,865.947
4.36072,4.1565,1438.85
2.15768,4.80074,2116.86
5.43782,3.47399,1208.71
1.6687,4.74643,2006.06
3.8624,4.80495,2272.38
3.90388,3.40409,710.393
4.4041,3.61112,948.38
4.47432,4.32676,1668.72
3.80898,3.47063,734.337
5.95715,3.99792,1904.46
2.34147,2.64043,233.317
4.80133,4.22016,1634.76
4.06539,5.46769,3798.15
5.21398,3.61221,1206.82
4.29498,4.31038,1606.6
2.07838,3.66278,726.786
4.24312,3.19089,659.678
4.74167,3.25889,825.639
4.20539,4.77253,2280.52
5.88857,2.78427,1116.43
1.8512,3.61729,686.228
4.27865,3.79649,1065.97
2.56069,3.07992,399.832
4.59866,5.40556,3754.22
3.23325,4.50325,1702.91
5.38641,5.68945,4853.38
3.38163,3.44755,660.476
4.52172,3.70797,1053.33
5.0072,5.36603,3781.66
3.75369,5.26351,3217.18
4.75298,4.37845,1816.1
3.78185,4.31854,1519.48
3.08418,3.71897,823.66
3.30059,2.97862,417.042
3.64776,5.05178,2721.66
3.91573,5.35325,3467.67
3.1247,4.00312,1083.78
4.03098,4.39527,1661.41
3.45596,3.58407,762.881
4.94761,3.39911,967.921
6.6312,4.59009,3128.79
4.66041,4.03824,1389.47
4.11306,4.81274,2333.19
3.01418,4.3688,1494.48
4.32333,3.64732,955.821
4.70136,5.61304,4366.7
3.25479,2.89677,381.498
4.82383,4.45546,1942.96
3.39218,2.92859,405.695
4.47778,3.69457,1029.46
4.60537,3.93134,1268.87
5.73385,4.86175,2986.11
3.78323,5.08145,2806.06
2.43631,3.329,520.031
3.98651,4.00936,1201.2
5.65232,4.03816,1777.66
5.40791,4.60548,2387.51
2.4302,3.55408,659.479
2.58194,1.9791,115.487
5.85151,3.68521,1570.13
4.20958,3.87906,1121.48
6.62938,2.33911,1516.66
4.21669,5.56855,4115.51
3.97055,2.25079,306.641
1.99873,4.73846,2002.97
6.32892,2.7501,1390.8
5.05076,3.53245,1088.78
4.1182,4.42752,1722.8
2.28837,4.65093,1865.49
4.3731,4.67936,2157.71
2.79748,3.03385,395.44
5.02952,3.84222,1322.19
3.21998,4.2572,1371.76
3.67562,5.49264,3800.13
3.46344,5.28747,3235.58
4.68264,3.04381,700.425
4.02133,3.07009,556.731
6.08698,2.72075,1218.53
4.80108,3.14797,786.308
4.54348,5.42764,3800.27
4.40518,2.97962,600.761
2.59906,4.35332,1445.92
2.24397,4.65071,1863.14
2.58266,2.61263,235.056
3.79151,2.88601,443.836
4.20965,3.32453,722.612
3.31518,3.86889,973.014
4.24731,4.50282,1856.98
4.42019,3.71788,1033.14
3.83227,3.24541,607.682
3.70371,3.01938,482.337
3.59558,4.97498,2556.39
4.53619,3.8154,1144.17
3.94808,4.4637,1742.24
4.78822,5.67359,4581.09
3.51567,4.59394,1868.68
3.54592,5.9942,5410.38
4.79446,2.77431,634.396
3.85245,3.6447,861.522
3.42204,3.50695,706.003
5.29616,4.0944,1669.85
3.74841,3.3959,679.16
3.98082,4.86789,2407.49
1.86288,4.2451,1283.01
2.70179,4.86139,2249.61
3.76641,2.60225,351.955
4.71533,5.41938,3825
3.56847,4.73093,2099.37
5.09385,4.48846,2085.42
4.42134,4.07071,1359.5
3.5931,4.66525,1992.3
2.97111,5.03771,2620.16
5.02154,4.58433,2199.59
4.1454,4.93186,2563.81
4.7465,4.67758,2258.32
4.35337,3.68794,994.247
5.23514,4.20269,1767.37
3.41249,3.00716,440.507
3.40658,5.4474,3643.71
3.93079,2.88968,468.445
3.83828,3.84334,1020.55
4.48664,3.42421,847.011
3.17445,2.43789,236.894
3.67557,4.04207,1184.91
4.82685,5.70143,4678.88
3.92628,2.97857,501.834
3.16338,3.85754,947.587
4.86887,3.90176,1319.02
4.1427,4.67774,2107.7
2.8701,3.71132,801.54
4.33997,5.33697,3512.76
4.23688,3.56252,876.244
3.61251,3.43216,682.604
4.17687,5.6801,4443.8
3.62514,3.55931,765.802
3.32433,2.3783,239.331
4.25521,3.72723,1002.45
3.35283,3.43764,652.866
3.34955,2.56483,284.712
3.70067,3.04625,492.857
4.07398,4.36637,1631.26
5.89372,1.5836,908.241
3.95742,4.10041,1292.78
5.2655,5.64475,4663.94
5.0155,2.4403,619.864
3.62185,3.29091,601.21
2.93608,3.97442,1037.42
4.44434,4.55306,1978.54
4.41199,6.19894,6376.92
3.50392,4.70364,2044.54
4.51778,3.69251,1039.78
5.12231,4.62792,2305.39
2.91863,5.58143,3975.19
4.04454,2.97168,521.3
4.20739,5.42994,3723.21
4.27028,3.17524,657.689
4.96025,4.0366,1480.35
5.00891,3.51839,1063.41
5.67467,3.79194,1560.62
3.92383,3.00534,511.29
4.46904,3.69006,1024.8
2.93353,2.96404,376.144
4.56388,0.907069,332.868
2.96502,4.62449,1861.29
3.24173,4.15274,1252.06
4.17769,4.05377,1285.7
4.97466,4.20216,1668.6
2.79718,4.93019,2388.88
4.19545,3.82765,1072.36
1.88647,3.01209,346.446
4.65455,2.62077,547.75
2.2912,5.69875,4298.3
3.71274,2.07038,234.704
4.36833,2.77135,515.386
3.72896,3.24511,592.058
4.53948,5.95914,5472.85
4.22703,5.49232,3898.96
4.72882,4.95478,2753.14
3.64643,2.99226,461.971
3.48219,4.64973,1952.37
6.72595,4.85657,3663.26
4.95752,1.87336,506.439
3.55144,4.72016,2079.53
4.38773,4.79566,2362.13
5.24958,2.49327,720.743
5.52622,3.61381,1345.61
2.88342,4.44631,1589.52
4.95444,4.42236,1939.48
4.87458,4.76643,2450.38
4.06858,4.91554,2516.82
1.80537,2.70016,233.585
3.93524,4.57122,1897.5
3.63436,2.0722,223.042
3.85302,4.15216,1330.66
3.68393,2.57268,329.032
5.48897,3.24472,1099.13
3.0411,3.86869,945.346
4.21918,4.87656,2472.03
3.11301,3.43625,628.092
4.90223,2.03458,507.713
2.42238,4.14029,1181.33
4.92005,4.79374,2510.73
4.47124,2.66266,509.529
5.17773,4.83593,2681.5
4.24169,5.40534,3664.95
3.87285,5.01911,2688.61
3.97544,3.12975,575.262
4.62933,2.82581,602.731
3.53804,3.29345,590.889
2.41964,4.47085,1597.44
6.54058,5.06354,3921.42
3.74564,2.62068,352.138
5.73591,5.8285,5476.18
4.35692,4.6445,2099.57
2.80602,4.66674,1918.45
4.1854,3.74004,998.244
2.73336,4.49246,1644.67
3.83182,3.14308,556.887
4.85739,3.807,1232.04
4.66372,3.09677,721.474
3.38458,4.99408,2567.79
5.18541,4.24122,1793.13
2.45457,5.3318,3265.06
4.99223,5.00693,2946.9
4.16227,4.20833,1453.54
3.91045,3.37656,694.281
3.82013,3.79711,977.022
2.51767,4.34902,1435.23
5.31502,3.29095,1045.98
2.49685,3.00265,363.627
4.42814,2.10938,378.678
2.91022,4.44316,1587.48
5.5834,4.69493,2615.79
2.67782,3.9786,1023.01
3.52511,3.70059,858.83
3.17869,6.0242,5482.13
3.28037,1.71437,140.836
4.24715,3.45649,807.376
4.76717,2.48267,545.594
4.5162,2.15986,410.443
6.67484,4.60998,3198.16
4.90127,5.21829,3379.65
3.83481,3.08608,530.008
3.52399,3.33981,616.201
3.38605,3.14571,498.931
4.65416,2.42459,496.268
5.35878,2.54644,777.038
5.12828,2.86532,782.596
3.7145,3.84126,1000.22
2.54503,3.24642,479.639
4.90685,4.51062,2049.7
3.70103,5.80342,4756.05
5.24531,5.22647,3528.68
4.01044,3.78504,1001.45
2.00175,3.24541,459.189
3.72172,3.04309,495.829
2.23121,4.66586,1887.96
2.97165,4.0058,1072.25
5.9253,4.20041,2105.82
4.55441,4.49264,1916.69
2.60508,4.20003,1258.69
3.62925,5.00805,2628.45
3.14808,2.63011,281.721
2.45334,3.94046,976.175
3.085,4.53053,1727.3
3.96952,3.73197,949.833
3.05359,5.05671,2667.11
4.69088,3.6897,1084.29
4.60535,2.85209,605.344
2.87042,4.39576,1520.49
5.03332,4.14696,1626.23
4.43271,3.37962,804.573
2.95724,5.57204,3949.4
4.48794,1.73387,352.686
4.64022,4.70956,2280.19
4.32595,2.61594,460.84
4.27412,4.03373,1286.33
2.79592,5.52388,3799.2
6.08771,3.43831,1540.27
4.22681,4.3131,1594.57
3.77983,4.1827,1354.06
3.77221,2.62927,360.049
4.38058,3.8091,1100.5
2.59528,3.23638,476.981
3.82223,3.93919,1106.85
3.89361,5.00323,2659.4
4.60484,4.85897,2532.4
5.21075,3.92552,1465.81
5.0295,4.0789,1550.14
3.47118,2.93944,417.854
6.72322,4.51353,3090.42
1.17644,4.81738,2129.2
5.43348,4.02645,1659.35
3.263,5.01867,2606.78
4.53675,3.52386,921.849
0.803563,4.50741,1618.33
2.52706,4.88728,2288.63
3.69753,3.75331,922.897
4.71775,4.25823,1651.92
5.09647,4.56875,2203.94
4.07186,4.66249,2067.03
3.48971,4.80674,2222.14
6.22219,4.09369,2174.68
5.31521,5.17367,3434.09
3.5101,4.77436,2168.88
3.04314,2.8309,336.399
3.82286,4.12979,1301.07
3.55303,6.14711,6005.45
3.76089,2.91596,450.207
3.62848,4.15286,1297.42
2.85337,3.8057,878.499
5.55039,4.43068,2197.05
4.32542,4.50129,1872.01
2.21162,3.95319,975.991
4.34352,4.44786,1799.97
2.95643,4.19323,1275.31
4.18111,3.48359,808.602
4.54023,3.41691,854.804
3.1932,3.74151,852.969
4.45954,3.19292,709.377
4.61494,6.15898,6265.23
4.0497,4.41782,1695.87
4.83484,3.52404,1008.42
3.88805,5.56358,4037.42
4.7491,4.10231,1482.96
4.58231,4.43897,1846.99
4.39665,4.42161,1775.33
4.76659,2.01423,461.69
3.02396,3.67468,786.317
4.41846,4.06598,1351.14
4.41673,5.4665,3870.2
5.92825,5.02352,3414.63
4.53925,4.74191,2307.49
4.5131,4.28512,1627.62
4.95369,2.238,555.449
3.10522,4.78591,2143.07
4.33536,6.2466,6563.5
3.6815,4.92302,2466.27
3.92875,6.10934,5910.06
5.88878,4.66299,2726.98
2.9189,4.42237,1560.86
4.40393,5.11214,2995.72
4.52258,4.14548,1466.2
3.30072,2.31685,223.547
3.22808,4.06218,1151.75
4.37122,4.9584,2666.02
2.53625,5.30557,3204.35
4.66539,3.53569,967.221
3.40867,5.07349,2737.96
5.59891,4.33501,2092.75
4.61036,4.07355,1411.94
4.03102,4.12879,1337
3.55332,4.01012,1136.54
3.60887,4.72014,2087.42
4.74028,3.94237,1317.13
3.21229,3.31922,568.554
3.80183,3.75009,935.642
4.49741,4.48259,1891.17
3.51283,3.60454,784.292
3.25281,6.66752,8404.93
2.8306,6.40185,7044.81
4.23872,4.66036,2096.72
5.46055,3.88541,1536.75
4.8614,5.87359,5261.64
5.31805,3.87566,1464.48
3.35104,5.44367,3625.38
4.52535,5.34078,3566.3
4.6732,5.55604,4193.68
3.95298,3.55873,817.768
2.88747,4.93832,2410.88
5.45871,3.5856,1292.8
4.26924,3.372,762.248
5.86194,4.00998,1861.91
3.48689,3.86519,990.847
3.46271,4.53139,1767.39
3.55799,5.79722,4714.61
1.69282,5.19845,2919.53
3.26776,3.49291,678.887
4.59581,5.02047,2849.7
4.67864,4.47991,1935.21
4.08999,3.35892,717.49
4.18509,4.83141,2380.24
4.7425,3.20098,793.586
3.4482,1.06895,127.334
3.1303,3.40493,609.248
3.62668,3.72097,886.677
2.06906,5.63812,4102.13
5.46078,4.31146,1996.76
4.16354,2.68859,446.641
3.48217,3.42734,662.122
4.5763,4.98352,2769.05
5.77713,4.54082,2472.41
3.20219,5.13758,2856.93
3.69544,4.42387,1645.48
5.0975,3.66773,1203.83
2.44348,2.50319,201.57
2.88085,2.569,243.677
5.11958,4.67394,2378.03
5.07014,2.23007,596.643
4.38523,4.03111,1311.05
4.68745,4.53418,2014.94
4.46054,5.27207,3379.41
3.38358,5.01935,2620.63
5.5451,4.80964,2796.87
2.90413,3.8324,903.904
4.13622,4.66899,2090.82
4.21492,2.66035,448.065
6.50612,5.15748,4100.51
5.12225,1.92155,574.048
3.15584,5.34191,3339.19
3.27746,4.56962,1804.73
4.28428,3.4645,821.987
4.01136,3.562,829.978
4.2882,2.45214,412.233
3.60127,4.23313,1384.6
4.79625,5.79609,4976.08
4.40864,4.65188,2124.37
3.88676,3.9102,1089.22
4.2172,3.16266,640.402
3.11967,3.72083,829.455
2.59548,6.99799,10273.7
4.04323,4.94299,2564.16
4.53649,5.18913,3201.98
4.26391,3.91268,1165.83
4.40526,3.03594,626.304
4.36666,4.00652,1280.09
3.67339,5.08303,2792.01
3.51583,3.12061,502.065
4.72604,3.15855,766.839
3.99788,2.3809,335.711
4.90789,4.81117,2537.77
4.12726,1.40285,246.756
2.02737,1.8914,82.9716
3.65447,3.38378,657.058
4.20133,4.69448,2144.88
5.20807,3.72579,1291.05
4.13494,5.30138,3379.42
4.43582,2.81516,549.566
4.03588,4.66804,2069.45
3.47662,4.37689,1551.66
5.13808,2.44828,664.341
4.06081,5.22348,3174.2
4.94408,3.77116,1233.34
5.20991,4.0408,1578.73
4.8222,4.23624,1658.28
4.88824,2.88886,704.679
2.87058,3.51037,656.104
4.50321,5.31673,3501.27
4.13193,4.40798,1701.18
5.15484,4.9703,2931.29
2.68155,3.70182,780.765
3.77855,3.90818,1072.19
3.67747,2.04229,224.157
1.82193,3.17515,419.588
3.43279,5.53589,3892.27
4.63281,3.90978,1256.31
5.0891,2.70484,714.134
4.80789,3.88333,1282.41
3.34259,4.16509,1277.59
1.29557,3.91191,920.117
4.8945,4.61015,2195.61
4.19641,4.06706,1303.7
2.90346,3.72108,810.258
5.23275,3.55717,1177.58
5.66141,5.02851,3277.27
4.25306,5.18052,3115.8
2.99849,4.53373,1724.96
3.45421,4.03541,1150.24
4.02023,3.76993,989.711
5.7985,3.6396,1504.84
2.99868,3.49676,656.372
5.12585,4.66268,2363.35
3.40818,6.55995,7863.61
4.73588,4.85611,2567.63
3.00729,3.19432,482.186
2.90348,3.39114,583.828
3.49606,4.46836,1679.62
4.9779,2.46714,611.211
4.88381,3.66105,1122.61
3.67347,5.1887,3026.67
3.98174,3.09099,559.608
4.58515,4.29991,1665.33
4.40377,4.49085,1875.38
3.43821,2.90877,401.882
1.88847,5.22421,2981.65
3.7855,4.62298,1951.61
2.75953,3.8452,905.774
3.28706,4.38393,1539.25
4.88692,3.41434,955.368
3.29736,3.03786,437.261
6.267,4.06058,2169.85
2.3656,2.90705,322.147
5.35198,2.39148,741.099
2.95504,3.18183,474.047
3.10814,2.91928,373.476
4.58704,3.68886,1055.23
4.80614,3.67051,1104.34
3.80706,4.69351,2071.13
4.60658,3.65617,1034.87
5.24053,2.34099,682.743
5.23057,4.1443,1697.84
3.36833,4.23228,1357.77
6.33101,5.61567,5169.95
5.71729,4.93581,3118.79
4.58136,4.04327,1373.25
2.70591,4.0314,1079.54
4.8698,2.82126,674.659
2.48957,4.52669,1681.05
4.05399,4.26286,1496.44
2.79664,5.05252,2637.05
3.70868,4.16608,1324.51
3.04578,4.08195,1155.12
4.76474,2.99417,705.825
3.68799,3.45267,705.148
4.1472,3.76372,1010.19
4.25025,4.29002,1569.46
3.25388,4.05964,1152.28
3.8906,3.88663,1067.72
3.72575,5.00706,2639.09
5.88596,5.63844,4949.56
3.17045,2.54199,261.076
3.40844,4.88973,2366
4.31436,3.98668,1247.25
3.79055,2.68669,379.764
4.30132,4.1655,1434.41
3.46596,4.37073,1541.65
3.21934,4.90154,2369.35
4.57404,3.54992,950.944
2.8386,5.91263,5042.34
4.80543,2.8814,675.354
4.94108,1.84152,495.907
3.30318,1.98868,171.201
4.08155,1.95185,284.147
4.45986,5.30193,3453.48
2.86363,1.56643,92.5524
3.41928,4.82171,2239.5
4.74523,2.77755,620.506
4.02781,4.56226,1900.75
3,4.52741,1716.16
2.48677,4.18632,1234.84
3.97527,4.20804,1416.87
5.09963,3.48463,1075.96
2.80598,4.3535,1459.92
4.78664,3.66299,1093.11
3.06198,2.00522,150.515
3.88537,3.52528,784.386
3.53536,3.72459,875.477
4.93278,2.53231,610.197
4.80198,3.22548,825.498
4.02623,3.27262,657.228
3.30604,5.8042,4709.59
4.95264,5.0224,2964.06
4.96534,3.37976,962.251
4.01825,4.57634,1919.14
4.17035,4.23017,1479.52
3.47327,4.3117,1468.22
3.71881,4.44059,1672.97
3.35699,4.21766,1339.77
5.88988,3.97396,1842.88
3.54046,3.09787,494.716
3.85528,3.28217,630.767
5.56596,5.26562,3762.84
3.2684,5.54337,3897.04
4.91873,4.98028,2866.91
5.01016,4.64629,2294.75
3.36978,5.33035,3332.26
4.3058,4.29784,1592.66
3.93656,4.23786,1443.73
4.21618,5.54699,4051.93
3.7608,5.03127,2694.66
4.66696,5.70519,4642.68
4.116,5.6022,4191.03
4.44788,3.37201,806.504
5.25717,4.29233,1884.02
4.45295,3.39353,819.483
4.17628,4.89386,2495.27
5.1166,6.17352,6490.4
2.87535,3.71417,803.727
5.34973,3.77654,1393.68
3.74066,3.05846,503.36
4.77753,4.62899,2187.73
3.59369,2.40522,277.795
2.57974,5.05674,2635.1
2.02771,5.22702,2991.71
3.37809,4.12219,1230.64
5.74713,4.68392,2678.97
2.78485,3.897,952.137
6.12529,4.86567,3225.37
3.99628,5.23061,3179.42
3.92994,4.02212,1205.47
3.12769,4.48113,1659.36
4.09434,3.91737,1133.94
4.28009,5.00137,2730.57
3.61595,3.69933,868.414
4.97265,4.62567,2245.41
3.50266,2.21993,231.499
4.41198,3.16853,687.05
5.01124,3.97689,1437.86
4.39002,4.27323,1582.09
2.81435,3.41903,592.519
4.30232,3.77154,1051.92
3.99648,1.81235,251.455
2.89023,4.2844,1375.57
5.85844,4.14553,2005.37
4.28719,4.3625,1671.65
5.15729,4.02376,1540.14
3.99775,4.00506,1201.16
3.43349,4.15612,1276.36
4.88759,3.67814,1136.73
3.87487,5.33175,3405.85
4.89078,3.36613,928.417
5.19849,5.62106,4563.19
2.05934,3.42843,565.097
5.16651,4.32022,1884.4
2.97302,6.17459,6058.75
3.38019,4.71091,2041.84
3.45195,5.63944,4200.02
3.8179,3.77998,963.308
4.4976,4.51814,1938.17
5.21463,4.01287,1553.1
4.98739,4.33994,1842.07
3.8601,4.29963,1506.75
4.69767,4.16406,1535.76
3.19599,4.77589,2135.11
4.95742,2.8453,712.339
4.4898,2.47299,464.512
4.12412,4.19028,1425.25
3.8603,4.87761,2406.71
5.42425,3.85127,1490.83
4.61845,3.79166,1146.76
5.78699,3.26865,1265.91
5.47001,5.19607,3551.86
5.29357,4.61582,2355.47
5.32233,4.69754,2500.29
2.69886,4.42503,1546.82
2.42137,3.93137,965.056
5.12312,2.55425,684.506
4.01186,3.66677,905.095
4.48414,3.37431,813.893
3.16888,3.41569,621.277
2.35747,5.12125,2762.74
4.85043,3.38944,929.498
4.19972,4.36173,1651.43
4.6047,4.10463,1443.02
5.51245,4.28904,1991.66
3.72406,4.12878,1284.46
5.71156,4.21954,2008
4.99263,4.63791,2273.29
4.53318,4.79771,2402.89
1.94112,2.71501,242.487
5.09276,4.56541,2196.82
3.1503,3.46622,651.009
3.80676,3.54704,783.163
5.11001,3.34387,993.419
3.61271,4.30773,1480.76
4.98008,5.19117,3342.44
3.47373,3.92173,1040.79
2.73837,3.91962,971.839
5.52608,4.82207,2808.23
4.6184,3.3755,851.181
3.49134,5.33877,3368.24
3.39697,3.7828,908.696
4.6022,4.75487,2346.75
5.49814,4.00973,1672.58
4.87636,1.58311,454.88
2.70872,4.73037,2019.07
4.93235,4.01966,1453.63
4.67382,5.87066,5194.03
2.95671,4.03527,1101.24
3.27176,3.93252,1026.67
5.46317,2.74968,883.425
3.69967,5.59864,4110.64
5.14831,2.25178,629.686
4.75649,5.406,3802.14
3.47692,3.31633,596.292
4.84686,2.79195,656.492
5.09539,3.2473,936.861
2.77549,4.35156,1454.05
3.80726,3.92853,1093.41
4.74553,3.18994,785.668
2.06832,2.56277,202.047
4.51762,4.77624,2360.88
3.36283,2.9015,390.962
3.82548,2.52134,338.369
3.67249,3.3586,646.145
2.57068,4.15849,1209.2
3.22654,6.34045,6796.08
3.89536,4.39322,1635.54
2.79409,4.59506,1802.84
4.38752,4.7573,2295.06
3.32503,3.27664,556.607
3.35502,2.39085,244.728
3.60951,2.90593,424.642
3.65478,5.31706,3335.03
3.67274,3.66371,848.344
2.61948,5.31602,3232.68
3.98901,4.38451,1639.72
4.11554,0.869187,226.346
4.698,3.985,1345.35
5.19017,2.67075,743.975
6.29344,5.16625,3962.4
4.48709,1.81802,358.556
4.40501,4.53483,1940.84
4.79594,5.09741,3073.03
4.84125,4.31232,1755.46
4.93549,2.16031,535.661
5.09757,3.94606,1441.05
5.24032,4.61486,2333.31
4.62474,4.31479,1694.97
4.25455,4.68352,2141.22
4.81747,1.48327,429.757
4.24516,4.31172,1598.92
4.84456,3.73326,1166.68
2.51308,4.05772,1094.46
2.97455,3.93054,998.438
4.31028,4.61511,2041
3.66426,5.4323,3636.13
3.89032,4.31826,1536.05
2.91974,3.51369,661.607
2.79318,4.48406,1637.27
3.98947,4.41205,1678.63
3.59916,3.7882,937.56
2.66927,5.22515,3016.25
4.48273,4.48931,1892.3
4.35182,5.32671,3488.23
1.73868,2.97871,329.889
3.12278,2.58575,269.301
3.02875,4.64763,1903.72
2.96498,4.74044,2052.6
4.19449,2.85697,506.905
6.30463,3.45189,1696.09
3.99203,3.27829,652.42
3.23218,3.31282,565.576
4.58146,2.9714,645.241
4.43318,4.52789,1937.62
2.99149,4.9848,2513.04
3.37926,2.14228,203.104
3.17085,4.2535,1363.45
3.34191,3.08682,464.394
4.38885,3.5324,890.359
4.82779,4.10378,1506.5
4.44352,3.78044,1090.43
3.41255,3.81327,934.389
3.18824,6.56255,7854.03
4.12639,4.65642,2067.58
4.59673,5.20647,3261.41
4.59237,6.81918,9486.69
3.50397,3.78255,920.009
3.19361,5.10602,2785.56
3.97033,5.76249,4665.96
3.35554,4.71037,2039.58
4.3959,1.80367,336.851
3.62531,3.63669,820.645
3.70653,4.28669,1468.88
3.26756,3.26193,542.678
1.39122,4.74745,2006.26
4.41209,4.39664,1747.53
5.41954,6.43906,7791.1
4.0475,2.98458,528.162
2.53632,4.05725,1098.07
2.89802,3.60465,723.095
3.02251,2.47688,233.206
5.14719,4.12672,1647.62
5.88922,2.81578,1127.51
2.66954,4.19192,1249.75
4.33466,5.24749,3291.23
6.39631,3.45032,1762.61
3.30229,4.17765,1285.54
4.49303,5.48953,3953.5
5.63827,5.93622,5802.72
4.67624,4.80797,2459.52
4.49595,4.63869,2124.17
4.5464,5.87942,5188.69
3.92305,4.41017,1664.15
3.46747,2.67843,329.394
3.92906,4.10921,1296.11
2.83695,4.0678,1125.13
5.03526,2.44548,625.148
3.47936,4.60962,1889.12
3.0915,3.5709,714.917
5.23951,3.57317,1191.55
4.11125,5.45243,3764.4
3.8326,2.52562,341.119
3.94081,3.03489,526.878
4.51162,3.81266,1137.16
5.33603,3.47071,1163.34
4.22525,5.50864,3944.93
5.97744,4.24678,2190.66
4.35693,4.14885,1428.66
2.24138,5.90677,4992.47
4.58847,4.34188,1720.52
5.29117,3.04916,918.825
3.86877,4.62462,1969.38
4.60961,4.41297,1820.1
2.69198,3.41324,583.263
3.9232,4.82251,2316.2
2.06651,4.96889,2432.32
3.66686,4.63635,1956.2
2.81303,4.76014,2074.78
4.5066,5.00197,2786.48
3.67204,3.86463,1015.36
4.55133,5.29522,3460.71
4.06072,3.60101,866.217
4.83242,6.24378,6685.95
3.18195,3.13714,470.946
4.57422,1.97599,401.949
4.53712,3.52703,924.496
1.41008,3.9257,934.078
4.6937,2.67312,572.876
4.91053,4.04043,1468.77
4.75426,3.86937,1254.68
4.87249,4.48944,2006.18
3.20672,3.74268,854.661
3.39853,4.48878,1698.7
4.77109,6.64618,8583.14
3.66523,4.18478,1340.71
1.33134,2.52098,176.752
2.68896,4.39175,1499.49
1.86915,4.51282,1639.11
4.69172,5.11321,3074.25
3.45246,5.03428,2661.56
4.66573,4.56259,2050.52
4.6903,5.43752,3864.99
2.83159,4.65293,1895.37
5.29723,4.49546,2174.34
4.62396,2.63676,543.811
3.64398,5.38554,3509.94
4.14064,3.69218,950.317
4.88514,4.23603,1677.67
5.07347,6.15423,6395.05
4.60341,3.66909,1043.16
5.29618,5.37091,3905.6
4.45583,4.24823,1567.8
3.75089,4.91552,2461.22
3.14252,4.60204,1840.27
4.26173,4.52557,1893.84
5.60133,3.2403,1152.34
4.33041,3.16356,665.053
3.55113,1.21538,143.739
3.22285,5.06858,2707.32
