3
5.60291,2.89108,2508.41
4.25196,3.33476,811.3
2.96624,3.76025,305.252
2.74326,4.02676,302.376
2.69793,3.5585,227.66
4.6563,4.24718,1299.17
4.09706,4.73332,943.561
3.71151,2.46503,426.242
4.88784,4.01147,1513.78
5.21316,3.47703,1883.61
3.55607,3.75917,477.188
2.75087,3.57781,239.825
4.99303,1.23418,1457.08
7.31566,3.16171,8271.49
3.88745,5.5177,1069.75
3.06114,3.90602,345.016
3.68808,2.37951,410.235
3.78211,5.74717,1108.68
5.21072,3.63415,1901.27
1.54999,3.82853,182.637
3.24919,3.81122,380.295
2.04293,2.17412,58.3549
3.91816,4.03512,692.145
3.2626,3.83864,388.35
4.52693,3.90365,1111.95
3.07325,2.91757,236.302
2.75074,4.52659,402.797
4.70405,4.37003,1373.47
5.13239,4.79106,2005.62
4.148,4.55496,936.783
4.81967,4.24681,1475.86
4.15915,1.32808,645.121
1.1996,4.2995,259.331
5.07391,3.67956,1708.9
5.88966,4.82563,3431.73
3.54889,5.6542,966.47
2.46898,6.23699,993.145
4.1486,5.70507,1305.25
3.54106,2.561,357.64
3.18902,4.23589,434.457
2.9864,2.37129,183.967
3.83685,3.40443,560.1
3.33885,3.19375,334.429
3.98936,3.75606,689.142
4.24254,2.8145,761.78
4.74007,2.42719,1188.48
4.92614,3.80822,1530.47
3.29727,4.29601,476.977
3.27327,4.60829,538.293
3.74149,2.70788,453.664
5.09912,4.75791,1951.97
4.06539,4.37614,842.954
2.95569,3.12103,226.53
5.05391,2.97342,1604.95
5.56734,3.73265,2524.95
4.30352,4.40323,1017.32
3.88085,3.18861,562.17
4.79136,4.16033,1429.42
3.86298,4.74911,813.559
3.11331,3.21244,273.258
2.78474,4.00408,305.823
4.41836,3.38506,949.616
4.79961,3.0294,1290.95
4.40743,4.3154,1080.31
6.67861,4.54584,5710.37
3.58965,3.1259,418.776
2.34256,4.25965,295.197
5.32655,5.3883,2491.45
4.18975,4.55027,964.194
3.80722,4.25465,669.479
3.36102,2.32307,281.597
4.13314,3.41726,736.992
4.93299,4.33157,1630.99
3.65035,4.17359,583.119
3.47474,4.8725,673.645
1.81581,3.62266,160.005
5.17002,1.86749,1713.61
5.12748,4.60202,1951.03
2.45387,3.91107,245.291
3.23461,4.49223,500.254
5.5129,3.97902,2462.18
3.00382,6.04771,981.719
5.76207,3.82879,2939.35
1.23106,3.32114,112.219
4.04331,4.75462,916.305
4.68493,3.3155,1192.54
3.49048,3.27658,393.813
3.26019,3.54659,347.801
5.50126,4.08077,2457.34
4.07471,5.06276,1023.63
3.35913,4.36009,509.489
6.53426,3.3275,5005.41
3.74696,4.39281,671.857
5.53472,3.31686,2411.77
4.05306,5.31084,1090.7
5.19749,4.93677,2142.79
2.61703,4.10109,296.722
5.53565,3.80043,2475.74
3.60347,3.64468,481.58
2.63058,2.81988,148.81
3.6555,4.24666,599.318
4.75541,2.80011,1226.44
3.26428,3.82745,387.17
3.22153,4.75655,560.334
4.55895,4.41463,1238
3.40252,4.24228,501.088
4.12521,6.9091,1956.29
4.06506,3.60537,714.675
3.51292,4.39581,571.95
1.42316,3.06167,89.0853
4.30788,5.31088,1270.2
3.55608,4.09056,528.756
4.15577,2.27271,667.814
5.34183,5.58834,2594.3
4.70902,3.33769,1220.71
2.98312,2.93422,219.093
3.42777,3.08018,350.928
3.8128,5.29741,951.12
4.40312,1.84879,841.93
4.24121,5.02683,1128.3
4.79036,3.53196,1335.44
4.1301,3.34923,726.056
6.20922,2.72565,3942.57
1.88461,5.77366,724.281
2.54734,4.95135,482.834
3.65755,3.53978,489.448
2.4698,5.3726,609.903
3.75895,4.62487,728.75
3.22653,4.56006,513.233
3.8562,2.69423,509.642
5.44513,4.58397,2456.35
4.16728,3.69265,793.631
5.04143,0.997544,1519.37
4.23218,2.93142,759.389
4.65227,3.58641,1192.13
3.4615,2.285,312.273
5.77155,4.39001,3059
3.7224,3.90678,572.881
2.62557,2.76033,143.497
4.85945,4.59161,1598.32
5.16594,4.84402,2069.02
4.55694,4.33664,1218.37
1.35332,2.85564,74.0529
3.65447,2.86489,424.186
2.86594,4.95791,534.09
3.08814,3.6649,318.623
3.81959,4.74338,790.437
4.63128,3.92689,1217.79
4.78289,3.53836,1324.77
4.48833,5.49859,1488.06
3.88845,4.11164,688.14
4.61103,2.6872,1067.59
0.818668,2.46268,44.0342
3.19792,3.27042,299.723
4.36516,3.95678,981.704
3.93935,5.33839,1033.75
4.53723,3.20827,1038.92
3.59298,2.46663,372.312
2.9526,3.94904,329.422
2.74333,5.42396,665.193
4.34716,5.24615,1278.07
4.70879,5.02949,1545.21
4.99099,3.26954,1548.22
4.52014,3.12084,1012.52
5.29225,3.39819,2000.13
4.34572,2.96079,848.864
3.5594,4.03868,520.374
4.65441,3.26574,1155.9
3.46966,3.89259,464.095
3.67938,3.83188,539.872
3.22698,4.32246,463.033
3.26953,4.08306,428.372
3.59385,1.74248,348.349
5.19641,3.04633,1817.12
4.22003,5.07272,1125.19
4.02911,2.97359,627.534
2.43253,6.47955,1125.86
3.19626,5.06375,640.497
3.41639,4.14741,486.613
4.72442,5.69162,1798.44
4.04301,4.41301,835.091
4.91787,3.60765,1492.78
3.69709,5.40395,932.299
5.19912,5.32272,2267.99
2.00432,2.76768,86.5136
3.7795,3.69028,565.837
3.53524,4.00548,505.646
4.7478,5.07578,1602.35
5.62446,5.15446,2953
5.21607,3.71686,1919.59
5.05798,4.85572,1920.79
3.05932,3.49805,289.376
4.13219,4.27621,865.985
4.31137,0.79274,753.15
3.71012,4.26428,625.998
2.57133,3.81569,245.863
2.9515,5.84894,875.885
4.112,3.30744,710.975
4.15618,3.6498,780.867
4.76895,4.19403,1411.71
4.58058,3.82739,1153.15
4.33561,3.31058,871.61
3.04256,4.82607,534.732
3.71636,3.51179,514.892
4.35162,5.06227,1222.29
5.32226,4.63009,2257.75
2.99121,3.80918,314.612
4.36881,4.05779,1001.05
3.35291,3.5671,379.536
3.07435,3.68125,316.544
4.20729,4.80924,1041.01
3.39008,2.56947,305.492
3.16507,2.39511,228.527
5.55135,3.4599,2461.52
3.95406,2.98505,582.892
3.97672,6.24945,1455.16
3.86088,4.55511,764.24
4.88604,4.9837,1735.3
5.04058,3.78595,1676.82
4.91344,3.32704,1455.95
4.22636,3.95539,875.06
2.54195,3.054,155.178
5.14335,2.92908,1727.1
3.98851,4.61167,849.489
5.32271,3.70293,2086.81
1.86834,4.84691,399.612
3.77767,4.12791,634.842
4.60416,4.9022,1403.73
2.91546,3.21889,227.349
5.08497,3.37718,1687.94
4.21501,5.74083,1365.36
3.93187,4.95459,906.623
4.48611,3.70603,1046.22
3.55626,3.20977,412.884
3.7477,4.87683,789.439
4.19982,2.95757,738.996
4.01964,3.52144,677.258
5.52489,3.08306,2373.73
2.79176,3.37352,220.736
4.34914,4.12311,996.492
3.55806,6.67036,1500.03
5.34968,3.38919,2092.92
1.63757,3.82428,181.232
4.83226,4.1317,1469.87
3.45421,4.58079,591.202
4.86181,3.00089,1362.43
5.0754,4.66991,1894.9
4.26419,4.24843,953.17
5.62996,5.73415,3179.07
2.6566,4.23967,328.892
4.53224,3.35005,1045.76
2.13448,4.00373,234.179
1.3799,5.5759,629.887
4.74078,3.55305,1280.29
3.95194,3.65686,654.257
4.45341,3.64953,1010.7
3.96327,5.77654,1216.57
5.46575,3.98984,2374.82
3.20331,3.17403,291.189
3.7373,3.54037,527.531
3.32814,3.78066,398.955
3.85542,4.74429,807.244
3.09436,3.5669,307.958
5.19733,4.31469,1991.72
4.00052,3.47784,659.721
3.18512,4.04492,397.36
5.77701,5.82331,3525.77
4.19272,4.74396,1012.87
5.74268,5.969,3518.55
4.06927,2.28501,610.183
5.57493,4.88437,2774.95
3.05131,4.91628,561.189
5.97696,3.78522,3431.96
3.98349,4.10227,738.505
3.60306,1.75782,352.741
2.9807,4.01751,345.778
4.43635,3.03099,931.191
5.13177,2.67864,1695.4
4.45201,4.66926,1197.97
2.7551,5.39972,656.945
2.63165,6.03527,908.658
3.53881,1.05964,313.136
4.63848,4.96537,1453.82
4.38717,3.20857,904.474
4.30377,3.2494,842.503
4.14074,5.67166,1286.07
4.85196,5.06747,1717.59
4.23982,4.98911,1115.05
3.05979,5.39441,715.46
3.61432,5.13497,806.592
3.40778,5.26001,767.957
3.63648,5.18035,830.255
3.23589,3.71515,361.518
3.47039,3.38642,397.002
5.68098,3.37928,2709.05
4.23199,3.45163,808.967
3.83925,3.24648,544.372
4.33609,4.07097,977.387
2.10571,1.78548,50.8207
3.33112,4.73934,588.87
1.41519,3.12313,97.3705
5.10102,3.89738,1776.53
3.99884,2.48188,576.539
3.8985,4.07137,685.342
3.88339,2.02902,493.725
2.97194,3.2727,245.298
4.00394,3.29739,639.973
3.39371,4.68273,594.63
5.73467,4.38144,2978.24
3.61831,4.97814,760.36
4.6027,2.79943,1066.2
3.80305,4.84478,806.869
4.88335,5.68958,1977.84
3.98341,3.72782,678.706
2.69211,5.77811,798.67
3.71648,4.54226,689.542
5.39057,3.48454,2172.04
5.75964,3.66362,2910.42
5.6801,4.19927,2826.97
4.29022,3.9658,925.015
3.14945,3.81108,351.865
3.15887,3.60276,328.045
3.56972,3.96897,515.786
4.42863,4.97125,1259.17
4.16184,5.06297,1081.99
3.38296,4.57244,565.053
3.81479,3.78939,598.003
3.12922,3.12888,268.052
2.87923,3.20975,220.323
4.05832,3.56361,703.799
5.24734,3.11609,1899.46
2.98796,5.50237,740.138
4.15909,2.81294,699.795
3.64468,2.21771,385.781
5.00526,4.81863,1838.86
3.2966,2.34864,261.31
3.91762,4.05317,693.709
4.63985,3.26845,1144.09
5.12416,3.728,1784.48
3.76453,3.80604,572.94
1.66764,5.07027,458.829
3.13241,4.79537,548.092
4.93891,5.49002,1968.64
2.9922,3.67801,294.832
2.21556,4.62045,363.333
5.19632,2.78972,1796.72
5.44499,2.85788,2208.77
4.58418,3.07713,1068.82
3.04467,4.18779,388.244
4.92672,5.23647,1861.34
1.75657,4.6888,355.456
3.20564,2.8404,267.313
4.13164,4.34671,880.121
2.6515,4.8973,482.46
3.32427,4.43701,515.104
4.90347,4.07025,1544.97
3.08742,3.18564,262.569
4.22348,4.2343,919.835
4.44001,6.04914,1684.17
4.46901,2.82078,943.24
3.41449,3.29901,368.518
5.85825,3.18508,3076.13
3.32964,1.71484,251.597
4.43196,3.19877,940.923
2.44059,5.33144,591.77
3.91706,2.81568,549.988
4.74788,3.06481,1237.16
3.42089,2.50949,311.416
3.73051,4.66187,723.431
6.52556,3.55385,5000.34
5.80793,3.27306,2971.59
2.45287,6.27397,1010.64
4.82894,4.04004,1450.25
2.63614,3.81385,252.753
4.00729,4.17199,766.08
4.41712,3.17305,927.609
3.62897,3.48247,470.856
4.96605,2.44826,1455.15
2.61297,3.85761,256.762
3.50059,5.10406,750.86
4.08989,7.30367,2235.31
5.56933,1.17072,2380.07
3.22871,5.88888,962.647
5.28538,4.3803,2142.45
5.04714,1.99505,1542.08
2.52516,3.36571,183.412
2.78582,3.71479,262.722
4.27067,4.29824,968.4
3.72584,3.69006,539.553
4.73841,2.61658,1195.08
4.23489,4.02907,893.541
1.06399,3.32589,113.498
3.35455,4.45148,528.112
4.71142,1.91705,1136.26
5.95437,4.02367,3414.99
2.96634,4.27409,389.255
4.87587,4.36697,1568.05
4.30773,2.11938,774.63
4.93271,2.14306,1398.23
3.77374,3.49038,537.584
3.75395,4.00209,600.496
3.72341,4.96437,801.166
6.32226,3.98628,4410.45
2.05989,4.66253,363.379
3.43987,3.90373,455.065
4.31726,5.10963,1210.98
4.03354,3.53774,687.052
3.84272,4.6002,765.822
3.59657,4.69216,675.553
5.31957,3.0957,2012.87
4.30731,5.12847,1208.44
5.42076,3.83753,2270.83
3.79597,3.54114,555.261
5.23067,4.94266,2195.12
4.98719,2.60988,1492.33
4.28535,5.24353,1228.08
2.30007,5.43085,613.107
4.12181,3.40556,729.739
3.75218,4.23267,640.733
4.8583,2.99566,1356.74
3.73281,3.87231,570.314
3.10335,4.35377,435.461
5.24175,4.55834,2112.49
3.86423,2.86714,524.651
2.31849,6.029,871.332
3.31905,4.30107,485.139
4.32963,3.18121,856.684
2.77072,3.39778,220.775
4.30866,4.07726,957.591
4.33272,4.91585,1164.46
4.78484,3.69523,1345.62
2.95282,5.9101,903.852
5.26211,5.48945,2425.04
4.21541,3.43525,795.781
4.09052,4.38852,860.109
3.19145,2.83176,260.934
4.38172,4.15364,1028.85
2.95085,5.20674,628.069
6.37028,3.7013,4514.43
4.70517,4.49014,1400.49
5.03439,2.93902,1575.77
3.61092,4.09641,552.402
2.49892,2.76922,129.537
4.67424,3.96706,1268.05
4.49079,4.328,1156.21
3.89774,4.05168,684.805
2.18273,5.0345,473.039
4.73913,4.46424,1431.71
4.31982,4.54494,1059.2
4.25897,2.10942,735.05
4.867,5.05034,1731.96
1.72615,3.94965,206.263
5.21241,3.81669,1927.18
4.04585,3.56863,698.038
6.06255,3.48462,3610.47
3.79209,3.5953,560.69
4.09244,3.61949,735.064
4.08675,4.74016,940.199
3.14874,3.70903,337.718
2.87485,5.20165,611.202
4.00634,4.72568,887.912
3.84772,3.34527,558.205
2.4362,3.65736,206.142
4.57738,2.58506,1028.1
2.81208,5.02689,544.322
3.71851,2.92042,457.924
3.17518,4.93548,596.56
3.10232,4.2074,408.31
3.62193,4.37931,612.68
4.8152,2.6295,1280.65
4.42215,4.30404,1091.86
3.33099,3.55658,369.482
3.81629,4.1021,648.363
2.94204,4.27082,382.086
5.98558,3.99466,3485.98
4.62847,3.55947,1163.59
4.70924,4.39532,1384.37
4.1257,4.00588,811.852
6.29161,5.22339,4619.55
4.58063,4.85078,1364.09
2.79997,2.5298,155.723
5.84166,3.12453,3033.53
3.35724,3.275,348.062
5.4988,3.64558,2385.11
4.04115,2.64816,613.861
3.01183,3.90504,334.05
2.97277,4.96743,558.773
5.46909,3.06057,2267.79
4.67772,2.72994,1139.53
5.22378,4.10446,1992.24
4.3893,5.51099,1409.34
3.38678,4.36207,520.714
4.23001,4.12774,907.579
4.01875,5.72103,1227.43
3.73095,4.55167,698.583
4.59335,4.28948,1245.78
3.79194,4.77383,780.159
3.89188,4.47012,761.116
4.60541,2.35056,1042.7
4.94352,3.47548,1507.9
4.40815,4.41248,1099.89
4.37527,4.07629,1011.42
2.15246,2.44915,78.1967
3.49695,5.01279,721.617
3.48266,3.63005,432.568
6.44812,3.68632,4759.96
4.40434,2.99308,899.445
2.89807,3.39918,243.24
5.43052,3.8474,2289.83
5.03184,4.51979,1798.72
3.25233,2.29837,247.616
4.94864,5.93828,2169.72
3.17697,4.36593,456.699
1.9199,3.90737,205.857
2.50671,3.2423,167.819
3.68786,3.4379,490.273
4.2803,1.77077,741.211
5.36294,2.43976,2043.59
4.7912,2.99868,1278.32
3.92428,3.97172,683.617
3.13226,4.02478,381.35
2.01603,2.9692,102.804
3.70407,1.88527,399.978
4.37113,4.27938,1044.42
3.40431,5.59287,889.592
3.73151,4.65676,724.313
3.27534,2.93348,291.407
3.96251,3.35207,622.573
5.51962,4.57994,2592.73
4.57101,4.61477,1295.1
3.87026,4.13621,681.603
2.65506,4.20353,323.174
4.38879,3.9814,1003.91
3.36586,2.33343,284.099
5.01558,3.75322,1636.82
3.91427,4.97813,904.308
4.42308,4.99883,1261.35
3.18743,4.99814,619.424
3.62349,2.34932,381.315
4.34378,3.71388,930.425
4.10287,3.67563,747.991
4.81521,5.62787,1870.2
3.82217,2.98399,512.085
2.91555,4.53123,434.364
3.93552,4.9052,894.06
3.66596,4.2281,599.079
3.50619,2.74697,356.791
3.50013,4.21557,529.573
2.82063,4.59583,431.091
4.75093,2.5288,1204.33
5.04818,2.66853,1576.42
5.13842,2.94403,1721.78
4.45588,5.16348,1343.15
3.25179,4.40786,486.551
3.76893,4.30745,663.929
3.14921,5.48455,771.728
5.2444,3.82113,1979.02
2.90702,3.27795,232.683
5.20566,5.9298,2524.25
3.43585,2.59088,319.526
3.8139,5.0484,872.173
3.91346,2.13328,513.582
3.94791,2.11791,532.502
2.33612,3.27057,151.53
3.49259,5.07052,737.95
4.06778,5.98261,1376.93
3.01907,4.81977,526.401
4.09115,3.91295,774.916
5.2828,4.8095,2239.43
2.89275,4.52168,428.02
4.59752,4.94875,1408.14
4.10526,4.76494,959.231
4.84292,4.92408,1664.57
2.96677,4.70293,486.159
3.48431,3.88596,467.748
5.45816,4.7984,2535.53
4.74784,5.42494,1719.88
4.31437,4.70577,1094.28
5.08336,4.63464,1896.35
3.42905,4.30665,522.321
4.64683,3.59759,1187.92
5.03334,5.79868,2215.68
4.26338,2.78628,770.422
2.7132,3.81299,263.193
5.61509,2.37042,2501.07
5.39435,4.20911,2286.83
1.62193,2.51726,57.9062
5.9299,3.74497,3310.11
5.33629,3.93431,2145.74
3.04789,3.90143,343.267
5.17937,1.91682,1729.85
4.1576,3.00684,713.432
2.9627,4.81711,514.782
4.30616,2.45574,785.928
4.67367,3.41841,1192.75
4.48606,4.97481,1310.52
3.76218,4.66367,739.345
3.7323,4.4041,665.352
3.91923,4.97733,906.049
3.33357,4.22896,475.412
4.6639,4.99355,1487.78
3.26145,3.23499,312.365
3.2827,3.05258,303.442
3.51231,5.62516,939.905
4.13062,2.55032,665.021
5.47092,5.80968,2909.37
5.13694,4.2897,1896.42
1.87127,4.8131,390.245
3.20649,3.9278,387.897
3.71194,4.16518,609.778
3.27237,3.18281,311.902
4.68146,2.86935,1152.68
4.17712,5.30964,1174.9
2.68344,3.00512,169.386
5.25176,3.51354,1947.39
4.11647,4.44232,891.618
4.06018,5.18314,1050.98
3.47763,2.33056,322.728
4.48526,4.12645,1113.09
4.91727,1.96527,1373.26
5.11059,5.54627,2217.89
2.68829,5.19147,576.085
4.99961,4.21514,1690.84
4.09273,3.61918,733.53
5.35632,5.53435,2595.53
2.92859,3.49883,260.647
4.69526,3.53664,1229.7
3.41655,5.2126,755.436
6.26564,5.89072,4803.54
6.67077,3.32628,5485.38
1.6152,4.2204,250.048
1.05554,4.83084,378.85
4.64807,4.49929,1341.76
4.93986,5.78984,2091.39
2.52642,3.23916,168.31
3.80994,3.54698,563.196
4.41516,4.44644,1114.12
2.5162,3.15423,159.504
5.00053,3.84797,1632.08
2.65909,4.11118,305.35
5.19787,4.59264,2052.4
3.69259,4.33431,634.414
3.37614,4.32181,505.598
5.15547,3.24805,1773.71
4.22884,4.59114,1002.14
2.8519,4.27336,366.772
2.65545,5.18546,569.066
4.1671,3.13708,732.29
2.31813,5.1073,506.987
2.64985,3.93481,275.416
4.62455,2.63413,1078.53
4.30276,4.63856,1069.11
3.78877,3.90876,603.147
4.0869,5.48626,1176.98
5.50721,2.72353,2312.91
4.08247,5.05188,1025.28
3.56058,4.53395,620.811
4.4522,2.32251,900.095
3.23372,4.26873,452.977
2.11514,3.96368,224.14
4.27447,2.62745,770.358
2.90241,2.54635,175.379
2.6733,4.96408,503.691
2.89711,4.11142,344.667
2.45213,3.53844,191.99
3.74372,3.62336,539.122
4.24386,4.04836,901.331
3.19258,3.78202,360.02
3.39541,3.85306,433.81
5.84188,3.96909,3140.32
2.5235,2.95741,145.542
3.98981,3.34457,637.43
4.2353,2.91683,761.484
1.57887,5.15548,482.788
3.60017,3.59281,473.44
4.64422,3.3271,1153.69
3.99623,2.19841,561.766
2.71825,3.21995,193.572
3.75453,4.69331,745.69
5.88224,1.99052,3062.57
5.023,2.99972,1565.55
4.24694,3.31574,803.123
2.43961,5.49307,652.121
4.5165,3.8338,1094.16
5.4828,1.25235,2218.29
4.15165,2.67811,686.843
2.90827,5.05035,569.607
4.4956,3.64186,1048.33
3.82879,2.95651,512.894
2.3706,4.99272,476.509
4.20236,5.80992,1386.63
4.1173,4.23387,848.316
4.5559,3.98843,1154.47
6.14439,4.32865,3962.14
4.13817,4.51861,921.851
3.57557,3.47005,447.724
3.3191,2.98458,308.46
4.22189,4.52824,981.382
3.63134,3.59435,486.024
3.88909,3.33897,578.997
5.23174,4.38321,2056.71
4.19962,4.18279,893.879
4.03294,3.92745,741.925
3.43271,3.61661,411.099
3.09553,4.41282,444.652
4.41308,4.20362,1063.98
2.56632,5.14937,545.723
3.26716,3.325,323.055
5.00963,3.67849,1619.04
4.60071,3.07096,1084.76
2.33467,4.23358,289.892
5.15885,4.81676,2049.24
3.97188,3.38005,630.632
3.76644,4.35045,670.922
5.90533,5.07895,3543.63
5.13344,2.90629,1713.9
4.46992,4.56453,1191.03
3.50811,3.01377,377.035
5.83865,4.01456,3137.06
2.82504,4.70507,458.13
2.9831,5.45842,721.242
4.48444,3.90756,1077.27
4.73528,3.21256,1236.97
6.24251,3.11806,4067
3.18712,4.80983,564.92
4.76573,5.37038,1718.68
2.86258,4.62861,445.885
3.89216,5.50347,1065.59
1.39598,3.15149,97.052
4.91264,3.09406,1430.65
2.81277,5.51839,712.443
5.47872,5.68776,2870.06
2.98933,2.49138,192.763
5.05358,4.48169,1820.05
4.75426,5.69867,1832.83
3.01597,5.46476,731.583
2.76352,3.24263,201.797
4.15885,4.62458,959.554
3.80497,3.16531,519.034
2.60326,4.22157,317.159
4.07266,4.91442,979.572
5.28303,5.8092,2589.61
3.51295,4.08376,509.522
4.40744,2.18688,856.903
3.63109,1.84885,366.632
4.09058,2.54892,637.914
3.60919,5.08425,787.048
3.87921,4.43031,747.535
4.1126,3.91509,789.032
2.54314,1.73846,90.3451
4.55071,4.46969,1240.58
4.33352,4.25035,1008.64
5.1072,4.39604,1875.82
5.17536,3.42784,1821.42
3.00874,3.52006,280.341
4.35226,4.70566,1122.96
4.80909,1.9099,1244.16
3.20748,3.88223,379.325
4.89343,2.90744,1393.99
4.73402,4.71297,1484.68
5.05442,3.53738,1661.68
3.56986,4.76641,678.094
5.65306,3.15359,2631.84
4.28556,6.70415,1932.75
3.7732,3.46087,532.554
4.09131,5.51443,1191.49
5.87413,5.09174,3472.49
3.70487,3.658,526.981
6.29606,4.71857,4482.82
4.59905,2.79636,1063.56
5.04202,5.2831,2029.4
4.92097,4.20366,1589.72
5.20224,2.12803,1772.04
5.87055,4.14936,3236.4
4.86507,4.83241,1665.96
3.15909,5.11294,645.2
4.44161,4.54823,1160.04
4.32252,5.46858,1338.14
4.40905,3.40186,944.395
5.71,4.82431,3030.63
3.60092,3.54778,468.095
4.05051,1.95747,587.302
2.79632,4.38418,379.636
3.88191,4.10088,682.85
3.92899,4.81298,866.848
4.59392,4.60702,1314.42
4.82549,4.34957,1505.5
4.38918,3.54153,943.68
5.0268,3.44026,1612.29
3.14824,4.048,390.404
4.9006,4.86768,1717.97
2.29577,4.83755,425.909
5.6843,2.20821,2635.37
3.45086,2.92809,347.632
2.69417,5.31222,618.736
4.22463,4.89506,1077.55
3.26955,4.2338,457.941
3.93574,3.28276,599.034
3.15044,3.07664,267.729
5.22169,1.75434,1790.11
4.29472,3.8236,906.957
5.04052,2.81918,1576.02
3.33514,4.60322,557.894
3.46567,2.46483,325.216
4.48726,4.27534,1143.39
3.82627,3.92406,622.74
3.76955,5.02306,842.513
3.0239,4.65471,487.654
4.23821,4.15633,918.488
4.26973,3.88815,895.046
3.94981,3.87667,683.266
3.92052,3.06201,572.36
4.63809,3.1615,1130.36
5.49653,3.19216,2329.15
5.02883,4.04953,1702.09
4.72101,1.3202,1132.77
6.18435,2.90721,3886.41
4.80404,3.84418,1390.51
3.40719,3.85088,433.473
4.07451,2.26861,614.838
4.62545,4.5002,1319.95
2.60944,4.40289,354.987
3.94194,4.83295,878.179
4.53392,4.52768,1240.1
4.60493,2.83927,1071.7
4.91213,3.43181,1464.86
5.5754,5.37944,2933.24
3.99346,4.49639,824.228
5.97893,4.4896,3564.36
2.69207,4.56794,405.291
4.00745,3.28301,641.055
3.30587,5.28685,743.958
4.11916,4.50899,908.081
4.82842,2.81339,1308.86
4.90394,4.11345,1552.2
2.90813,3.66169,279.014
3.44525,4.72841,624.169
2.93425,4.57669,447.914
5.00418,4.26161,1707.59
4.51228,3.9931,1116.21
4.0359,4.55605,863.687
5.43552,5.17729,2607.38
4.76458,3.61035,1313.99
3.44104,4.62062,596.02
6.20556,4.09405,4085.38
4.10458,4.56605,909.59
4.16033,3.50848,765.3
2.78951,2.61342,159.401
1.94974,3.68687,174.592
3.78519,3.66557,566.021
4.13982,4.33889,883.579
3.18455,5.67815,858.35
4.19847,3.85035,836.792
3.28322,4.25793,464.813
4.10481,5.20486,1087.93
4.60806,3.92648,1194.07
4.25062,4.75681,1059.17
3.27223,4.5981,536.396
3.97285,4.68752,857.552
3.94423,6.35518,1497.23
5.50226,2.87474,2313.15
2.81356,4.26754,359.427
2.37552,4.68233,389.787
3.66948,3.90241,547.956
4.55375,3.58996,1094.41
3.14746,3.81744,352.098
4.11074,4.57386,914.715
3.17858,5.61609,831.442
3.45977,2.81808,343.408
4.68381,3.22297,1182.61
3.30243,3.47831,351.357
3.22311,4.45213,489.427
3.98083,4.33803,783.328
3.47878,2.99924,363.449
4.7249,2.89226,1197.28
4.47453,3.71468,1037.86
5.46143,3.21344,2269.14
4.24056,3.96343,886.126
4.93557,2.73411,1433.23
4.25956,3.83263,878.82
3.93887,4.7744,861.236
3.31428,3.34708,341.394
2.03189,5.70093,702.01
4.02777,3.65758,698.152
4.57153,5.51932,1575.22
4.93265,4.89025,1763.3
5.08944,2.52599,1624.48
4.14741,3.74057,785.282
3.2827,5.99302,1025.94
3.27339,4.7208,566.352
4.15342,5.01271,1060.9
4.45334,4.6777,1203.75
5.07025,4.88466,1943.27
2.86307,3.9051,303.221
3.16038,4.03038,391.564
2.54336,3.44465,193.449
5.80155,3.45506,2977.26
3.0653,4.72158,511.194
2.72364,3.79833,264.407
4.35715,5.3192,1310.76
5.1073,4.06282,1812.59
3.76176,6.32221,1380.56
4.19941,5.17535,1143.39
3.52931,4.72756,653.4
2.92182,5.9421,914.202
3.89314,3.21572,571.224
3.15009,5.00905,609.779
5.19653,3.40244,1852.1
2.84369,4.46529,403.01
3.96745,4.92514,918.027
3.92727,4.01438,693.493
2.97206,4.1081,359.345
5.45346,4.37646,2424.55
4.01053,2.85991,608.921
4.12611,2.9508,687.553
4.11366,3.88469,784.881
3.45804,4.37642,546.202
3.27368,3.88933,399.265
3.35008,4.17223,470.396
4.13098,4.53009,918.073
3.04067,4.00286,356.281
5.48014,4.37531,2474.96
4.10129,4.42916,876.155
4.74633,5.74753,1845.6
4.04738,5.45528,1139.8
4.10021,4.44793,881.628
4.35655,3.9635,976.276
4.1726,3.81187,816.418
5.50946,3.34191,2368.9
3.30073,4.13884,448.17
4.20095,3.43039,784.721
3.50413,4.78245,659.827
4.88948,4.50743,1614.18
5.46638,4.8808,2571.12
2.88811,4.9174,526.693
3.52778,4.4465,586.795
2.55761,3.4585,197.156
4.41401,3.55153,964.157
4.65446,5.13349,1520.43
3.1665,3.1572,279.77
4.42073,2.92969,909.795
5.63595,5.19276,2988
2.79085,3.62189,250.766
2.56237,4.09413,290.139
5.27997,4.71345,2210.1
4.30967,4.93489,1152.13
4.428,2.3165,879.153
5.39165,3.10454,2135.88
4.99494,3.57824,1586.13
4.24338,5.28124,1209.33
2.42552,2.46121,101.481
4.3364,3.22709,864.031
3.90876,4.14646,706.403
4.36315,4.34394,1048.89
3.8891,4.99712,894.577
2.87177,4.80974,493.034
3.00689,4.89797,544.2
4.55881,3.60592,1101.61
3.47447,5.25046,788.426
5.93898,2.88593,3242.34
5.5821,7.06854,3857.03
3.81453,3.6961,582.137
4.88408,3.61338,1452.22
2.95315,3.74728,299.556
4.83859,2.5751,1305.11
4.15757,2.42644,675.684
4.10909,3.81085,769.488
6.61171,3.23053,5263.41
1.98555,4.20936,262.642
3.69092,4.73775,724.911
4.75779,3.85011,1340.11
4.46367,4.79652,1241.26
4.78116,4.34733,1451.98
3.90839,3.7877,646.176
3.51276,3.06726,384.257
3.9228,3.95426,680.464
3.84101,5.14531,914.13
4.42229,4.13174,1059.96
4.2349,3.62846,834.396
5.65275,4.08248,2751.91
4.95738,4.85909,1786.46
3.78651,2.34671,455.391
2.72952,3.64032,243.574
3.65311,3.72555,513.334
1.67953,6.01457,828.442
4.30547,2.94253,815.984
3.21395,4.30787,454.799
4.14552,3.17236,720.845
3.38825,3.31811,361.656
4.79633,5.23055,1704.24
4.13633,4.62098,942.749
4.90075,3.59221,1468.94
4.46754,4.01423,1078.3
5.28395,3.54674,2005.6
3.52317,4.03619,507.481
4.94856,4.34317,1651.11
4.60136,3.03213,1081.23
3.8146,4.49141,724.245
4.61824,3.6255,1161.25
3.27301,3.80033,386.47
