3
3.60119,3.40625,26.8026
4.99296,5.94747,64.9728
4.66855,4.18854,37.6926
3.03665,2.26263,17.3794
2.79406,4.64884,42.7551
3.52561,5.12764,48.1025
3.95627,3.98117,32.9222
5.34867,4.63068,43.135
3.57365,2.43012,17.9918
3.78311,3.10965,23.8504
3.73774,3.23129,25.5549
3.30445,4.3392,38.6659
4.76882,6.04491,67.0618
1.5673,2.31689,14.66
3.77661,2.72021,20.0421
5.27322,3.7996,33.6087
3.79022,4.16276,35.8896
3.49162,4.82152,43.6352
3.46269,2.91703,21.7202
4.79238,1.4536,14.3061
4.66322,4.06869,34.3028
4.32654,5.37206,54.0745
6.12673,4.81301,48.9561
4.81207,2.41611,19.9353
2.82116,5.8588,62.2441
2.62885,4.79103,42.7508
5.80975,3.24582,26.9338
5.30429,4.24367,37.7278
4.33473,4.26053,37.4787
3.21089,4.54884,40.6494
4.28702,3.21841,25.7616
3.34076,5.23731,49.8229
4.46058,4.79185,45.5592
5.16534,3.33878,26.4943
3.88098,4.8757,45.3527
2.9531,3.44695,27.3765
5.16029,3.96738,32.7722
3.62021,4.89489,47.4913
4.03212,5.63692,59.6475
3.91196,4.2748,37.0491
2.14279,3.03249,21.3124
4.90013,5.36937,56.4978
5.50861,4.18019,35.455
3.91511,2.80788,20.4798
5.22814,3.48382,29.6707
4.93939,4.07143,35.7534
3.17194,3.54369,26.8468
4.16042,3.62447,28.8689
3.99313,3.57006,27.2666
2.8454,5.8093,61.9321
3.70526,4.93635,46.1511
5.17706,3.50062,28.8846
5.58471,3.55741,31.909
4.43735,3.82664,33.5999
2.85577,6.15764,64.8811
3.54572,3.05303,21.7703
2.42591,4.25082,36.0586
3.79364,4.14319,36.2223
3.96331,3.81543,32.6432
3.29663,6.31626,69.3376
3.66743,3.92407,32.4094
5.90858,2.54807,22.057
3.01547,3.72541,28.6022
4.80236,3.07941,25.5273
4.29576,3.21236,25.5635
3.59377,2.8947,22.0525
3.02487,6.34603,71.9624
3.67404,3.93732,33.659
2.8203,4.37216,37.8919
4.39452,3.71568,31.7543
2.81413,4.17325,34.6194
5.2996,3.18648,26.6613
3.46939,2.74919,19.169
3.1014,3.87784,31.115
2.74712,3.95234,32.9638
2.47117,2.42333,17.2446
1.92281,1.74288,10.8479
4.27472,4.14486,35.1377
4.38046,6.65391,80.8979
5.35595,2.56009,20.6029
3.54663,5.96473,65.5103
4.96886,2.29912,17.3897
3.55746,5.03182,49.862
3.54768,3.8736,30.7183
3.873,2.12415,15.8877
3.35119,3.68531,29.3862
4.12642,3.97008,33.3262
3.5328,3.75927,30.1226
5.9025,2.94251,23.8378
4.71138,3.67089,32.2572
4.37669,5.08241,49.8765
3.55224,3.4817,27.3648
4.49022,4.65515,41.2923
6.30224,3.56025,30.4678
3.6295,2.58451,18.8696
3.51737,4.49967,39.7981
5.0444,2.56452,19.9235
5.59679,4.78661,45.4183
3.16231,4.46919,38.8865
4.29783,4.48265,39.9793
6.28568,3.4475,29.0715
3.41,6.47938,73.7498
5.07819,4.68645,44.1072
3.85139,3.44549,29.5936
3.66207,3.825,31.0673
4.05029,2.7892,20.9689
2.94628,2.67228,18.3651
4.54298,5.47641,57.4447
5.08546,2.44526,18.8933
4.56146,5.61369,58.4805
1.94487,4.86912,43.5973
4.75756,4.99795,49.9359
5.61197,3.08484,24.3035
2.25812,3.16637,22.4279
4.25762,3.95951,33.1622
4.16164,2.48202,19.0575
3.0165,4.92577,45.722
2.3737,4.2887,36.016
2.09633,5.16918,48.8319
5.19308,3.92632,31.9414
3.43433,3.04821,23.8765
3.63676,3.59315,28.4383
3.56006,4.66658,43.6473
4.59133,3.94891,34.6454
4.12485,3.47836,28.3188
3.69637,4.11605,34.6037
4.05116,1.25354,10.8389
4.9862,4.48797,41.1096
2.97789,4.10431,33.3274
5.36878,3.65601,32.7733
3.07125,3.02242,22.465
3.33286,3.01794,22.5682
3.3641,5.61096,55.9388
3.59408,4.26499,37.848
4.22508,4.63625,42.9281
3.16705,3.98796,31.8499
4.27646,3.6381,29.0195
4.29187,3.39244,27.1189
1.60887,2.19569,13.8472
5.25613,4.53425,42.198
5.05158,3.88443,32.7404
4.09628,4.54703,40.8896
5.76615,5.26928,54.9886
5.5413,3.55168,31.2991
4.30464,4.06955,33.2632
3.91014,4.53618,41.1277
6.43283,3.40224,29.1209
2.77787,3.50948,27.3152
3.23228,3.58807,27.6157
3.25696,3.28346,26.3541
1.89883,3.58901,26.8941
4.75901,3.22314,24.9378
4.07284,4.49893,40.6517
3.4576,3.77939,31.0909
3.1816,4.56588,39.3821
3.911,4.23562,37.0235
4.62833,2.76118,23.2804
6.4396,5.08289,51.6826
5.50998,2.3892,19.4098
5.36547,5.4883,59.0926
3.99457,3.18698,25.1226
3.47583,5.52733,57.5591
6.15099,2.53916,21.0435
3.61814,4.12112,35.8966
4.20762,5.70329,61.5665
2.36813,4.11683,33.705
3.56833,3.5218,26.9912
3.67785,4.07295,34.4809
4.79269,4.56272,42.4208
6.11765,4.1257,38.5055
4.53306,3.41877,27.9073
4.1103,3.36424,26.934
4.10908,2.05386,15.1588
5.30195,3.49895,28.4277
3.82796,3.30152,25.5526
4.41701,4.66839,45.0675
3.53986,5.41045,53.9716
3.90443,3.15154,23.744
4.07445,4.69687,43.4658
3.29531,3.38966,26.9935
3.62876,3.14404,23.8127
3.96038,2.61434,20.5261
3.9075,4.4496,39.5823
3.86505,4.0927,34.0047
4.06202,4.23019,36.8268
4.32238,3.67963,32.0884
2.99884,2.92007,20.2372
4.30964,6.20109,68.5579
4.57065,4.95931,48.863
3.60912,2.95183,21.3445
3.32193,3.67996,29.3024
4.77486,3.27101,26.0875
4.04502,6.3687,71.4392
4.85461,3.77722,31.7658
3.56962,4.16942,35.5846
4.75735,3.85651,33.654
3.79355,3.12741,23.8514
2.46121,3.75793,28.2547
3.61709,3.68091,29.8756
5.9088,4.22508,39.2808
4.43086,4.99149,49.6648
2.60791,3.61303,26.2702
4.06493,3.82511,32.5256
2.72555,5.31176,52.2239
3.63855,5.52595,55.5413
3.67333,4.20068,37.1351
4.2446,5.49874,56.5235
3.48313,2.52922,15.8714
5.00668,4.97647,48.726
3.91763,4.62011,41.6464
2.86262,2.93296,22.0941
4.09182,3.00886,22.6596
2.16898,3.99819,31.8954
3.23427,4.96705,47.9364
2.23964,2.85963,19.7952
3.0113,3.86806,29.3359
4.02505,3.32313,25.4031
3.83843,2.81322,20.2508
3.74374,2.18364,14.8097
4.03099,4.3808,40.0058
3.78065,4.06911,35.4765
4.07433,4.22667,36.7339
3.89063,3.8429,31.9439
3.65608,3.5857,27.692
4.65443,3.7014,30.3821
3.65198,5.43851,54.7691
3.84477,3.08887,24.0834
3.22545,4.99033,46.5276
2.90816,4.52132,40.647
2.19844,2.10342,14.5885
2.05001,4.15962,34.3115
3.69848,4.87327,45.9487
4.36681,4.16487,34.6961
4.45109,5.95251,66.3674
3.9539,3.37402,26.2298
2.8579,2.68916,20.5182
3.83681,3.54425,28.3767
5.37047,3.79223,32.5785
2.56986,5.64088,56.5396
2.22188,3.3464,25.522
5.58959,5.34123,54.5986
4.73983,4.63404,45.4444
3.05507,3.67995,29.3948
4.64325,2.96177,24.5864
5.57227,4.83336,47.2471
2.88608,3.50474,27.5678
4.35867,2.09198,16.2041
5.31046,3.34254,26.9527
5.13448,4.94915,47.1936
1.76657,3.56307,24.6272
5.31688,3.29798,28.9691
2.6298,1.97038,14.3704
3.988,3.3857,28.9341
2.87346,4.08301,34.144
2.36075,3.65634,28.3139
2.77762,3.51306,26.0181
4.1909,2.88894,23.2816
3.45911,4.08064,32.6607
3.39026,1.31789,10.7201
3.03834,2.9406,22.8373
4.51325,5.49126,56.6847
2.82995,4.46649,38.9116
3.576,5.10194,48.7652
6.15805,3.54551,31.2732
4.24656,5.22969,52.0077
4.74359,4.34489,40.6846
3.35602,4.2347,35.0968
4.10773,4.77293,44.5419
3.14244,4.24814,36.724
3.78808,3.92277,31.7202
5.13705,4.61298,43.9536
5.17645,5.00437,49.8969
2.49324,3.18617,21.7182
3.18818,3.45426,28.562
5.69433,2.749,23.8768
4.05102,3.84064,31.5257
3.43861,2.61613,17.25
6.13122,4.19527,39.3696
3.08957,3.3314,25.9255
4.56419,3.65971,30.2094
3.93164,4.05238,33.1786
5.17173,4.69371,43.6049
3.61259,4.48889,39.5597
3.62771,3.09409,23.6957
3.76338,6.19461,68.1337
2.53811,3.37974,25.4063
3.29147,3.33433,24.9887
1.74942,2.76481,19.6205
3.8444,3.55713,29.3408
4.38655,5.04068,48.9793
4.47415,3.53305,30.9157
4.11832,3.5712,31.6572
3.45779,5.18021,50.4372
2.21141,4.22358,33.7476
3.75151,3.4695,27.6283
3.69104,4.10864,34.8368
3.42929,3.80872,31.9095
4.94523,5.26834,54.325
3.22611,3.91163,32.4724
4.5486,5.16724,51.3969
4.9368,3.80411,31.3097
5.35384,6.80872,83.7309
5.13335,5.28079,53.171
4.07005,1.947,13.4807
6.11067,4.16378,40.2498
2.87367,4.70861,41.9159
5.14775,3.40486,27.878
5.20728,2.52272,19.1208
1.79702,3.46427,26.9028
2.23509,3.79327,30.6317
5.05247,3.74696,29.9745
3.49461,3.83675,30.9734
4.29346,1.9603,15.8908
3.17061,3.81891,30.3845
2.90641,4.31349,36.9959
4.7773,3.23058,25.2088
4.34039,4.68717,44.5389
4.10669,5.60926,57.5982
3.61244,5.02245,48.4938
2.33304,2.74673,19.8831
4.18389,4.7429,44.4543
4.59038,4.24657,37.8912
5.91277,4.61504,42.7168
3.43284,3.85372,30.6959
3.60931,4.80336,44.5683
5.90478,3.29825,28.529
4.70092,4.49422,42.9278
5.10711,4.07327,35.5887
3.63616,4.23038,35.4385
3.60172,4.95597,44.7171
3.62406,4.54498,40.8704
3.16442,3.41211,26.6727
4.64371,3.26761,24.976
4.17095,2.93898,22.2243
1.94544,2.11674,12.7649
5.43946,4.27258,38.7965
6.29647,4.48562,42.5804
2.43627,4.30902,36.4248
3.49892,4.25846,36.6445
3.89496,3.30756,26.7737
5.51115,1.10279,13.6126
3.10575,3.39724,27.0769
3.47542,3.90806,32.6168
2.36935,3.94405,29.6191
3.90517,6.31462,72.1727
3.51276,3.23673,23.7347
5.03254,4.12766,37.3326
5.75549,4.38616,40.2928
4.91544,5.29978,53.6229
2.5267,3.56931,26.6642
4.07522,0.668305,9.92782
6.41885,4.32615,40.9698
4.32468,3.34779,25.1916
2.90432,4.37981,37.8981
3.00461,3.52115,26.0696
4.48509,2.79946,22.7704
3.44414,3.82581,31.7083
4.64975,5.01544,48.3596
4.48694,4.2251,37.7283
6.49442,1.85448,17.8445
4.36931,3.48125,29.4727
4.44416,4.21026,36.5712
4.04707,5.77915,62.5069
4.39235,4.15087,35.6194
4.55487,3.01934,23.7187
5.65935,4.65481,43.9465
4.78794,6.81878,83.7262
4.18536,6.05591,66.0165
5.37978,6.13562,71.7936
4.20715,6.25123,70.4418
4.15125,5.04683,49.6646
4.02712,5.13849,50.6922
3.40148,3.19261,24.3656
5.50451,4.18428,37.6544
2.97777,5.52753,55.2359
4.13033,4.73529,45.0819
5.73835,3.78415,31.5832
4.45986,3.24373,26.12
3.93291,3.71621,31.367
3.37587,3.5326,28.9669
4.67983,3.0169,23.4926
2.78051,3.71672,28.639
4.38815,5.54657,57.9767
4.99156,3.40531,28.2807
5.00282,4.02025,34.9107
5.53747,4.65893,44.2198
4.42951,2.27258,18.309
2.10764,4.19035,34.9457
3.33986,4.69229,44.3007
4.69471,3.56534,30.1039
4.99053,3.90367,33.7026
5.08829,3.79501,32.7303
3.8792,4.76203,43.9764
6.43276,3.62347,33.3316
3.31631,3.53481,27.4048
4.56267,5.00369,47.3357
4.18755,4.46433,38.4135
3.23516,4.72449,43.5079
3.84403,2.85941,22.5516
4.83592,3.83286,32.2669
3.50906,2.74093,19.7259
3.34646,2.11731,14.9379
4.75438,5.94792,66.5464
4.86132,5.1704,50.7131
4.20608,4.471,39.3866
4.66127,5.13833,50.304
4.73705,4.04117,34.763
4.24053,4.96271,46.47
5.66945,4.91417,49.9059
3.56974,3.34462,27.411
3.60536,4.80942,44.9393
2.65768,3.5562,27.9023
3.68356,2.7561,20.9865
3.51656,3.19387,24.8846
3.55034,4.72585,42.9163
4.24177,3.7363,30.5884
4.23021,5.51759,56.3246
4.96287,3.64664,32.4215
4.46643,2.48383,17.4257
3.68001,3.02996,22.2077
2.80476,3.56947,28.2377
4.93416,3.60316,30.0755
3.72941,4.14196,35.6541
3.78759,3.39534,25.7877
4.2956,3.56342,28.4972
4.68071,3.98926,33.8548
4.13909,4.40798,38.2857
4.50505,4.81685,47.746
2.27796,5.09666,47.0927
3.06453,5.61532,57.5702
5.62127,3.33381,28.6812
3.6218,4.76892,43.0277
4.41829,3.49643,29.1832
4.25139,4.71008,44.6544
4.20167,6.36007,71.6985
3.26764,3.31018,27.0056
5.90933,3.99516,38.1543
3.9938,5.56514,57.6503
5.50368,2.24569,19.2993
3.93067,4.5276,42.7618
4.26499,4.44428,38.5441
4.11648,4.08238,35.6106
3.93183,2.48656,18.0773
4.22646,3.36256,27.4954
2.04637,4.04467,32.7427
4.58568,3.8082,32.2964
5.71148,4.86392,47.1379
4.06518,4.61061,43.1503
5.12521,4.42273,40.0299
4.79057,4.6761,43.9834
4.04411,3.13225,26.6862
3.76996,2.95605,22.2802
3.09512,4.49171,38.8053
5.06126,4.49939,42.1806
5.13343,4.06891,38.6654
4.31315,3.6139,29.5504
3.10467,3.16945,23.4353
2.45743,3.42855,27.0683
4.224,3.73118,30.3756
3.39804,3.36298,26.4472
2.75243,4.96904,46.5484
5.22159,2.089,17.2441
3.61308,4.62843,40.8858
6.48305,4.59707,43.2152
1.8672,3.27452,23.8652
3.98724,4.06571,36.9059
3.67755,3.91717,33.2481
3.39847,5.44929,54.9604
3.73967,4.76193,43.0539
3.6738,3.85097,33.5604
2.95856,4.80051,44.2707
4.18777,3.69427,30.0817
4.02093,4.81952,45.5894
4.41607,3.58536,31.9264
4.38958,2.49083,18.2772
3.89679,5.26389,50.2995
3.70015,3.65232,30.5704
5.37688,4.17239,37.9871
3.7314,4.37424,39.9011
3.75937,2.4255,18.8687
3.9718,3.08467,23.1732
1.17349,3.60659,27.1414
5.04904,4.77843,44.925
2.27436,3.57646,26.9621
5.01527,2.93197,22.1316
0.834541,1.18591,7.7518
4.28728,3.5169,27.7096
2.06438,3.92261,31.615
4.52191,2.25141,16.8672
4.53877,3.47338,30.5909
1.94194,4.49913,37.9927
3.76022,3.27836,24.3483
3.12625,3.88578,31.254
4.16867,4.20621,37.8188
2.26824,2.87595,20.915
3.34743,4.87215,44.9808
3.19052,3.56558,29.6275
3.70138,3.88036,30.8623
3.89544,3.40641,28.0174
5.92112,4.92129,49.5937
4.39041,4.8095,45.4366
5.83438,3.99275,35.1458
4.45137,5.32348,53.9152
2.99074,3.72767,30.1815
3.9463,4.24246,37.436
4.31988,4.25853,39.0979
3.15491,2.84335,18.2743
3.18692,3.26403,25.5838
2.80069,4.73498,42.4385
5.52069,2.04876,17.2965
5.47079,5.23023,52.2168
3.44414,4.48475,40.5798
5.11012,3.99363,34.7051
0.854567,3.70652,27.0219
3.88818,4.54827,40.2709
3.4773,3.87499,32.3377
4.67186,3.76767,30.1099
5.3214,3.63224,31.6144
3.23909,4.21308,35.4989
4.67094,2.7055,20.1568
4.31146,4.46983,43.2639
2.74961,2.4418,17.8855
5.65905,4.17398,38.3729
4.11883,2.40786,15.8436
3.34495,3.01518,21.5121
3.54511,5.02925,48.0185
4.64714,4.52783,43.1032
5.48526,1.43118,13.5479
3.92223,1.9252,13.7563
2.91239,5.4823,54.9744
2.34723,3.5454,27.3739
4.69284,3.44038,26.7022
4.53118,3.30111,26.4868
5.6039,4.24726,37.3762
4.02382,5.94477,64.2513
3.74138,3.48431,26.9558
4.12721,3.66455,29.7849
3.24512,4.60172,40.842
4.98661,4.12452,36.8367
3.9522,3.02846,23.9835
4.2171,4.28804,37.2906
4.49761,4.83245,47.966
3.22261,4.20906,36.8041
5.36223,4.57605,42.656
3.31578,3.48607,25.9656
3.60855,3.70217,29.8006
4.88703,3.25464,26.6013
2.07771,3.00183,21.9732
4.77851,4.68041,44.3585
4.72985,2.12107,15.0809
3.57371,4.7966,42.5292
4.88639,5.70513,60.791
3.52456,2.45262,18.5309
4.75009,4.04184,34.2123
3.73932,3.85695,31.2214
5.10832,2.78376,22.5341
4.15191,4.50689,40.7747
4.06584,3.44705,27.0945
3.47766,3.95569,32.2231
3.8652,5.29292,55.3864
4.52772,4.04954,36.511
3.92807,3.75958,31.762
3.9422,3.62929,30.4986
5.79181,4.3787,39.6481
3.76571,4.63727,42.0333
1.96339,4.39074,36.4891
5.62796,5.15213,51.7342
3.63898,4.32222,38.1975
3.33029,2.81992,20.5857
2.05287,3.44822,25.9005
3.70612,5.80889,62.9742
5.42402,3.04204,25.5514
2.89905,5.04662,45.3902
3.38404,5.37711,53.042
3.70705,5.07448,47.7977
3.79122,3.80183,31.7468
2.79381,2.60093,18.6135
4.59216,5.00897,49.6091
4.82018,3.95953,32.8542
2.46255,4.08716,33.1974
3.85083,5.40473,55.8493
4.91752,4.22468,37.7902
3.42679,4.88759,44.2458
4.03227,4.01831,32.6391
3.24576,3.96755,32.6821
4.21926,2.70667,21.8011
4.19633,2.98014,21.9924
4.67526,2.11603,16.729
2.58323,4.46651,38.427
4.84531,6.28782,71.5105
4.2684,3.92311,31.8955
3.46213,4.05338,34.6255
3.06197,2.08175,15.1814
1.55546,3.17208,22.6937
3.91352,4.66219,41.8496
3.59477,3.4532,25.3024
3.16653,3.5293,26.7153
3.80573,5.0477,48.4995
3.79481,4.00299,32.2651
3.31619,3.57203,28.0288
2.1191,4.13822,33.474
3.70116,4.68985,42.434
3.79263,4.35032,37.8273
2.9844,2.58398,18.6052
4.40822,3.83916,30.477
3.4352,2.9983,22.4908
2.23535,3.8268,29.4016
3.74278,4.43217,40.3929
5.15373,3.66651,32.6929
5.22514,3.07149,23.3201
2.29972,3.58436,26.1932
3.79463,3.40465,25.603
2.4976,3.95127,33.2266
6.00096,4.15351,38.7817
3.51863,5.19749,50.2745
6.07855,3.22927,27.6109
4.8496,2.34107,17.2015
3.44149,4.3041,35.2803
4.29232,4.46183,40.6532
4.5854,4.167,37.6679
4.61332,4.14014,34.8998
2.5982,3.04328,23.5812
2.62726,3.94772,32.2135
5.14341,3.60744,31.3153
2.74745,4.79802,43.8274
2.32278,0.989311,8.60446
3.81855,2.72212,20.9827
4.1547,4.35139,37.8185
2.25648,4.01381,32.5173
5.44126,3.31848,26.6091
3.34867,3.26973,25.1136
3.282,3.75357,30.5801
4.85479,3.16379,26.6339
2.68843,5.81463,59.7088
4.55819,3.68554,31.3283
4.93173,4.00377,34.8308
4.70767,4.67476,43.2422
4.52657,3.84182,32.7418
3.69847,4.45499,39.6647
4.28699,4.82002,45.119
4.66824,4.97113,47.1582
3.70424,4.69125,40.2979
4.05673,4.8582,45.5523
3.38119,4.18849,34.969
1.93534,3.62852,27.6307
4.57079,3.85735,32.2474
5.14681,3.91854,34.5906
5.14659,3.74006,31.6112
2.25333,4.35588,35.844
5.32317,4.66812,43.7715
3.99862,5.2216,51.5659
2.87965,4.60193,39.7136
0.932418,4.52245,37.5949
3.26942,3.63549,29.0893
2.86114,3.44883,26.5737
3.68345,3.27458,25.8837
3.86498,2.56545,18.6137
2.43728,5.78745,60.5628
3.96561,3.11551,23.682
5.07177,4.5485,42.3968
4.87444,4.33617,41.6356
4.02393,3.7146,29.8546
3.53357,5.72557,59.5937
4.02889,3.14164,24.0649
4.75573,2.42206,18.4495
4.05418,3.28002,26.4781
2.54628,2.52054,15.5819
3.62512,4.51577,40.781
2.55778,2.63773,20.6063
2.58235,5.64646,57.1832
3.55197,3.05097,23.1282
4.37603,4.55272,41.0667
3.87737,4.35667,39.3388
3.45722,3.63552,28.9269
4.01875,2.76072,22.3083
4.41757,3.87875,30.9473
4.47871,5.66966,60.8237
3.66678,2.79005,22.2029
2.88919,3.94114,31.9803
4.06233,3.61164,30.0727
3.04302,3.30908,23.9558
3.93546,4.58513,43.5069
4.51704,6.36728,72.1545
4.12588,4.92815,48.4848
4.00791,4.01276,34.0408
5.51876,3.98703,36.599
3.04328,4.37641,39.0676
3.92332,5.69176,59.4083
6.03651,3.86393,36.0797
3.76654,3.16814,24.7581
2.1264,4.86928,45.0683
3.59026,4.27455,37.262
3.83244,3.53517,27.7773
2.68612,5.20877,49.9521
3.09472,3.77252,29.9178
4.41198,3.85186,32.4347
3.89705,3.19681,23.6632
4.05733,3.65488,28.1912
4.40284,5.44524,55.2776
5.00515,4.04576,38.6611
3.72173,3.22311,25.939
3.70057,4.80361,44.3025
4.47466,5.08188,49.9076
6.00684,4.54219,45.3164
3.91406,2.40491,15.7702
3.16981,3.91085,31.3737
5.69438,5.24399,53.0376
3.5424,5.64265,57.3741
4.60008,4.50492,40.4209
4.36107,4.60185,41.0143
2.94678,5.94294,63.223
3.25042,3.16277,22.7516
2.7558,3.53707,28.858
3.89013,3.22346,26.4255
3.36579,2.96382,22.0695
4.10467,3.4492,29.7139
4.70865,3.10112,26.8682
5.35225,4.40721,40.1046
4.64533,3.82601,32.1771
4.14234,2.41114,16.5821
4.68568,4.63195,43.3661
5.29807,3.78938,33.4492
6.40127,5.1628,53.6317
4.35897,3.68344,29.7838
4.7657,4.9952,48.2739
2.90141,4.90038,44.2892
4.93703,4.76734,44.6697
3.51198,3.97346,31.726
3.31295,5.5633,56.1209
2.96681,4.5614,41.04
2.61917,4.95549,43.5733
5.28415,2.41319,19.3239
4.18768,4.28453,39.1222
4.63507,6.29651,72.7619
4.46058,3.94131,34.2413
3.37026,3.96606,33.1572
3.04855,3.53652,27.7282
4.53487,3.42377,27.9446
4.35929,3.91437,34.0103
2.21129,3.67882,29.3922
2.60479,4.8466,44.4103
6.14005,5.11796,51.7837
4.25377,2.90581,23.1097
4.78001,5.32132,52.6517
6.20591,2.42226,22.5742
4.93449,4.46839,42.3544
4.65652,4.32996,38.8148
3.4418,2.79922,23.6907
4.75198,5.13618,50.8759
3.39004,3.77146,31.2018
4.37505,4.77918,46.9811
1.94433,5.09072,47.7118
2.66712,2.86423,21.018
4.10314,2.51762,20.4634
4.06922,3.51949,28.658
4.12108,4.79238,46.0688
3.58101,5.16055,50.4072
3.4203,4.96196,46.6136
4.27594,1.97853,15.6561
4.59712,5.45306,55.4481
5.00973,4.38154,41.1831
3.71359,2.42413,16.8475
3.77809,5.44964,57.1608
5.70876,3.26963,27.6849
2.48088,3.17327,23.5545
4.63964,4.21646,38.6845
4.09721,4.62547,41.125
3.48808,3.44981,27.9823
3.57806,4.70769,43.7082
3.58397,6.31079,70.5586
4.59883,2.58536,19.0085
4.8304,3.11809,24.5573
4.05656,3.75037,31.0771
1.72144,4.36098,35.292
4.88803,2.33175,17.7367
2.57772,4.76571,41.4927
3.50309,3.80064,31.3208
5.08718,4.28399,37.9807
4.20335,3.14198,23.4606
4.15575,3.53578,28.5626
4.87267,1.9533,16.8766
5.48352,6.05661,68.261
3.32583,6.61791,76.353
3.18348,3.72928,30.244
3.05507,4.13745,36.5793
3.26243,4.4488,40.806
3.97407,4.70447,44.983
3.51771,3.09446,22.2007
4.07791,3.74794,30.5581
5.8294,3.97997,36.0969
3.42831,3.07887,23.5434
4.16844,4.6462,42.8947
6.34831,3.00585,24.9466
4.93991,4.41094,37.8526
5.26548,4.5897,42.4344
4.60188,3.70361,32.5529
3.87329,4.81598,43.9179
3.56014,4.37836,36.984
3.18492,4.98873,47.5976
3.69043,5.70875,60.4902
5.32679,5.84002,63.5356
4.09687,3.4513,27.5736
4.99843,4.51844,40.6165
5.20915,4.46233,42.9035
6.46246,3.1488,28.7365
2.17516,6.32949,70.3853
4.04532,5.97696,67.9534
2.54336,2.39937,15.8614
1.93031,3.16127,23.1141
4.89302,3.60849,30.2217
3.03629,3.18491,24.4996
4.94175,4.037,35.1532
3.06216,2.60305,19.7325
4.49308,3.53935,29.6086
4.47819,4.78118,44.1282
5.21514,4.95665,50.0589
3.5954,5.92367,62.6835
2.71738,3.33148,24.6446
4.15387,2.23301,15.2647
3.23696,4.09848,35.267
3.68883,3.71995,29.8589
3.3695,2.8586,21.9845
4.37967,4.35003,39.6973
4.3058,4.58854,42.3626
4.38771,5.07886,48.1758
4.41347,5.16265,50.5645
5.32415,4.02668,34.3575
3.58502,3.28071,26.0104
3.66669,4.20494,36.878
5.56383,2.65176,24.1855
4.59608,2.51825,20.0887
2.32022,4.98464,45.8453
2.63947,1.55851,12.1705
4.45829,5.9231,63.5983
4.47541,3.40434,27.5436
3.4216,3.76267,30.6982
3.67043,5.78699,62.3002
3.9636,4.11353,35.42
4.16231,2.27863,17.7265
5.05181,3.88357,33.48
3.91246,3.90116,32.8691
3.76807,4.45671,41.2456
5.4451,5.4026,55.7774
4.92922,3.39272,27.3932
1.09061,4.03026,32.0192
3.75007,4.4393,40.7327
3.22957,6.56506,75.2565
0.472333,3.75646,28.4769
3.5897,3.72004,31.1983
3.35786,2.96757,21.0039
3.71954,3.97375,33.6911
2.52225,5.07168,47.9945
4.45814,4.43599,38.926
4.22767,4.82436,46.1459
2.61096,3.39524,25.9407
2.91266,5.00025,47.6223
4.55727,3.13205,25.2787
3.65276,6.25081,68.9824
3.03349,2.34974,18.0015
2.65938,4.61487,40.7912
2.69723,4.32723,37.2419
3.57182,3.53144,26.8974
2.71302,6.0509,64.9561
2.71848,2.88847,19.8791
3.37809,2.60293,19.1044
2.10961,4.95441,46.6919
3.26692,3.18473,24.1256
4.5357,3.73019,31.0757
5.37967,4.45368,41.9903
4.22727,3.8056,33.5324
4.78582,4.05819,34.9422
4.47783,3.79197,32.326
4.21782,4.13999,36.482
4.25665,4.66503,43.0861
2.55424,3.73777,27.9057
4.12155,4.1976,35.7391
3.93762,1.92123,13.9418
6.23134,3.76517,31.9845
3.15435,4.75799,43.0202
4.55061,4.08488,35.5241
4.61265,3.64393,32.3649
4.0383,4.492,39.9942
2.23953,3.66776,29.1275
4.88527,3.63883,30.1058
2.53975,5.21747,49.9427
4.23198,2.48732,18.13
3.8068,5.07834,49.3174
3.92286,4.0327,34.7686
4.66419,3.63981,28.7192
3.72698,4.25088,38.4296
3.03872,3.82147,31.401
4.02645,4.06737,34.1687
4.07856,3.69381,31.1485
4.4957,3.12462,26.4991
3.51195,4.59689,40.7948
2.69232,4.22596,35.3161
5.12012,4.21262,37.1659
3.13429,4.04373,33.2613
4.0824,3.9268,34.7179
6.78009,2.7315,24.7535
3.87033,5.39122,53.9087
3.84001,5.47904,57.0927
5.74661,3.88879,33.9856
4.3223,4.9425,48.0779
4.00026,2.947,24.3913
2.72165,3.56359,28.3704
4.57442,4.12647,34.9999
5.30027,2.90672,23.5282
3.29112,4.05207,33.4904
2.95029,2.94708,21.1677
4.68456,3.85728,35.1055
2.93702,3.3752,25.6328
3.62946,2.88172,22.8429
4.27567,3.91891,34.6764
3.12254,5.71444,58.1631
2.28782,4.86297,44.2896
4.17688,5.63076,59.3013
3.52967,4.9866,47.5883
4.61072,3.06221,25.3282
5.32662,4.54149,42.3476
3.32321,4.13854,34.898
5.06201,3.62414,30.2082
4.93437,4.28971,39.9444
2.49365,4.17986,35.2403
4.4636,3.39982,27.2438
1.40898,3.40263,22.843
4.41542,3.65271,28.9756
3.78958,5.45818,55.0528
5.63245,4.59639,44.9245
5.5876,4.77369,46.8447
2.64054,2.55942,17.7308
3.31026,4.58179,41.8303
4.42801,4.79288,43.7548
4.18244,6.77079,81.1318
2.14509,4.86015,44.5785
3.85595,2.99978,24.244
4.84338,5.03223,49.405
5.75992,3.16653,27.0484
3.38069,3.56214,27.0493
3.44529,2.30562,17.1782
4.33064,4.51565,41.0415
5.42009,2.56935,20.7309
4.39474,3.47653,25.9126
2.90722,4.60208,39.8395
2.23466,2.75266,18.1721
3.9967,4.93018,48.4059
4.50797,2.88227,22.0296
4.87049,3.45966,28.2315
2.82776,2.91974,22.3725
3.25107,4.44823,38.815
4.28318,4.77685,45.3506
3.41116,3.97127,32.5434
2.33589,5.06407,45.6865
4.49626,3.60074,28.5848
4.64839,4.92163,47.8912
5.05682,2.86773,23.0929
5.39528,2.95662,23.4355
6.48206,3.66438,30.4055
4.33954,4.78124,44.4351
2.95603,4.27956,37.358
2.498,3.11565,22.8076
3.91259,4.06639,34.5434
3.58073,4.49123,39.1652
4.36647,2.88122,20.7464
3.9243,4.38563,38.76
2.99598,3.56668,28.1648
2.9486,2.58828,16.4622
3.51344,3.29696,27.1313
3.75813,2.63602,21.1262
3.82084,5.28814,52.6492
4.01133,3.90447,33.0889
4.01086,3.00856,23.6983
3.59567,3.13405,26.508
4.78775,4.58018,41.8254
3.79964,4.96676,47.5866
3.79473,4.87715,47.7143
4.27891,4.7555,43.77
6.00332,3.41799,31.4971
5.45014,4.838,47.4193
4.28265,4.01664,35.9299
4.6761,3.95277,32.4496
3.26384,4.80168,46.3885
4.81584,5.64212,62.086
4.005,4.31316,38.6312
4.78419,0.66671,11.2848
4.25616,4.04511,35.5522
3.01339,4.16804,35.0203
3.36864,4.36375,37.0771
4.5738,3.70085,30.8712
4.15099,6.7635,81.4541
3.07061,4.31835,37.2729
4.23768,3.44856,27.9421
2.6781,4.7663,40.5136
4.90476,2.59944,19.2187
4.69795,4.70503,45.6553
3.62344,3.30299,25.7392
4.51255,4.23476,37.4553
4.00021,4.79025,44.871
3.24545,5.32922,52.0725
3.21256,4.12799,36.2961
