3
3.45613,3.66599,164.105
4.61837,1.13736,372.702
5.1394,4.72461,533.012
4.40219,1.56854,321.928
4.49634,3.83914,350.734
5.33386,2.63521,583.452
3.19998,2.3816,127.185
2.94708,4.13463,106.905
5.7459,4.58632,750.655
3.80293,3.20828,212.556
2.8393,3.41388,96.1774
3.43866,3.11002,157.496
3.78036,2.74149,206.683
4.34561,5.18911,331.322
4.23091,2.44359,285.608
5.04881,3.85246,497.376
4.76264,3.9164,416.78
2.79147,5.31571,110.633
4.39652,3.7299,328.308
4.36136,3.82132,319.947
4.00106,3.31565,245.095
3.91,3.45257,230.47
3.20631,5.09523,148.772
4.748,2.57324,407.257
5.86616,5.14971,807.988
3.37878,5.12062,167.473
4.37511,3.7309,322.443
4.25136,3.40512,293.383
1.88396,3.11084,38.1852
4.24246,4.09662,297.777
3.90814,3.69899,233.605
3.57004,3.69731,178.109
5.57785,4.29047,683.572
3.41491,4.71734,165.807
3.90699,3.84845,232.21
4.9194,2.68705,453.175
4.5995,3.39887,372.119
4.57168,4.52528,374.756
2.61388,3.97205,81.4501
3.03749,4.22129,120.845
2.97727,4.20211,115.657
3.30782,5.64569,166.908
4.30408,4.36744,312.296
3.53139,3.6045,173.192
4.50584,2.91387,348.409
4.59628,3.23877,370.198
3.37567,3.97894,155.413
4.77521,3.77067,419.895
4.81064,4.73737,437.442
4.94821,5.10081,479.988
4.22408,4.97357,301.859
3.8569,2.63225,216.956
4.23425,3.61914,292.502
2.8348,5.20923,111.862
2.62338,3.78847,80.6925
3.62435,4.38046,191.549
3.05868,3.01031,114.819
2.45646,2.81048,63.2641
3.35358,3.39273,148.833
5.18024,3.56158,536.318
4.83493,3.81205,435.942
3.42144,4.0487,162.656
2.78067,3.18348,90.0363
4.72643,5.46844,424.978
5.10887,4.41723,522.399
5.0062,4.18313,487.062
5.35663,2.75338,592.049
4.92369,3.92554,462.878
5.82321,5.54526,796.006
4.03039,3.07479,250.598
5.48146,2.77769,637.746
2.94313,3.38588,105.665
6.39592,2.19519,1036.4
2.43231,3.33643,64.2355
4.45552,3.55394,339.668
3.86152,3.45824,223.128
4.09897,3.95765,266.515
4.92687,3.91014,463.521
5.79354,3.95441,764.01
4.29107,2.54636,300.901
5.22428,3.22055,548.876
4.32768,3.42481,310.242
3.53765,3.67427,174.532
4.35935,5.25575,336.679
2.80862,4.0702,98.1472
2.41285,2.89624,61.8038
3.72813,3.94238,205.188
3.36838,2.31048,148.673
5.22211,2.37857,546.51
4.25149,4.41764,302.64
3.91394,6.30782,265.811
3.18614,3.8119,131.9
5.2086,4.10166,551.385
4.26804,3.78167,299.971
4.02941,5.75594,277.426
4.06705,5.39524,276.734
4.21921,3.16323,285.493
2.64524,5.22347,96.5845
5.82888,3.91393,778.476
5.18307,3.21897,535.845
3.33699,4.29639,151.916
4.2535,4.08672,297.941
4.99355,5.98692,507.72
5.57556,3.41751,673.808
3.50653,3.40618,169.166
5.04708,3.66252,498.288
3.80119,3.82813,214.425
4.20598,4.08564,290.177
2.33994,4.19489,64.1069
4.28996,3.46401,302.541
2.93552,4.05131,108.715
5.17249,3.03875,531.971
4.30593,3.22789,304.453
2.44478,4.22648,70.4375
4.5761,2.23852,362.791
5.20042,4.91878,556.525
4.96286,3.42694,470.805
4.10557,3.59289,265.82
4.3213,5.85543,335.517
3.73462,5.35969,221.901
4.05466,6.55159,297.78
4.8108,2.97746,426.936
2.46315,3.2207,66.5459
5.25627,2.40712,555.437
4.16121,4.83075,288.983
3.88692,4.15276,231.375
2.24149,3.25236,53.7603
3.28215,2.86084,139.611
5.92937,4.38251,825.14
4.46971,4.23037,348.658
2.699,5.72615,110.51
5.33229,4.55326,594.623
4.24985,2.51653,289.555
3.47334,4.36389,170.651
4.66922,3.20704,388.427
3.33565,2.86466,144.134
3.7446,3.72813,204.516
3.386,4.79622,163.06
4.3427,3.6701,315.617
4.11027,4.35301,273.459
2.32888,2.84444,56.1507
4.26536,3.77126,299.285
4.76009,4.05322,418.753
4.13165,0.846396,263.708
4.95239,3.08608,463.437
3.45451,3.56245,162.025
3.43095,3.65773,160.434
3.55928,3.14922,175.292
3.91173,5.3112,249.805
5.91912,3.25353,813.664
3.7325,4.13114,206.093
3.60721,2.31944,177.118
4.0244,5.48445,272.296
3.7873,4.39113,217.444
3.91394,5.79198,256.689
1.66702,4.22682,35.4871
4.99253,4.26217,484.424
3.9077,3.89266,233.157
3.5114,3.88416,171.161
5.26009,4.03726,567.375
2.79322,2.79923,89.191
3.68231,3.20988,191.932
2.92696,2.80491,99.7537
3.47315,4.06956,169.546
3.39289,5.75553,180.321
4.25564,4.91049,307.693
3.59462,3.89712,184.446
4.46557,3.27823,340.786
3.89414,2.52172,224.161
2.95917,1.77318,101.285
1.99588,4.49067,51.1472
4.88555,5.61318,471.678
3.93404,3.33865,236.451
2.92518,4.00666,106.435
3.48236,4.16995,169.355
5.88159,2.35461,794
4.30482,5.00733,319.65
3.05932,3.17604,116.368
3.98855,3.33392,242.645
3.38084,3.94373,157.328
3.87411,5.05743,240.509
4.1368,6.09203,305.037
5.18375,4.42105,544.393
3.49814,3.08866,165.523
4.85194,4.50828,448.376
2.0678,5.28099,64.4228
3.57167,4.18471,183.249
5.52887,2.60338,653.422
3.25755,4.54735,145.158
3.8303,4.59738,224.44
3.23462,4.30536,141.617
4.75933,5.08895,429.758
3.55083,4.3737,183.288
3.66466,3.92583,194.61
3.0267,2.57949,110.251
5.51157,2.82563,648.181
3.78751,2.93476,207.276
4.75847,2.54219,408.467
5.10556,3.04043,510.868
4.55712,3.38299,362.278
4.72604,1.69063,399.643
3.96857,4.20551,245.609
4.22702,3.90118,292.319
3.84317,3.45397,219.102
3.32784,3.23941,144.597
4.77226,4.3515,424.635
3.79509,3.50055,209.967
4.40143,3.49495,326.126
3.71086,3.25424,197.483
4.53069,4.8711,369.117
2.53829,2.96646,70.2168
3.40515,3.30775,155.562
5.2747,3.7019,570.201
3.84105,4.41618,225.906
4.16221,3.56642,277.095
3.35219,4.57497,158.574
3.00222,5.0131,125.93
5.42656,4.67821,630.564
3.81791,4.33927,221.174
2.8066,2.98673,90.8584
5.15464,2.92801,526.129
2.96041,3.64274,107.214
4.54215,4.66456,369.806
3.18129,3.85753,132.429
5.11861,3.7888,519.766
4.71217,4.73398,411.819
4.70152,2.82177,394.344
4.91981,1.47439,451.2
3.53374,3.72891,174.521
3.30358,3.67623,145.593
4.68246,4.22479,400.186
5.16855,4.86914,542.666
4.4139,5.74151,354.627
4.75782,4.53419,421.93
3.92941,4.80624,245.894
3.19035,5.94177,158.175
5.77682,4.91507,767.026
2.67423,4.06349,86.7796
4.01175,4.62829,259.069
3.34587,3.84456,151.581
4.93885,4.80181,474.914
5.09691,3.33667,509.588
4.85133,2.78454,435.738
3.49566,4.78178,180.598
5.18027,4.51006,545.997
4.43233,5.48404,354.536
4.75743,2.62127,409.944
4.174,4.51655,285.786
4.12754,2.98118,268.023
3.99359,3.71711,246.361
4.26095,3.67589,299.479
4.43183,3.64275,336.04
4.51,2.97752,352.22
3.09192,2.65626,114.806
2.94887,4.08825,111.012
3.44189,3.74345,161.888
3.64019,3.2863,186.508
4.00539,4.89363,258.689
4.15174,4.6119,283.548
3.94354,4.10421,240.876
2.17507,4.08524,56.5752
3.62334,4.1018,190.651
4.0809,4.18715,266.707
3.00933,4.78581,123.653
3.11828,4.37013,128.322
3.52171,6.89508,219.959
3.76467,3.48858,205.443
3.86592,5.63125,246.23
4.53612,3.29978,355.374
5.04985,4.45966,503.853
3.053,3.64463,117.263
3.23536,6.14715,168.652
2.7504,3.5912,89.0392
4.02527,2.42377,247.097
1.88008,3.10888,37.2558
5.53121,3.41945,657.646
4.84649,2.75356,432.149
3.19292,3.5716,133.036
4.6185,5.32575,396.867
3.58797,3.13217,178.768
4.32759,4.21599,316.207
3.76196,4.44021,212.596
3.54707,5.35931,193.183
5.67404,6.61296,755.134
2.74216,5.37191,106.289
4.79668,2.36978,421.627
3.97291,5.21705,256.805
4.90698,4.31236,459.573
5.03198,3.91501,491.101
5.11178,3.27688,513.929
3.59182,4.93573,196.199
3.29804,5.25885,160.258
5.21947,3.67592,551.244
3.04448,4.47989,123.72
1.24047,4.0092,23.3357
4.68404,2.68392,390.808
5.91249,5.98765,842.3
4.00247,5.1135,261.269
3.71184,3.61267,200.234
2.67262,6.27868,117.439
3.43729,6.4509,197.742
4.96139,4.13178,473.831
3.1744,3.37776,127.759
2.28274,2.59838,53.6768
2.46951,5.48075,88.6474
3.75242,3.31989,204.016
2.64807,3.79957,84.1634
4.06926,4.86537,271.854
5.55556,3.56487,669.805
3.59065,5.10359,193.496
4.9404,4.85519,475.869
3.31759,4.59516,151.512
2.6501,4.41213,88.7894
4.4318,3.95254,336.462
6.08746,4.33465,896.292
5.81146,3.78886,771.85
4.06294,3.96106,261.125
4.75588,5.61109,434.801
3.50874,3.92711,172.721
2.55897,3.79639,75.0982
5.4979,4.13669,650.174
5.79905,5.51946,786.004
4.66515,3.61052,391.084
4.72575,3.58258,407.72
4.18506,3.31729,282.806
3.90851,5.13231,245.111
5.76862,3.75607,753.1
4.99485,3.39193,481.229
3.95107,6.34374,273.645
4.3892,4.08841,328.896
3.15774,4.46643,135.049
4.91557,2.99375,452.769
4.22066,3.24772,286.947
4.81117,3.15293,425.691
5.28446,4.25621,576.066
4.68213,4.3068,400.419
3.63564,4.15095,192.01
3.67565,3.44384,192.483
3.9612,2.53573,236.303
3.35464,4.86908,163.458
3.90042,5.53064,250.128
6.23649,4.00896,965.08
1.66764,4.03113,34.5535
4.60609,5.02018,386.453
4.03974,4.45865,259.978
5.77115,6.29434,788.777
3.95134,3.59936,238.9
2.89049,3.59074,102.232
3.61439,2.29657,181.505
3.9532,2.05553,232.393
4.19876,4.63311,295.954
4.04623,3.20282,251.722
2.74752,3.21581,86.1579
4.73036,3.13022,405.938
3.60043,5.98629,211.593
3.40802,5.85414,183.034
4.3892,3.48554,324.909
2.81928,4.25515,100.07
2.94287,3.36983,105.907
2.47072,0.679309,62.9137
4.91479,3.88117,459.322
4.3741,2.91624,318.313
3.31948,4.43791,152.187
3.61221,4.187,189.844
3.11775,4.06942,127.507
4.55936,4.40381,369.34
2.78182,3.44812,90.2253
3.10372,2.77739,116.851
3.98511,4.23024,248.236
4.29322,3.90965,305.313
2.82405,5.19354,111.924
2.41873,4.60584,74.2944
4.90002,2.87032,448.742
6.48742,3.61884,1092.05
3.84825,3.99798,223.829
4.7945,4.11906,427.712
3.7367,5.13972,217.442
4.46896,4.75336,351.889
4.23468,4.36484,298.74
2.7181,3.23014,85.2863
3.30588,5.6863,165.807
4.70794,4.41352,405.479
3.90923,4.74526,241.568
2.7254,5.65804,108.821
3.65257,3.40107,188.493
4.89194,5.38279,470.341
3.61639,3.83216,186.375
3.6942,3.77179,198.659
3.56373,4.51779,183.957
2.17804,3.78408,53.6209
3.70819,3.52447,198.915
3.33378,4.86134,158.286
3.49679,5.12787,184.322
5.4544,4.28882,635.792
3.39005,3.29374,152.13
4.46666,4.50803,349.274
3.70411,4.87997,211.888
2.36948,4.10709,66.3451
3.4981,3.80053,171.349
2.59169,5.64936,98.4673
4.42718,2.83516,330.538
2.90276,5.8623,127.345
3.21833,3.84355,136.455
5.90684,2.98951,806.004
4.55268,3.00067,360.766
2.17828,3.43081,50.5199
4.44843,5.07874,351.995
4.6208,4.35005,384.043
3.74951,3.757,206.886
2.85979,3.82957,98.6698
3.65149,5.61338,212.504
4.63745,4.14577,387.734
5.02367,6.14985,518.889
4.07367,3.09813,256.798
5.1864,4.39273,544.551
3.8364,5.57718,240.831
2.98225,4.49787,117.302
4.64216,6.79922,430.565
5.07079,2.66795,499.393
3.49517,3.15916,164.804
3.81563,2.20623,210.333
5.33569,4.23201,594.339
6.21524,3.9656,956.107
2.46069,2.8611,64.1089
4.0396,2.6831,251.085
3.70233,2.69082,193.341
3.59261,4.45652,188.079
3.93193,5.69694,259.142
3.73763,3.94083,206.171
4.82599,3.39865,431.123
4.2104,3.88925,289.289
5.46632,3.02569,631.609
2.83893,1.88259,92.7718
5.01993,3.64467,487.849
2.11582,3.11547,46.1668
4.22468,4.53289,297.597
3.57972,3.40785,179.159
2.1643,2.07827,46.7698
5.25852,5.29836,578.985
5.23718,3.81534,557.526
2.45916,4.32566,74.2662
4.11977,4.76058,280.839
4.09829,4.71215,277.106
3.52213,4.35225,178.832
3.72729,4.65971,212.457
2.82705,4.15742,100.547
1.45119,2.8971,23.1191
4.24211,3.75547,295.672
4.05401,4.82239,267.448
4.73551,3.41883,408.278
3.39422,4.94006,166.748
4.08423,4.2344,266.653
3.89181,4.05844,232.236
5.52064,4.57057,662.91
4.60215,4.38916,379.591
1.29611,4.90168,33.1915
4.95915,4.47976,477.047
4.9779,3.61141,476.097
4.33019,5.11729,327.226
3.6123,3.04377,181.6
5.46768,4.54004,644.604
4.05653,4.59977,267.373
3.03364,4.18507,116.931
1.34937,5.03186,37.6042
3.42099,4.1422,163.729
5.36182,4.64686,605.748
3.06668,3.69653,118.094
3.32328,3.17149,145.973
3.68383,4.23469,200.476
3.6395,4.36303,194.592
4.12133,5.25125,284.92
4.8711,3.92154,447.648
3.46016,4.61541,172.506
5.56458,3.67537,672.257
4.36719,3.15561,318.245
4.26052,3.31509,294.758
3.48548,5.18633,181.437
1.97207,4.90043,53.7871
3.77626,5.56193,229.581
3.80964,5.77222,239.193
3.58588,4.14406,185.384
4.1743,4.30356,285.455
4.33344,3.30787,310.139
4.23543,2.93124,289.232
3.19832,5.27203,149.386
1.54951,4.80443,38.2816
4.72915,3.66625,407.192
4.98566,2.86147,473.121
5.07312,3.81689,503.948
3.19379,4.05971,135.921
4.10918,5.35187,284.623
4.2683,4.99209,311.496
7.27783,5.70488,1606.58
3.21423,3.02752,132.479
3.66937,3.35256,192.042
4.02626,2.88617,250.189
4.67311,3.21505,390.146
3.27149,3.81524,140.85
3.24344,2.979,134.915
2.80384,5.06815,106.383
3.89617,4.43686,233.26
3.65451,3.38995,189.429
4.0075,5.86258,276.496
3.1965,3.65177,131.998
4.83506,3.86673,436.143
4.37837,3.93493,323.907
3.83995,4.64904,228.522
3.99967,4.61705,255.946
4.00792,4.09975,251.699
3.02266,4.17121,118.962
3.39153,4.87737,165.928
3.6691,4.08507,197.412
6.08297,4.06941,892.993
4.53408,2.91974,354.634
4.92015,2.96486,455.767
5.13024,2.58029,515.571
4.87711,5.65475,469.93
4.73106,4.68916,417.987
3.06448,3.47506,115.65
2.58963,5.27684,93.7793
4.38155,6.24161,355.649
2.68266,2.60009,80.2081
3.33297,3.21776,145.115
4.11771,3.66138,270.091
2.87071,3.8881,100.098
4.68624,5.11377,409.753
5.50505,2.40746,644.234
4.46906,4.74844,352.968
3.82702,3.59094,217.171
5.26979,5.5403,586.17
5.43249,4.08774,625.757
1.70282,4.27482,36.9733
6.24187,2.93644,962.584
2.31864,4.09873,63.95
3.29618,4.96088,154.782
3.56739,4.19701,183.312
3.42233,5.04228,172.738
6.26685,5.76476,1002.82
2.2962,2.89579,54.4104
5.01796,5.67293,510.569
3.61992,4.2004,188.843
2.29539,2.70433,54.1185
5.36932,2.41469,597.163
2.8972,2.97656,100.289
2.77848,3.70812,93.8849
2.72291,4.26163,91.3586
3.8327,4.59913,226.796
4.55527,5.07843,376.332
2.8416,4.40814,103.59
4.64792,4.58471,395.935
5.20517,3.00738,543.702
3.56128,5.09822,192.223
4.69852,5.54226,419.394
4.18025,4.54764,288.07
4.42397,2.63883,328.812
4.89886,3.57076,454.402
4.01839,2.82047,246.105
5.03352,3.91807,492.609
4.0127,4.05164,252.676
3.10128,3.65735,122.365
4.51363,4.02379,357.183
1.22164,4.76871,30.8139
3.21139,3.03483,130.934
5.86223,3.62887,790.499
4.10587,4.40706,271.528
5.01505,4.5858,494.124
4.47554,5.84627,369.283
4.92922,3.48868,462.508
4.90422,3.97137,456.388
5.45735,3.83741,637.233
4.25479,1.66735,291.114
1.19421,4.21079,25.1825
3.80745,3.36338,213.295
4.72205,2.56849,401.487
4.04157,2.57309,250.169
5.23668,4.27089,563.15
3.56581,5.45817,196.788
3.65775,3.02737,187.97
3.51129,4.81417,180.55
3.96696,3.25402,240.151
3.79969,4.13594,217.035
3.24738,2.57807,133.867
5.46471,3.8116,636.433
5.6512,3.69506,705.074
3.79217,4.62933,220.26
3.19999,6.94866,182.651
4.47441,4.80127,354.593
2.6455,3.62772,81.4904
5.23522,4.87459,565.147
4.79593,4.30448,429.784
4.70497,3.36895,400.375
3.91017,5.05086,245.299
2.10504,2.96084,45.5001
4.47,3.60039,343.223
2.70943,2.63646,83.7943
3.53189,4.26989,178.461
6.39878,4.73986,1055.36
1.3047,4.82849,33.469
5.7505,3.26412,742.223
4.74042,2.80632,405.754
3.22854,1.55953,126.984
3.95123,3.61185,239.77
3.00714,2.70074,107.014
2.83261,4.42129,102.223
3.43264,5.32118,178.856
4.55084,2.98167,359.591
4.4739,4.65706,352.908
2.75601,3.98071,93.2381
3.34988,3.88452,150.938
2.42771,3.73964,65.5195
6.60256,5.41169,1173.38
3.19979,3.64525,134.644
3.91241,3.98182,235.311
3.52938,2.60249,168.619
4.37676,2.82883,319.171
3.91953,4.23848,238.625
3.53418,4.52847,180.03
4.09593,2.86802,260.353
2.95042,5.46897,124.98
3.36959,3.50392,150.24
4.01613,5.44082,270.005
4.44333,6.16997,368.646
2.41614,2.9112,62.9704
2.69101,4.77228,93.3456
4.15248,3.97644,278.31
3.81479,4.01118,217.596
4.45678,4.31019,345.588
3.17648,4.21697,134.094
5.36794,4.25716,604
4.42277,5.73655,357.66
3.5247,5.04943,185.864
2.78871,4.10612,95.2516
5.04004,2.80551,490.933
2.62766,4.40953,84.9241
3.59219,3.72444,181.281
2.67534,3.41151,81.4645
2.34738,2.81584,58.8187
4.02487,4.03026,254.972
4.31776,3.28163,308.004
4.83354,3.02733,432.247
5.17263,4.57088,542.123
4.37086,3.03072,318.739
3.83105,3.47913,216.418
4.42315,4.09223,334.809
3.87359,4.13438,230.342
4.73957,4.74408,421.198
4.96366,4.25508,476.926
4.59826,6.42442,410.756
4.76369,2.99894,411.991
3.87858,4.03104,227.573
4.0907,3.71781,264.427
3.93452,3.00794,231.241
3.52093,2.27171,167.255
3.93334,6.02085,263.561
3.72592,3.46595,201.041
3.76962,3.64318,207.416
4.72705,4.9254,416.553
3.68014,3.70415,193.276
5.02685,2.41152,483.564
4.37657,3.58232,323.528
2.84864,6.0141,126.322
3.48594,4.08256,169.59
3.57566,3.77747,181.451
4.50389,2.95498,346.627
4.25097,4.02223,299.418
4.61756,4.76635,387.833
4.63417,3.46799,379.514
4.89656,3.10561,449.439
5.33576,4.46061,595.833
2.31718,3.01349,57.4653
3.89162,5.01506,239.714
2.80232,4.27523,96.8176
2.80573,4.2352,99.294
4.06581,3.25363,256.943
3.38429,5.19035,169.519
4.44922,4.35904,343.513
4.27538,4.49096,309.602
2.30553,2.56825,55.0885
3.18399,1.96422,124.324
4.97455,3.68379,474.13
4.14319,4.3351,279.794
4.40503,2.96089,325.242
3.56635,4.95213,190.569
4.93775,3.15611,461.249
5.14782,3.59532,526.535
3.36903,3.80109,153.32
3.82656,4.28203,223.505
1.93054,2.69469,38.027
2.20514,4.94395,65.083
2.84821,3.76506,100.464
3.1262,5.1336,138.094
3.04373,2.69706,111.919
4.42172,3.02213,328.197
5.82749,4.08111,779.154
4.37352,4.38844,327.692
3.3651,3.57786,152.885
3.57607,4.13218,184.576
3.67284,3.92978,194.075
4.62468,6.58155,419.651
4.8312,4.17015,439.795
3.27331,4.90798,150.797
2.03344,2.45431,40.3926
3.50205,3.83288,171.264
2.85441,4.17132,101.645
1.557,3.86685,31.6112
4.53615,3.40797,357.494
4.63844,5.94136,411.827
4.16588,4.14659,283.663
4.2379,4.45773,300.113
3.93547,3.51683,235.404
3.37568,4.75057,162.632
3.64467,4.15424,193.811
4.11983,3.91734,270.984
4.96689,2.45973,467.418
2.35967,3.1326,60.8926
7.46338,4.80752,1728.74
4.49441,3.60901,347.887
3.67204,5.53981,214.03
3.17682,3.57075,129.639
3.46388,4.60389,173.855
3.76387,4.49782,213.314
3.12409,6.00884,151.022
4.86446,3.33771,439.56
4.06815,3.2569,257.671
3.93217,3.07363,233.572
3.77303,4.10706,213.84
4.71076,3.61502,401.576
2.81001,3.29191,92.081
4.55352,3.82346,362.321
3.41437,3.92691,160.438
3.57277,4.57677,186.638
4.37674,3.92589,325.612
4.35056,3.37159,316.04
5.76852,3.74007,754.428
3.06479,5.03313,131.95
4.07493,3.53718,262.81
5.3772,4.64614,611.514
6.10207,5.56739,919.176
5.05938,4.13208,503.749
4.56124,4.27912,369.568
3.73381,5.31915,220.796
3.13033,3.86699,124.522
4.39625,4.71537,338.577
4.76706,4.69204,424.851
2.2107,3.20593,50.6864
1.80738,4.47878,43.196
4.26197,2.98326,294.21
2.72616,4.58134,96.2243
4.4999,3.80261,350.809
4.95985,2.6911,464.411
4.95692,3.72695,470.302
3.23139,3.72117,136.874
3.55258,5.52369,196.309
6.27965,4.2988,988.478
3.52585,2.89976,169.119
3.32993,3.28858,145.163
3.1001,2.97377,118.89
4.97754,3.5077,475.249
3.84658,3.44128,219.888
4.51634,4.98679,366.096
5.6076,2.95028,684.226
3.7417,4.67846,212.76
2.31739,3.15035,56.7091
3.62248,4.74208,194.549
3.70916,3.55623,198.403
3.51145,2.03179,164.01
3.85779,2.87122,215.52
4.36343,2.89524,315.694
2.2313,3.176,51.5461
2.13956,5.24518,66.8
3.06402,5.09297,130.507
3.3641,4.63846,160.164
4.45513,4.31376,345.591
4.82097,4.89578,441.494
4.17236,2.49426,273.269
4.4098,4.25003,332.679
2.89576,2.86163,99.86
2.54125,3.74781,75.5315
3.72566,3.82961,202.434
4.17892,5.05018,294.134
5.40008,4.92726,624.357
4.02828,4.01321,256.159
0.948202,6.73931,59.4555
5.3507,2.74897,592.13
4.06984,4.99578,271.574
4.61136,4.86166,387.975
3.68981,6.21191,228.915
4.63211,4.59499,389.767
3.68775,4.24536,200.732
4.86368,3.54873,442.112
3.34021,2.19833,143.868
4.77418,5.42427,437.884
4.7082,3.67211,401.229
3.19958,2.09986,126.695
3.53987,5.24528,189.566
5.91478,4.78348,825.661
3.52311,2.8468,169.394
4.32651,3.94455,315.539
4.40375,4.25622,333.797
3.86962,2.17425,219.025
3.30045,4.62348,152.501
4.38123,3.42177,320.802
4.89152,2.3885,444.811
4.48196,3.16158,344.941
5.15621,3.99811,532.466
5.78948,4.59229,768.653
4.10956,3.33208,266.038
3.36119,2.0506,146.228
2.10926,4.18806,51.6021
4.63823,3.26324,382.838
4.35418,3.35677,316.728
4.11404,3.1614,266.323
2.52511,4.09988,77.3813
5.25121,4.44474,567.009
4.66802,4.48931,398.925
2.4352,3.47919,66.5415
3.03644,2.82115,111.894
3.23125,5.13798,149.599
3.88671,4.11592,230.354
3.63717,4.66278,196.404
5.76672,4.78837,760.987
3.16136,4.20807,132.38
2.97975,4.5571,118.802
3.23745,3.89126,137.464
4.17446,5.58483,300.77
3.54418,3.85697,175.578
3.55579,3.47852,175.493
5.8684,3.02827,790.835
5.2716,6.643,611.413
3.86899,4.2862,228.984
3.81403,5.47052,234.84
2.92473,3.62825,105.49
4.49327,3.86042,349.849
3.32053,4.32799,151.138
4.2801,3.88027,303.272
3.5245,3.31968,170.545
2.16546,3.70288,52.9106
5.01546,3.22113,483.916
2.82751,1.51522,89.4231
4.82311,5.80377,456.57
3.78754,1.88725,205.737
4.47387,3.15231,341.888
3.44026,3.25668,158.935
3.29273,3.00303,140.251
2.88542,4.04172,103.229
4.87544,3.63166,446.681
2.5646,5.2801,91.7583
2.46733,4.38308,74.8106
5.4123,3.6619,616.681
4.60643,3.2316,374.125
4.42038,2.59074,328.53
2.28772,2.9369,55.9936
4.29554,4.85578,316.743
4.20876,3.97256,290.354
2.83229,3.04839,92.3694
3.63032,3.50945,187.841
3.07427,4.33299,123.521
2.1134,4.08853,51.3169
2.04918,4.35763,52.438
3.95564,4.23078,244.665
5.57901,5.05528,691.994
4.69043,4.09001,401.271
4.11339,5.0792,282.503
2.91007,1.96989,97.9676
4.77282,4.51554,427.028
4.42151,5.05486,344.088
4.5343,3.54926,356.817
2.38537,4.82349,75.3582
3.07073,6.09421,148.321
4.16212,3.65416,278.747
4.62371,6.11734,410.585
3.47243,4.07847,168.574
3.49205,4.74906,176.879
2.92401,3.30758,103.747
4.7923,2.92702,420.829
4.52177,3.13448,352.731
3.52022,3.28167,171.434
6.11706,4.4977,911.501
4.85835,4.45646,448.507
4.82695,2.47929,428.31
4.13059,3.23244,268.431
2.35833,2.29888,56.9606
3.35954,7.37526,211.619
3.85785,5.84479,248.631
3.6568,4.15743,196.292
3.87427,3.77745,227.362
4.14452,2.99568,271.205
3.63915,4.95208,200.199
5.40062,4.51434,619.876
2.71611,5.99315,115.311
5.18175,3.63475,539.264
5.30474,4.38577,585.253
4.60791,4.89204,387.233
3.18769,5.47244,151.465
5.12618,4.95314,531.473
4.03636,4.32009,260.694
3.59976,3.96732,186.248
6.29282,2.33013,985.199
4.21259,5.33951,306.402
4.65159,5.94015,415.668
2.81498,2.69162,90.1983
3.19003,5.14495,145.07
3.29739,3.97572,144.24
3.57539,2.75722,173.943
2.68782,2.67232,80.5309
4.24838,4.50786,302.847
3.91602,3.23531,231.125
1.57528,4.5842,37.1397
1.79791,4.94261,48.0792
4.35769,6.11072,348.43
4.92592,4.70038,470.077
4.32271,6.81378,355.995
2.66752,3.87185,83.1008
2.84947,3.92001,99.5701
2.28223,4.61168,67.3859
3.86362,4.96942,235.239
3.95711,3.3612,236.923
3.46742,6.33585,199.871
4.78754,2.21633,419.111
2.84121,5.26904,114.564
4.56495,3.25792,362.651
4.21606,4.06826,292.327
3.20198,3.01462,128.719
5.34444,2.66562,588.288
2.96708,4.34069,113.776
5.05023,2.93274,492.798
4.13565,4.23352,276.98
2.29324,4.2111,62.6191
3.59592,3.70329,181.39
4.05479,3.1357,255.049
3.90761,4.30807,237.187
3.13948,2.16475,119.724
4.6564,3.30584,387.354
3.01907,4.50025,120.946
4.11411,5.49945,288.114
3.98681,4.23544,251.063
2.90094,3.91001,104.008
5.26652,5.73571,590.568
4.02135,4.27524,255.663
2.65234,4.63186,90.1685
1.58585,3.64136,29.4008
4.80234,3.79169,429.93
4.3517,4.42315,324.002
2.85908,2.32387,93.9822
3.58053,5.44968,200.148
3.90333,2.43533,225.945
4.21096,1.95988,281.859
3.90747,4.72102,242.221
4.62876,3.35865,379.499
4.29861,3.72294,307.849
3.28415,4.40037,148.795
3.51417,3.64384,171.533
3.5594,4.0632,180.09
3.5541,4.64567,185.616
4.23329,4.9349,304.835
3.12158,3.23493,123.337
4.75397,5.88489,437.988
3.82315,4.01775,219.034
4.66709,2.80249,386.985
4.47659,3.42152,344.253
5.11535,3.6233,515.556
2.60722,3.86949,78.8132
1.73027,5.98167,61.6544
4.47355,4.2075,348.879
3.5549,3.65727,177.11
4.27464,3.55677,302.277
5.24402,3.45018,558.36
2.58079,4.83067,87.3305
4.8569,4.11254,443.968
2.47956,3.80715,70.3218
3.59228,4.01788,184.656
3.82377,5.07543,231.451
3.20781,4.82202,143.16
4.56911,4.79002,376.938
4.30403,4.01369,310.675
5.64509,3.97683,706.194
6.09258,3.75997,894.709
6.58887,4.36087,1152.59
5.89735,3.54046,805.242
3.20612,1.27393,127.007
4.6801,5.36667,410.227
4.29961,2.99687,304.128
3.59994,3.19052,181.507
3.76504,5.24232,222.602
4.96059,3.98205,472.192
4.55034,2.96333,355.834
3.03084,3.92557,116.942
4.66489,2.67446,386.755
3.6007,2.71183,179.341
5.20098,6.14883,578.151
4.58003,3.9929,373.386
2.97009,4.22131,112.563
3.81813,4.2579,223.394
3.73864,4.93159,215.931
5.26052,4.24254,567.658
3.83915,3.63122,220.027
3.7242,4.38136,208.228
4.82568,4.57132,442.422
3.95503,3.86228,241.744
2.60348,3.81239,78.5734
