3
5.19659,5.04106,10.2257
5.42854,3.52922,9.66938
4.97769,3.58341,8.21246
3.36351,3.2622,8.11701
3.38128,3.56693,7.24041
3.72177,3.93943,10.1635
3.20524,3.72459,7.9653
4.26744,4.34783,9.01675
3.44925,1.88717,4.91679
3.4489,5.28865,11.7604
3.94442,3.16682,9.13605
3.06319,4.49008,7.85086
3.41101,5.96753,14.5268
5.22253,3.01364,7.18295
5.04225,3.58473,7.16114
4.19419,3.81342,8.40794
5.65521,3.91532,9.00777
4.09125,4.00509,9.61804
2.81295,4.59548,8.79186
4.10705,3.85289,6.32104
4.58211,1.84684,4.82863
3.56628,3.78304,7.85222
4.23084,4.20111,8.90357
4.22086,3.50119,8.82752
5.20848,3.71047,10.1504
4.66128,3.09729,7.88014
5.58438,3.63827,8.30111
4.57569,3.49373,7.61641
4.03752,4.13183,7.63658
2.92842,2.66949,8.07411
3.47286,4.34347,9.35474
2.41389,4.4969,9.86469
3.89406,4.40098,9.28901
1.94662,3.99334,6.65169
3.89847,3.63653,7.03653
4.70902,3.97047,9.21448
4.54777,5.23438,11.3006
4.46385,4.1017,7.99134
2.3591,4.02264,7.61388
4.65022,3.31725,8.04878
4.0578,3.3878,8.10611
4.5603,2.88325,9.37184
2.86355,1.8377,5.22629
5.78322,4.63401,11.3356
3.64804,5.47444,14.6133
4.22473,5.24451,10.4716
4.65527,3.76669,7.43647
3.9327,4.12893,6.89006
4.23319,4.66458,11.7681
6.32721,5.27848,11.7248
5.26625,5.75772,15.5484
5.09068,2.46353,5.95733
2.70099,5.60149,12.4733
3.86911,3.97701,6.64539
5.16413,5.0491,11.8727
4.76219,3.44633,7.99025
3.86564,3.95954,6.49227
2.61763,4.05919,8.25236
6.54399,4.26456,11.1677
3.5815,4.14502,8.64248
4.17322,4.72584,9.19257
4.34573,2.48135,8.96154
5.49698,4.85091,10.6452
2.51225,3.81811,6.13342
2.72748,3.49352,6.2537
2.99,5.56317,11.8021
5.90054,4.34574,10.2111
5.36295,4.77257,9.85886
3.91692,2.8918,7.40566
5.97429,2.8666,6.93263
3.35774,3.30408,7.64905
5.44795,5.65599,12.6736
2.65207,4.40577,7.49498
1.66074,4.04734,5.75669
2.81415,4.73674,9.96713
3.7705,5.64043,11.7272
2.60342,3.07344,7.4501
4.89165,6.08714,16.0013
4.29653,4.25859,8.5279
2.34868,3.09175,6.72375
5.17488,4.37799,10.9344
4.34724,4.61756,9.48106
3.39645,3.96512,7.36123
4.41881,6.03335,13.9887
3.55323,4.4882,8.47429
2.60286,3.28991,5.9629
3.702,4.61158,10.9916
3.90776,5.06349,10.9249
3.75286,4.06203,9.35779
4.50932,2.18933,8.13535
3.30529,2.63409,5.60471
4.55869,2.6459,6.53935
5.09907,4.36712,9.63926
5.13586,3.02723,8.25207
3.87174,3.63503,7.27366
2.72706,4.86145,11.1731
2.46257,4.46076,9.24856
4.2856,4.84509,12.5705
4.38476,4.75943,9.88885
3.9322,6.01181,15.4415
3.48092,1.6135,4.13631
3.93254,3.27319,7.43935
2.76894,3.95874,8.5753
4.34088,4.34989,9.1491
4.87557,4.27129,8.84115
4.13165,4.44974,8.65331
4.2465,4.10603,8.96916
5.45183,3.31962,8.03416
3.34659,4.94529,10.4189
4.91218,4.41755,9.48159
2.94611,2.04314,6.84116
4.81022,3.77136,7.48752
4.24819,3.98214,9.14226
3.47938,4.36584,9.9312
3.51796,2.94076,6.74971
3.84362,3.38775,8.65937
4.11803,5.46037,13.4711
4.05622,3.7048,9.02693
5.13665,3.78557,8.69424
4.79005,5.01451,10.2968
4.08701,3.41548,8.56611
2.59577,5.09068,8.83909
3.02949,4.98822,11.0021
4.37174,2.87574,5.70849
3.44997,6.0472,14.8706
6.08187,4.66873,12.1845
2.63372,2.95743,5.99034
2.49267,4.1992,9.75957
5.0358,4.08772,9.67931
3.89458,1.98156,7.19902
4.25511,2.37419,7.53815
2.7491,3.3834,6.98875
2.44429,2.20622,5.70098
3.7575,4.97054,9.77333
3.89002,3.83094,8.68234
4.38652,4.32952,8.49569
4.44236,5.51643,13.4553
3.10827,4.18408,9.54351
4.62244,2.97934,7.29184
5.01361,5.21165,12.4873
3.4062,2.89475,7.7405
3.72321,4.35199,8.13826
4.39272,3.71432,8.02247
4.45722,6.80185,18.5608
2.912,3.18051,9.82147
4.81838,3.55973,8.64626
4.01524,3.55436,7.77709
3.81703,5.00575,10.5572
5.11961,5.24169,12.6577
3.64219,3.94858,7.60696
4.29391,2.98251,7.39096
4.18777,3.9785,8.2653
4.71619,2.20097,5.79661
3.79092,4.69397,9.92114
3.32887,4.80168,9.61512
3.00909,0.533982,6.51885
3.59097,3.00202,6.34873
3.87234,2.97698,7.1937
4.2573,2.78507,4.1173
5.26332,2.6184,7.3718
3.81809,3.19379,6.19071
1.99931,3.41771,5.75821
3.58256,4.74239,9.58631
2.98963,2.95715,5.99309
4.03288,2.71573,7.99811
2.74789,4.4688,9.28388
4.23293,3.56516,8.69904
4.39312,4.08352,7.52688
3.71921,2.4027,5.58009
3.12207,4.35366,7.67958
4.64622,5.13653,11.3995
4.04745,2.42169,7.49089
4.09837,4.04043,9.07369
5.50718,3.02819,8.50772
4.33814,3.94598,8.70445
3.03579,1.56,5.85524
4.69125,3.17312,8.32404
4.5804,3.68774,7.74372
4.22397,3.30158,8.6888
4.35705,4.05421,7.87784
4.26631,3.94756,8.61625
3.03221,2.60197,8.00958
3.03849,3.80863,7.65284
4.63328,3.7557,8.47193
2.79856,1.59998,6.42047
3.28313,5.04381,11.6
3.30083,1.97996,7.58328
4.25566,2.75975,7.1583
4.01319,2.53251,6.78004
3.0913,4.19924,9.28508
5.71467,4.90205,12.3759
5.40582,2.04501,5.7482
4.81124,4.14261,9.57124
4.66876,4.40941,10.2452
2.85564,3.45251,7.54339
4.19889,4.19206,9.29067
3.27208,3.98472,6.85663
3.45179,3.97198,9.57656
6.17272,3.93967,8.51837
1.78536,3.65556,7.52429
3.93518,5.36273,10.0781
4.39572,4.42827,8.41186
5.8571,4.27012,9.89737
3.90419,3.82654,7.68779
3.81116,4.9147,10.5514
3.25409,2.7967,6.53841
4.54441,4.98868,12.5704
3.20393,4.71793,10.0841
3.84959,5.37905,11.3589
4.40496,5.07814,9.98443
4.25289,3.71661,9.11167
3.71987,3.87345,8.30881
2.70965,3.32916,5.71788
4.62863,2.55566,7.14014
2.61825,2.69511,5.04425
3.30084,4.9727,10.2513
2.85287,4.01547,7.93155
4.03798,3.94684,9.05979
3.51899,4.7925,9.44323
5.42888,5.0271,11.4715
5.58609,3.62015,6.45123
5.03016,3.77919,7.28455
3.30964,3.4944,7.06535
4.95009,3.65379,8.22487
4.71756,2.79532,6.31227
3.56486,2.62985,4.28045
2.12016,5.12111,8.95252
3.74443,4.39461,9.79691
3.54355,3.63534,8.33718
2.56328,3.06425,8.3063
4.93894,5.48065,12.7944
4.13741,6.25017,14.392
4.29131,1.41575,6.48319
4.51532,3.53624,6.65915
4.73442,5.40935,13.6273
1.95927,3.62585,5.16294
3.95409,3.69339,7.25593
3.68531,3.15064,8.34061
3.37122,4.42615,7.12303
4.35859,5.53244,13.4478
3.90537,3.89326,8.10253
2.86874,3.86393,7.33809
5.38673,3.68276,8.44214
2.24309,4.02129,5.61381
3.89155,3.54737,7.14178
3.12035,3.08944,7.07547
4.19685,4.11192,9.47229
4.34586,3.97467,7.49627
4.49258,4.23796,7.78588
5.40832,3.29798,8.84337
4.08631,3.56881,6.77361
4.60836,3.42439,7.65237
3.45881,4.21793,7.64803
3.38246,3.94623,8.39806
1.83516,1.4971,5.41472
4.29842,5.50583,13.2507
2.31269,5.37978,11.0978
2.92128,4.22001,8.70334
4.56791,1.69803,6.00687
4.05032,3.09719,7.04163
6.69608,4.47532,11.007
3.79602,2.7591,6.01523
5.2762,3.22096,6.90984
4.24346,4.22551,10.3209
4.87577,2.71382,8.15118
2.37732,2.70337,6.34761
3.61419,4.26473,8.66353
4.90524,4.80544,10.4415
3.91885,3.96413,8.70897
4.25021,5.03985,12.9283
3.02593,3.59025,6.27024
5.1735,3.78831,8.95746
2.60958,3.01079,5.88928
5.06129,4.64332,10.3967
4.86192,4.94054,10.6287
4.83662,3.81336,7.78826
4.51863,3.91077,8.5728
3.29424,4.1369,11.0523
4.90289,3.38009,7.93383
3.17108,5.81025,12.9592
3.75127,2.98186,7.9185
5.11766,6.62528,15.7898
3.87979,3.3561,7.56492
3.49798,2.16991,5.89284
3.33356,3.63244,6.34153
3.24912,3.15987,6.09701
5.37451,4.84221,10.6581
4.2828,4.44857,7.30426
5.71529,4.04343,10.0072
4.19545,3.81378,9.23569
3.80025,4.39234,8.34792
1.83121,3.04159,6.68942
3.25357,5.82756,13.6812
5.43387,5.39573,12.7621
2.66369,2.44116,4.86546
3.37138,2.18662,6.42321
3.73654,4.70009,10.2196
6.00226,3.7166,9.34211
5.44861,3.68657,10.1047
2.38548,4.17775,9.53283
5.73792,5.61334,13.9971
4.78465,4.48905,9.09151
3.44238,2.7574,6.72937
5.21724,5.01417,10.1612
4.4601,3.967,8.77489
5.39527,5.07654,11.706
2.6975,2.51498,4.20569
3.65374,2.36835,6.12185
4.17919,3.25316,6.65365
3.15489,3.55734,7.64343
4.53941,3.44557,7.9942
4.52105,2.07123,6.84331
2.5563,4.67662,11.4887
2.49167,4.75926,11.2896
4.22605,4.08089,7.97093
3.71926,3.97225,9.03512
4.40856,4.46018,9.77961
5.33204,2.35772,7.22938
3.49274,5.20352,11.3369
2.58644,3.04456,4.9479
3.04705,2.89475,6.47748
5.3912,4.36,9.24444
2.29566,4.3902,7.29221
2.88271,5.18893,12.0893
2.71396,3.86273,7.18731
4.89824,4.87951,11.5295
4.72355,4.3043,9.74916
5.46621,4.58125,10.6795
3.80339,4.04874,7.76487
3.37329,2.78336,6.6015
3.46984,4.38748,7.95057
3.12201,4.75852,9.40704
3.41745,3.47352,7.35514
4.58659,5.65452,13.7299
3.63403,3.28994,6.73054
3.58222,2.89239,6.22835
5.04861,4.25568,8.88204
2.55535,4.23428,6.23319
3.85903,4.80786,10.4735
3.40327,4.00533,7.81046
4.01119,3.7151,7.76986
4.16774,2.45154,6.88282
3.22614,4.11517,7.9693
3.9641,3.42723,7.38005
5.44644,4.77313,9.81675
3.84886,5.14184,10.9923
4.24364,3.33721,7.13885
4.42866,2.94222,7.68221
3.96637,4.74249,7.60209
3.68835,4.66747,9.0436
2.95789,3.35784,7.24101
2.77231,4.16138,8.88879
4.36039,5.71851,14.4827
4.64165,5.12234,10.7168
3.47139,4.64167,9.14793
4.96609,2.48368,7.17283
5.21221,4.56121,8.61916
3.2011,3.81471,8.20654
4.79036,4.41595,10.1618
4.65819,3.50293,8.50758
3.96655,3.236,9.36937
6.43116,2.74434,10.0658
2.99792,3.98935,7.83888
4.08587,3.19722,6.08303
2.87201,3.95973,6.38798
5.34247,3.79902,10.8773
4.81054,4.09221,8.25859
3.91089,2.99403,7.20695
4.63701,3.17563,8.63636
2.47126,2.21375,4.65688
2.11552,4.5782,9.3013
4.1348,1.49269,7.12413
4.18779,3.53511,7.15048
4.64907,4.49161,9.22615
3.24944,3.86211,7.66502
4.39981,2.86491,7.99945
4.80046,3.83831,8.80546
2.72757,4.58466,11.6034
4.74849,5.8183,13.7716
4.4178,4.01181,9.42199
2.95352,3.81663,7.7597
3.60598,5.17535,10.4294
3.73475,2.80748,6.9421
3.60694,4.13516,9.40827
4.02484,3.908,7.06902
3.68644,3.63446,7.7906
4.6542,3.70472,7.43033
4.05247,3.9941,7.19222
3.00504,3.60278,6.51852
3.99858,5.33822,11.9838
4.40389,4.21339,8.4736
4.13448,6.10681,11.9815
4.12211,3.41664,7.94322
3.34641,3.15613,5.6317
5.32579,4.93828,10.3095
3.99689,3.20478,6.17146
4.63935,3.89266,8.74016
4.50285,3.85904,9.09871
4.3347,5.06069,10.2785
4.3958,2.78645,6.1612
3.43204,2.42932,5.63011
6.08603,3.42333,8.79154
4.23782,5.18338,10.4021
3.59988,2.51257,5.82446
4.44532,4.08803,7.67483
4.65491,4.74463,11.4521
4.70416,3.89949,8.13077
4.82907,2.66951,7.02627
2.68114,3.98682,7.61961
4.16991,5.53353,12.7835
4.077,2.74228,6.03713
3.42774,4.37147,9.49276
4.08073,4.81463,11.6217
4.02425,3.75069,7.94766
3.1243,4.02588,9.49118
4.1797,4.26179,8.79684
2.67687,4.22853,7.41867
2.78881,6.41748,15.827
4.78277,4.92793,9.0704
5.70719,1.84557,7.36431
3.29406,3.01265,7.26573
4.70975,4.6111,9.55459
3.96378,4.76124,8.63363
4.05576,5.31609,12.6795
4.93627,5.00299,11.7053
3.59658,3.36464,7.60507
4.22035,5.14271,12.3398
3.50353,5.09748,11.446
5.76745,4.15457,9.03115
5.16999,3.04848,8.81691
3.66424,3.18399,8.61506
4.14379,3.46483,8.34998
4.91534,5.56897,12.0437
2.98663,5.33454,11.4814
3.65291,5.39902,11.9183
3.18429,3.39576,6.81676
5.44356,3.97342,10.2075
4.26653,4.4791,8.70065
5.13184,2.58677,7.71595
3.52901,4.73583,9.90039
4.66059,5.00425,11.3772
3.19245,3.04161,8.26938
3.7893,2.88865,7.24079
3.87509,4.12888,9.93643
4.72024,3.89285,7.6235
7.61355,4.79264,12.625
3.99675,3.8744,8.06764
5.18148,5.01716,11.8043
4.68875,4.05121,9.77624
3.70911,3.73123,8.08154
3.41775,3.70607,6.64101
2.08728,4.98992,9.337
4.30376,3.20036,6.63214
2.80192,4.35206,6.91634
2.7704,2.97311,6.90843
2.01443,3.88953,6.29563
3.48629,4.09828,7.81601
5.57932,4.22101,9.44798
4.68532,3.41934,10.2365
3.67768,5.10026,9.33446
4.4255,3.5673,8.67119
5.1438,5.67502,13.9417
1.72457,2.84896,4.9408
5.22723,4.24401,9.46404
3.58122,3.87879,6.92163
3.90292,3.53795,7.04384
2.37943,5.13408,9.73831
3.89398,2.61846,7.34796
5.10986,3.89985,8.75161
5.63795,3.33957,7.91964
5.3457,4.12941,8.93966
3.00659,2.99863,5.50763
1.9313,6.04129,12.0057
3.27213,4.20983,9.79724
3.70274,2.78547,6.2198
3.64781,3.50154,7.32877
4.26047,2.18579,7.12116
3.81195,3.60568,8.45649
4.19903,2.73911,7.56835
5.0026,3.99317,7.00899
2.14213,4.86868,8.75189
4.13049,5.53529,11.9175
5.43306,2.64232,8.19065
3.19215,4.43037,9.88593
4.22063,4.13717,9.06238
4.01051,3.55185,6.654
2.7503,3.45348,7.22807
3.11381,3.61469,7.67965
4.82181,3.73404,8.39744
4.37243,1.18664,4.78725
3.49126,3.98685,9.01419
3.0254,3.99312,9.42297
4.29779,3.01747,8.18812
1.99512,3.58957,4.75732
3.1239,5.05387,9.93921
3.25312,3.51503,7.78689
4.47755,3.77373,7.16121
4.22864,4.12788,8.13373
4.5514,4.27606,8.00393
4.68492,2.32005,5.97609
3.17459,1.96048,4.53205
5.69133,3.6758,9.49264
6.55542,3.81207,10.5171
4.87248,4.23827,10.1877
3.21365,4.87059,11.4001
2.57568,5.03809,11.8355
3.7801,5.41537,12.4741
4.924,3.67868,9.78536
4.63189,4.49251,10.5113
3.52632,5.18783,10.3539
4.28384,3.26267,9.30464
4.55748,4.94011,10.7466
4.64309,2.17668,7.03368
4.65974,6.1569,13.659
3.77898,4.10225,7.73187
4.38832,5.54885,11.7447
4.27661,3.8678,8.92062
5.20905,3.47939,8.56181
5.44828,4.63865,9.36039
4.74491,4.80457,10.5544
4.54057,4.64857,9.70942
4.64317,3.3609,8.62278
3.93715,5.09471,12.2388
4.34095,3.64655,10.3576
6.96263,2.57966,7.96859
5.21234,5.3598,12.5617
3.39181,4.30932,8.52051
4.47684,3.86425,9.87923
4.80321,3.59817,8.80612
4.23256,3.3883,8.88208
4.82675,3.07295,6.56793
3.56393,4.95139,10.8793
4.30126,5.00035,10.9923
5.4757,5.09053,11.1977
5.54811,3.28605,8.90707
5.30988,4.24135,9.88247
4.44282,4.65165,10.3314
6.21767,3.44677,9.22206
4.14528,5.57297,12.2103
3.20068,4.39605,8.71915
4.52324,3.47446,7.92455
3.55422,3.7322,7.72116
3.64562,4.82548,10.8
3.45638,3.48524,7.09466
3.49878,3.21082,5.28151
3.8913,3.53887,8.0641
4.83208,3.22443,5.20537
3.85329,4.44667,8.34974
5.22695,3.19934,6.92808
5.2298,5.47078,13.5372
2.82643,3.71351,6.38516
3.5051,5.10355,9.90314
4.28407,3.24799,8.38104
4.08659,4.55509,10.097
4.49388,3.62615,8.10133
4.22886,4.90562,11.7205
4.6342,2.21952,7.57803
4.43159,4.53217,10.4118
4.70653,3.70908,8.33554
4.13371,4.79446,11.4152
3.9909,1.03875,7.1756
5.68495,4.04467,9.48223
4.40328,4.49067,8.89595
2.54387,4.64716,10.7324
4.29429,4.81272,9.96157
4.49587,3.89625,9.95582
4.75564,2.8924,6.29495
4.44318,4.25941,9.843
4.93759,4.45503,10.729
5.09232,4.38916,10.8119
2.39795,4.76692,8.57376
2.71937,4.33707,8.41147
4.9799,2.81604,5.86997
4.23857,3.49606,7.69037
4.82807,3.45442,9.7387
2.72343,5.09112,9.3432
2.94259,2.96565,5.23722
3.76944,4.77856,10.6491
3.25601,3.56396,7.24755
3.42154,1.695,5.91482
4.52391,1.911,8.18057
4.49576,4.64501,10.7739
3.61151,3.04863,6.11562
5.63891,4.02158,9.17668
2.57968,4.03499,7.21616
3.25694,5.59302,12.5987
4.29839,3.97879,7.96478
3.02249,4.58632,9.78819
5.63693,1.45671,7.85186
3.93845,4.61367,10.5948
2.78912,1.28452,5.08361
1.29853,4.91988,9.06301
3.45083,4.26452,8.96362
4.1252,5.67664,14.1279
5.55773,3.7565,9.07804
4.47146,4.06251,9.5648
4.26165,5.29539,10.2857
4.46425,3.98988,7.02689
5.02937,2.28912,4.22988
2.51642,5.93565,11.863
3.12953,4.37796,7.73754
5.1083,2.48198,6.16923
4.19689,4.02255,9.57807
2.3709,3.5557,7.82737
2.6554,3.81561,8.34322
5.09074,5.64017,13.8459
4.43143,5.21886,11.5493
5.61849,4.71032,10.6164
2.58612,5.33465,11.7294
2.88327,4.58963,10.1106
4.55099,5.23526,11.6455
1.4084,4.76603,9.06438
2.3743,3.07139,7.05949
5.75963,3.91753,8.2314
3.437,4.29886,8.57199
4.35195,3.64676,8.3985
4.99641,4.77644,11.4206
3.09405,3.757,7.87511
4.83164,3.48975,7.31291
4.35322,2.53002,7.47047
5.0667,3.02418,8.48013
2.93595,3.22749,8.13364
4.53641,5.6677,14.4425
3.67394,4.20917,9.03141
4.48295,4.51449,10.0039
1.6959,5.78936,12.3185
2.9244,3.88904,7.12623
5.05717,3.06183,8.5762
1.15106,4.0332,6.40352
4.32928,1.5954,5.89914
4.19942,5.04932,10.5929
4.2199,3.27397,7.45102
1.93642,4.93504,10.2859
2.56428,2.78711,5.38357
5.29017,3.05052,7.79941
3.85971,4.04842,9.69546
5.07933,5.05013,10.55
3.36561,6.00449,13.8032
4.87372,2.98265,7.41459
3.88537,2.33507,7.13797
5.25367,2.56262,7.07394
4.32198,3.84706,7.6813
2.87732,4.04207,7.97867
3.92618,4.51092,8.6665
4.89497,3.60714,6.13344
5.95382,4.00324,8.64219
6.40728,4.03326,9.67899
3.2722,4.6716,10.1023
5.21016,4.73875,11.3028
5.23672,5.62829,12.1533
3.65287,4.12571,8.26656
4.359,4.18738,9.47696
2.83542,3.61859,9.03673
5.15385,6.44706,17.3492
3.27484,3.03968,6.1562
4.0408,5.89724,12.7961
3.66719,2.36541,7.27519
4.41285,4.38005,9.50664
3.62591,4.20695,7.07822
4.24044,3.57815,7.93726
3.80844,3.13136,6.24151
2.15332,3.2443,5.50563
4.16895,4.90227,10.3971
4.02989,3.03903,7.21659
2.90074,5.12143,10.0161
3.84111,3.06551,6.48359
3.7411,5.0242,10.5018
3.83448,3.30853,7.4766
5.03994,1.70529,7.26808
3.97303,3.17067,7.45753
3.49113,1.64591,4.63591
3.98368,3.14947,9.13784
2.40667,4.3059,9.18513
4.88744,2.33664,6.36378
4.7871,2.35619,7.13547
4.19956,1.94862,6.88375
3.56788,6.03211,14.0938
3.53268,4.60422,10.9294
3.30865,2.47809,4.11851
4.93483,5.48069,11.1982
3.92314,3.26689,5.82837
5.12295,5.007,12.7037
4.82772,3.69963,9.14639
3.77903,4.14004,10.0401
4.24543,3.18032,7.1278
4.40356,1.94652,6.47287
4.60117,3.73341,7.53714
3.5501,4.1907,7.767
4.0521,4.48407,8.53915
4.02898,3.92362,8.82323
3.55722,3.64536,8.32062
2.96969,4.46208,8.39532
3.53707,3.35214,8.05194
4.35127,3.23004,8.11604
3.57261,4.40444,9.07166
5.25537,4.40606,10.3753
3.36954,5.24341,11.5709
4.83694,4.04828,9.13805
5.0246,3.01288,6.74442
4.64199,4.37478,8.17552
4.75371,3.13319,7.81084
3.63767,2.82872,4.37285
5.85824,6.38257,18.7616
2.5692,4.23795,9.75302
4.21613,2.80554,7.38796
4.81129,4.59011,11.5906
3.89099,4.28795,9.22888
4.30763,2.34684,8.17845
4.1121,3.2566,7.70021
5.11186,3.83996,7.44877
3.47547,3.83084,7.00202
6.72211,2.86868,7.5571
5.18037,2.87007,7.3726
4.4597,2.371,7.82784
4.15638,3.79008,6.21135
3.36308,2.97962,5.1062
3.01993,2.81146,6.38182
4.04015,5.00508,11.8771
4.62915,4.22213,9.08089
3.55157,4.51952,9.62138
4.28009,3.93672,8.43502
3.18455,2.89872,6.57024
4.56384,5.53357,11.7444
4.672,3.58195,9.35419
3.52371,2.69637,6.15966
2.69946,4.68215,10.1481
1.79964,6.0859,13.1823
4.72104,4.22166,7.5418
5.37805,6.18168,15.3245
3.40091,4.40232,9.9679
4.19367,5.28625,11.4256
5.18053,3.73743,9.25933
3.48594,3.67692,6.19953
3.3811,1.95234,5.67128
5.57671,4.19917,8.8429
3.91622,4.62142,9.79096
3.97852,3.13205,8.41676
3.9924,4.27461,7.97386
3.47149,5.72153,12.8386
4.09121,4.64705,8.9035
2.23077,3.19533,7.49869
3.92772,4.42454,9.33473
5.34727,3.34553,6.98036
5.29525,3.8938,7.80583
3.40254,4.74912,9.44988
4.41218,2.9979,5.52144
4.16606,4.06459,9.78991
5.87098,5.08203,13.5934
3.91406,1.96678,6.779
4.84616,3.95284,5.91504
3.05794,3.81759,7.81
4.73678,4.05949,9.00037
5.41877,2.78526,7.88286
2.76974,4.48782,10.4694
3.34367,2.24278,5.92261
4.30804,6.08463,16.8513
2.93894,3.55414,7.55994
3.55842,4.95127,11.8933
3.78189,4.60024,9.16024
5.08106,4.69747,8.47506
3.72734,2.37842,6.22463
5.6133,5.52197,13.2548
3.36003,3.46,6.62557
4.31306,4.52433,10.5179
2.0974,4.21123,6.51042
3.57614,5.42836,13.3842
4.05704,5.87766,15.257
4.79018,2.9565,7.00868
3.39285,3.85453,7.52012
4.19651,3.25645,7.8704
5.5105,2.85797,7.02212
6.47913,2.91867,9.36178
2.67637,3.67886,5.46244
5.03589,2.66134,5.90479
4.40622,3.53843,8.41276
3.88203,3.87792,7.27165
3.03588,1.91304,6.14485
2.9537,3.26979,5.00924
6.01004,5.4306,12.4395
3.82028,6.03834,15.1964
4.426,3.1084,7.06039
3.12785,4.33174,10.494
4.05255,4.29151,11.7101
4.11943,4.24834,10.9103
2.75706,4.86594,9.79769
4.01586,4.18036,8.7618
4.04284,3.20504,7.46354
5.0678,5.13241,11.1425
5.35286,5.59569,14.4248
2.13604,4.96379,9.35186
1.43705,4.28444,9.34339
5.51545,3.29337,7.94131
2.44507,2.43732,6.53551
2.8411,3.0325,5.34216
4.48307,4.05648,7.95159
2.31794,3.30909,5.97339
6.00537,3.0084,9.29262
2.44634,4.12523,6.31317
3.68379,3.13156,8.50327
4.5426,5.41522,11.7199
4.79049,5.32077,11.4916
3.90093,4.17749,8.57516
2.94919,2.80649,5.46545
3.85054,3.8798,9.41193
6.74441,4.15421,11.4486
4.80413,4.12914,9.56062
3.40601,3.43287,6.07185
2.71396,4.44791,8.30888
3.61287,3.16767,6.47541
3.46964,4.61375,9.19808
4.61852,3.09263,7.59253
5.309,5.19395,12.0776
3.9387,3.60046,7.29682
3.97349,1.98098,7.20471
4.23094,3.31684,6.74706
5.36131,3.2044,8.08075
4.65784,3.95388,10.0496
2.90322,5.17066,10.6321
6.48772,4.04668,10.3585
4.32156,4.28535,9.1078
3.19968,2.12804,6.078
4.25654,2.60875,7.11038
3.66965,3.36667,7.32168
2.47938,5.48923,12.1276
4.3503,3.10272,5.68408
4.67322,4.42911,8.21969
2.91689,4.61754,8.78242
4.79971,3.53076,8.12367
3.19464,2.23887,5.32997
5.75014,2.93294,8.71658
4.86596,4.33296,10.3792
2.7657,3.57152,6.79078
4.29091,4.03491,7.42369
5.71652,4.8825,12.6439
4.22244,4.33628,8.53701
4.15459,4.72214,8.93512
2.97567,3.57904,6.70895
4.03052,5.70137,12.9954
5.21902,2.7461,7.21239
2.96712,3.64869,7.65178
4.95946,3.74137,7.39402
2.88334,3.6159,8.56798
2.98537,3.05899,8.19034
3.9286,3.70915,8.78867
3.22456,3.09117,7.41969
4.68738,3.63949,6.8292
4.25858,3.93063,8.71828
2.36781,4.51231,8.97224
3.9294,4.26681,8.4552
3.07951,4.02207,8.99592
1.84191,4.7728,9.42819
3.28879,3.79836,8.36439
4.5566,7.70471,20.9508
0.717122,3.52975,6.46202
5.36574,2.58504,8.62758
5.16784,2.62556,6.73334
3.09706,3.86245,8.99628
4.34927,4.66115,8.52598
4.50232,3.82679,7.62481
5.28109,4.7227,10.4893
5.67877,3.40946,8.46807
4.07431,3.09659,8.42384
4.89591,2.65846,7.23712
5.3422,2.73112,9.17414
4.32221,5.58935,13.3463
2.4227,3.80468,6.16041
5.47732,5.72703,15.8649
3.45885,3.96044,8.65909
4.17561,5.29067,11.5737
3.17879,4.23192,7.45606
2.63037,3.49787,6.61718
4.28639,3.79587,7.92191
6.30513,5.0803,12.2843
5.16237,3.83423,8.00107
3.86883,4.31753,9.07006
4.26002,3.44199,6.95718
2.14832,3.02892,7.27215
4.97077,4.54227,10.2601
4.57524,2.86318,6.35924
3.50008,3.07967,7.54849
4.37358,3.38732,8.35391
5.05189,6.18696,16.9481
5.40434,4.2116,9.69977
4.84713,5.55398,13.7584
2.28661,3.466,7.9968
4.09029,3.79352,7.51917
6.01271,5.36935,14.0325
3.02097,5.69607,12.4328
3.87227,3.91969,8.07602
4.26043,3.04198,7.26836
3.21471,4.8168,8.76803
3.16895,3.99703,8.24389
4.56738,3.99075,7.99439
4.6956,4.12375,8.98956
3.15526,2.36395,6.87792
3.00626,3.94938,6.85811
3.56846,5.08166,10.7116
2.55026,3.19127,7.30104
6.52334,3.61675,9.90322
4.41971,5.41157,11.8782
2.34666,4.25356,8.07515
3.10808,4.71933,9.90894
3.51452,3.56231,7.79208
4.81018,4.2791,10.4328
3.71105,4.99038,11.2489
6.07589,3.075,8.29763
3.50283,3.61723,7.86424
2.75786,3.40383,7.65766
3.31601,3.84653,6.90493
4.02642,3.86468,7.08047
5.59703,4.41326,10.5995
4.30955,4.09195,8.44589
2.14553,3.32155,7.31054
4.70391,3.18053,7.99767
2.48271,3.90582,8.37647
5.83951,4.27332,9.35158
4.7793,4.31326,9.17069
4.0148,5.78847,13.6072
4.52531,3.84417,7.74044
2.18579,3.97908,7.31762
3.50882,4.41209,10.5752
3.9313,5.80505,11.6978
4.47666,3.39234,5.56975
3.27198,2.54543,5.93685
3.15685,4.85077,10.7535
1.8115,3.94556,7.16746
5.14371,4.11396,8.73577
3.45984,5.04383,12.0023
4.45215,3.54112,8.08062
2.17892,5.66701,11.7708
5.68343,3.41613,8.74905
2.01069,3.73181,6.92584
3.4031,4.42658,10.3324
3.44323,4.36052,9.1112
3.24918,5.4844,11.6179
3.02635,3.91283,7.15255
2.9764,5.09439,9.98884
2.84953,4.84085,8.70345
3.72275,2.97822,7.79003
4.20558,6.72984,19.7949
2.18912,3.29717,8.08199
5.26883,5.0617,11.9214
2.82777,3.54221,7.84695
2.7676,2.53033,5.37319
3.43198,1.74278,5.54368
4.55983,2.98706,7.31915
3.6565,4.31717,8.87393
5.14744,3.76059,8.37645
4.47141,4.91166,11.4609
2.88846,3.24504,5.99385
4.098,4.47406,10.0997
2.3454,5.12464,9.757
3.39282,3.72351,6.65709
3.78895,4.41148,11.4079
4.94307,4.69599,11.2532
4.72935,3.86926,8.07526
3.03953,4.68228,10.0077
2.82624,4.48481,9.6777
2.01731,4.61931,7.50114
5.13768,4.2962,8.83782
2.60456,6.12035,12.9024
4.94163,2.00418,5.92334
3.03536,5.34458,10.1505
4.90022,2.79357,6.18549
5.17742,5.20744,13.1811
2.95625,4.2409,7.90564
2.93626,3.51037,7.66717
3.23919,3.47038,5.52668
3.69344,4.18987,8.18312
3.26418,3.50073,7.2216
5.00157,2.92596,8.53695
3.58326,2.47157,4.45982
3.08413,5.36183,11.3145
2.42204,4.41172,7.91499
2.80113,4.29403,8.71901
4.80285,3.37482,10.0421
6.39214,4.8908,11.1549
4.92844,3.58382,7.60882
3.29597,3.52318,7.94866
2.90637,4.34971,8.79259
3.50451,2.28764,5.7398
4.28951,3.79391,8.6545
4.50065,5.08151,10.1169
4.62637,0.924873,6.60866
6.38088,4.33996,10.3934
3.2147,3.92199,9.18192
3.91552,3.68868,5.02379
1.63333,4.73227,9.29013
2.90596,3.43771,5.86138
5.66125,4.80906,13.0969
4.07772,3.86847,8.08826
4.97927,6.68396,20.0381
3.72298,2.54997,3.25574
4.64864,2.59578,6.53491
5.49986,3.24246,9.51292
4.86134,3.65722,8.81067
4.45057,5.15099,11.7606
3.50463,4.59579,7.99653
3.75023,5.45941,13.4918
3.87224,5.74125,13.7186
