3
3.79284,2.98733,134.237
7.48853,4.26229,3538.79
5.7215,4.95596,949.218
3.69117,2.27413,117.875
4.51089,4.95057,303.527
2.92816,4.03727,42.7984
2.87984,2.84213,39.0368
3.44559,4.03866,87.2732
6.4703,3.56648,1728.4
5.50365,4.69656,787.988
4.68069,4.98962,361.482
3.5637,6.15372,103.521
2.82008,4.4164,37.6769
3.84384,3.95301,142.446
1.64074,4.18536,10.627
3.58015,5.00534,104.269
4.3838,4.67085,264.871
4.83544,2.59449,417.812
2.73954,2.05581,32.4102
4.16651,5.88786,208.894
4.07448,2.86434,186.126
4.33807,3.53059,250.392
3.80153,2.75404,134.769
4.67493,4.40097,360.137
3.5845,3.24445,103.531
3.8842,2.4368,147.714
4.48332,4.6402,294.483
4.23851,4.02764,224.017
3.98642,3.01157,168.515
2.5324,3.52537,25.6038
5.03832,3.55444,513.034
3.9822,3.85511,168.323
4.90747,2.80614,450.69
3.71876,4.80877,123.258
5.93074,3.24162,1131.96
4.14235,4.91141,203.695
5.01656,6.06961,505.403
3.32672,5.56941,75.5292
3.69326,3.1755,117.663
2.6817,2.91951,29.4279
4.67025,4.10064,355.303
4.38727,3.87072,265.133
5.32896,3.70111,671.881
4.89241,5.17855,447.94
3.80724,1.48814,132.502
4.35609,3.3925,256.275
3.15102,3.0212,57.2761
4.20468,6.28766,218.497
4.76058,4.07436,389.56
4.75335,3.44464,385.952
3.85992,3.24361,146.508
5.36161,4.69342,693.687
6.5435,4.15527,1824.71
4.62802,5.84771,344.955
4.11445,5.93785,200.033
4.16851,5.03123,209.145
3.34137,3.10844,75.504
2.76815,3.56987,35.6756
3.31525,3.14638,72.0141
3.42496,2.50379,83.8233
4.40317,2.57805,267.039
5.05962,2.76454,524.348
3.10122,4.72006,56.4608
6.14214,3.64383,1339.28
4.69114,3.98376,364.268
2.84412,2.63827,35.8729
3.82119,3.84496,137.636
3.74003,4.35709,126.019
4.36436,5.08264,259.597
5.45191,4.50438,750.755
3.72079,4.40739,122.631
4.93245,5.08845,464.919
3.53281,4.69979,99.7763
4.01819,4.19674,174.926
3.80121,4.06574,136.914
5.22754,1.92439,609.761
4.01818,4.28748,174.923
5.13276,3.27038,559.157
2.79924,3.00945,33.9681
4.91281,4.22747,455.144
2.68093,5.41345,32.1414
3.76484,2.47663,127.892
2.4276,3.47416,22.9571
5.36774,3.71118,693.805
2.32936,4.32849,21.1252
3.0822,3.41822,52.7996
2.74743,3.53438,34.4613
4.94473,4.27069,469.972
2.30477,3.23132,17.3527
3.22894,2.58034,63.4531
3.23574,2.97439,64.1973
3.27376,4.37438,68.0952
3.76267,4.76436,129.335
4.03201,3.41863,176.023
3.45849,4.89241,90.3746
4.24456,5.34064,229.526
3.43302,4.25825,84.9855
4.74583,3.67997,385.344
2.61014,4.11717,30.0965
4.26164,5.056,230.313
4.25975,2.71689,230.124
2.50208,5.22934,25.4186
4.8755,3.1768,436.395
1.47674,3.02008,7.22459
2.84681,5.46249,40.2993
3.41033,2.14088,81.4137
2.62872,2.71554,28.0063
3.25015,4.36487,66.6654
4.25207,1.67964,226.609
3.85852,3.55381,142.268
4.78376,6.50644,403.146
5.88694,4.29698,1088.56
4.96233,3.42698,475.596
5.00388,2.875,494.593
4.73389,3.73349,380.064
4.32942,4.61173,248.452
3.46359,4.8786,88.7126
3.2722,3.33179,67.8031
5.08149,4.40195,535.646
4.60744,5.59101,336.738
4.70774,5.50914,371.533
5.06135,4.80726,523.348
2.7796,5.96962,38.3584
5.27398,3.81128,638.004
4.43741,4.10838,279.224
5.24736,4.39502,624.025
4.59408,3.53944,328.632
2.65103,3.26134,29.2228
3.26468,4.33239,68.2561
3.90882,4.08232,152.535
4.79245,2.73173,400.785
2.13824,4.3314,15.3347
3.47742,4.20329,90.9436
4.03598,5.35823,180.473
3.89656,6.78678,155.639
2.92274,3.97759,43.3553
4.14206,3.90904,202.547
4.70976,5.2256,372.733
4.62677,3.58247,341.217
3.70845,3.65408,120.043
4.59063,5.11439,328.692
3.50401,2.74228,91.4531
2.58778,4.14901,26.541
3.96539,4.06802,162.635
5.45991,3.12556,756.725
5.88055,4.97499,1085.49
2.17165,2.84335,13.2527
3.78537,4.51011,131.495
4.43557,4.21118,275.926
3.69311,3.76195,117.967
3.49185,3.21956,92.0224
4.79137,3.64421,401.315
3.86526,4.89888,147.332
5.51726,6.40212,798.919
5.39459,3.77368,712.484
4.43559,4.60958,279.779
4.59285,4.91306,329.974
2.84324,2.65822,36.8256
1.53942,3.79698,8.13392
4.95288,5.50287,474.616
5.48767,4.15486,774.087
1.24604,3.40963,6.89254
3.34246,4.71015,77.1517
4.67183,3.24669,355.621
3.66283,5.33999,116.386
3.75872,3.07805,127.446
4.0137,5.04729,176.065
4.30783,2.24829,240.916
4.09716,4.37534,192.821
3.58444,4.05054,103.179
5.00317,5.07196,496.791
1.9673,4.10929,14.839
5.18774,4.18612,590.906
3.62663,3.40143,109.264
4.532,4.07201,307.656
3.66973,4.54198,117.015
3.88481,3.12944,148.186
4.50828,2.89146,300.093
4.26997,4.15464,233.55
3.47971,5.67285,91.1818
4.47209,3.19571,288.508
3.81295,4.72623,137.39
4.67373,4.92598,359.91
2.85685,5.16849,39.1743
4.17826,4.19306,208.585
4.31682,3.29059,242.37
5.42374,4.46297,731.363
3.38353,4.67688,82.5487
4.44371,3.44633,280.868
4.4361,1.55882,275.555
4.8031,5.32567,409.725
3.40751,3.33404,80.5668
1.79268,4.97667,14.3897
2.8059,5.81997,38.9045
3.17993,2.08157,59.6244
2.4859,5.23004,23.8822
4.96182,4.58203,476.232
5.22643,5.17712,613.009
2.56744,4.74399,26.6289
4.15482,4.42028,204.757
5.38801,0.67685,705.708
4.15787,3.065,205.361
2.89496,3.87559,41.5334
2.38039,4.01611,19.6811
2.64635,4.83923,29.7737
2.62226,3.39346,28.6926
5.16274,4.66561,576.097
3.64327,6.26272,115.727
3.5171,3.30288,92.4828
4.42532,1.8667,274.292
3.90656,3.9421,152.152
4.84232,3.37055,422.219
3.91804,3.58704,155.997
2.99976,3.80099,47.0085
4.95806,6.72457,478.393
3.77461,2.70421,128.625
2.54428,3.28589,25.8643
3.0979,4.82196,55.6782
2.59678,4.40271,28.76
4.09015,4.33327,188.705
4.52335,4.34187,305.895
4.78243,4.15371,400.748
4.65102,1.98314,346.261
3.64174,3.193,109.822
4.31427,4.88843,245.054
5.00392,4.19443,496.872
5.28875,4.80558,647.855
3.88338,5.53428,148.784
5.57243,4.32515,834.051
4.03427,3.87942,180.086
3.31701,2.32799,71.7012
2.56989,3.90274,28.3077
3.69661,3.17181,117.874
5.40454,3.22189,718.581
4.4159,3.61032,271.251
3.06434,5.51158,53.7309
4.12889,4.44471,200.578
4.85523,3.75119,427.368
3.05004,4.40127,51.625
6.19376,4.16188,1395.56
5.51254,3.50589,790.789
5.51133,5.05641,792.921
4.9081,3.71554,451.196
5.36944,3.90605,698.614
3.44945,6.27282,90.646
3.87023,5.44454,149.049
4.77074,4.05836,393.942
4.32961,3.95299,247.973
3.90666,4.42593,154.038
4.33322,4.85488,251.256
3.82191,4.84048,140.419
2.89955,3.51427,41.8192
3.21316,5.61287,65.2951
3.9812,4.28702,168.168
3.61057,3.36745,107.974
4.62413,3.40693,338.281
3.93284,4.72775,159.116
3.99021,3.99195,170.162
4.16991,5.79215,209.361
2.0615,3.2853,11.8345
1.69486,6.28482,12.9743
5.09251,3.47047,539.247
5.57198,4.58122,834.72
3.76695,3.61632,127.977
4.81275,3.57203,411.314
4.07728,4.12216,188.35
4.0174,4.76453,174.399
3.82707,2.09219,137.901
4.13407,2.58605,198.049
2.85183,5.04186,40.6329
3.03361,4.6214,52.9226
3.63336,2.35575,108.919
2.69676,3.17003,32.7795
4.60616,2.63126,332.271
4.75623,5.03019,391.135
4.89207,3.43921,444.585
3.4296,4.20836,85.8117
3.43458,4.30339,86.4499
1.89057,5.79058,13.3929
3.56389,4.79899,101.467
3.06504,3.19377,51.9491
5.04183,5.05787,517.101
5.60299,3.89512,856.252
4.84042,3.39604,422.88
4.10281,4.49198,193.268
6.212,3.98765,1415.9
3.40548,2.92963,79.9486
4.70241,3.50098,368.459
3.03126,5.30215,50.1707
1.71994,5.83229,12.6622
4.98319,4.01038,485.227
4.17958,5.13243,212.58
2.83828,3.75869,38.8759
3.21119,2.62549,61.6959
4.55579,5.16407,317.241
5.05208,4.37365,519.782
3.40085,4.9461,82.4342
5.22916,2.88691,610.835
5.10695,2.71434,547.095
4.56061,5.28497,317.951
5.064,1.96457,522.23
3.71784,3.4758,119.814
4.10365,5.79256,196.392
4.53787,2.67601,309.56
3.92494,3.86865,157.949
2.50612,5.22777,26.6364
3.34273,2.21194,72.2503
5.19449,2.27195,591.505
4.77733,4.00009,397.278
2.65972,4.55945,30.9064
3.53608,3.63393,96.7026
4.91464,5.01596,454.422
4.36402,2.69201,256.946
3.29114,3.04293,69.6539
3.85324,1.36053,142.495
5.04384,5.54119,516.606
3.88073,4.47939,150.907
5.50879,3.65514,788.94
4.06483,4.75779,183.552
4.07665,3.07452,186.306
4.57208,4.6673,322.07
3.71713,3.94275,120.869
6.14534,4.41021,1343.12
4.66264,4.33136,353.851
4.38994,4.1222,266.887
2.6856,3.36577,31.7555
3.97743,5.70343,168.655
3.32391,5.46505,76.1793
3.8313,4.15543,142.195
3.24999,3.22799,64.2419
4.60358,3.52683,332.193
6.08197,4.59013,1276.26
5.70767,3.35093,937.038
4.7457,5.56894,386.457
3.9693,5.47145,167.022
3.61228,3.87767,106.323
5.70716,1.65071,935.413
2.48548,5.20304,25.5167
5.4241,4.55585,730.869
5.93563,4.44668,1136.21
5.53739,4.32211,809.876
5.53144,3.02105,805.666
3.60928,5.10807,106.431
5.38334,3.03377,703.442
4.97013,3.93417,477.897
3.20512,1.62994,59.6018
4.69062,4.40223,364.1
4.6539,5.28053,352.538
5.08888,3.29383,536.62
3.25269,3.20355,66.8712
2.97325,2.13708,44.3117
3.3284,4.3301,74.4073
3.82263,2.90303,137.15
3.54419,4.33989,101.74
5.22576,4.01087,611.676
2.7161,4.88803,33.5521
2.95484,4.09136,44.2287
2.8953,4.76802,41.6355
2.75278,4.40407,35.4931
3.60326,4.24799,106.646
4.33342,5.18749,250.379
2.5571,3.80714,26.8074
4.82063,3.621,413.352
4.51395,3.35199,301.963
4.17862,3.14978,209.606
3.40548,6.43565,83.9671
3.98044,5.1162,167.935
4.6093,3.98318,334.339
2.7507,3.33335,32.5917
4.37442,4.25493,263.148
2.85043,5.12974,40.4762
4.47682,3.44668,290.423
3.59322,5.15472,104.47
4.65651,3.45426,351.643
3.15128,3.69793,58.1573
4.42494,3.98817,275.308
3.72508,3.0459,120.759
3.29858,3.7422,71.8531
4.37708,3.16195,260.892
3.39041,4.42271,80.0745
2.87123,4.39475,40.0561
6.06757,5.84866,1266.85
3.72548,4.39826,124.004
3.87807,4.29208,148.84
5.25052,3.39444,626.03
4.80871,3.41386,411.119
4.85565,4.94664,430.877
4.56141,4.58111,319.032
1.169,5.70716,9.25007
4.21723,4.63717,218.427
5.08004,3.3223,531.981
4.0959,4.21143,191.038
4.36218,2.92887,257.666
2.94703,4.48274,45.0697
4.31717,3.61284,242.237
4.01383,4.54023,174.15
5.49471,4.64574,781.133
5.02663,2.94068,505.513
4.29679,5.11188,241.647
3.08982,3.22837,53.6807
3.61563,2.73083,106.224
4.06106,4.22687,182.478
3.39207,3.90661,80.385
1.20763,2.27292,5.17809
3.38579,2.76328,77.8146
5.90759,5.23333,1111.99
2.22279,4.19419,17.543
5.48146,4.88794,773.118
5.75071,2.21236,970.821
4.02676,4.094,176.76
3.8508,5.03051,145.598
3.8923,3.16775,150.107
3.83039,3.79205,141.315
3.9377,4.56606,158.888
3.75364,3.35267,126.644
4.5926,3.04467,325.377
5.94444,3.26918,1142.58
3.60455,4.55628,107.533
3.84351,4.40974,141.876
4.94605,6.11823,471.528
3.12756,5.66351,60.3303
4.63462,2.89376,343.634
4.52223,4.8495,305.77
3.52144,4.75181,97.4482
3.87081,3.83518,147.709
4.69406,3.944,364.402
3.79461,3.13881,133.597
4.58152,6.23085,328.895
6.0247,3.13153,1218.95
3.63949,4.23152,110.703
4.46772,4.63313,288.503
4.1593,5.13613,207.971
5.11468,5.24238,551.964
4.27902,3.73593,233.047
5.47739,3.84838,767.317
4.5851,4.17588,329.016
4.45225,3.74535,283.665
3.2339,5.26154,68.8465
3.29043,4.36066,72.5218
3.88106,3.22923,147.519
4.75146,3.57437,386.69
4.64014,4.28507,346.957
4.75716,2.33441,386.625
3.26783,2.99963,67.7752
5.47342,4.82717,766.994
1.55989,5.25135,10.6877
4.51172,3.39933,302.23
4.54572,3.85282,311.74
5.5254,3.13569,801.699
3.39315,5.82636,83.9152
4.10112,4.71574,193.575
4.04612,1.90018,179.029
2.55935,3.32922,24.3927
3.63236,5.02601,111.951
3.18782,4.4397,61.6957
3.21347,4.41769,65.912
3.68038,4.47076,118.761
5.31716,3.53872,663.916
2.62464,2.80937,27.457
0.98054,5.25865,8.62601
2.11156,4.46552,16.5956
3.72312,2.67793,122.25
5.34312,4.35406,681.12
4.91652,2.91337,454.256
3.53632,6.46918,99.5626
3.16574,3.61749,59.8312
4.12625,4.12302,198.766
4.81603,5.59908,414.181
3.5048,3.57114,93.7737
4.12646,3.96536,198.965
1.22061,5.28428,10.312
3.04879,4.75747,51.3916
3.86811,2.87629,146.588
3.64679,2.77469,109.733
3.04819,1.83168,51.3747
3.63161,2.90211,108.835
4.51001,3.32698,300.396
2.96578,4.58104,46.7899
2.51954,4.26136,26.8421
4.14478,3.63085,203.203
4.58045,4.16998,324.979
4.85959,3.68456,430.766
2.62205,4.55582,26.5565
3.73515,3.11276,122.965
4.44379,3.00209,280.707
2.93077,6.11862,46.6606
2.34814,3.29263,19.3801
3.98065,3.16118,167.105
4.16974,4.74024,209.06
3.46628,4.35974,89.3258
3.2487,4.57782,67.9152
3.03324,3.94606,52.5759
4.29404,4.98746,239.671
2.95668,3.01989,43.6782
4.89146,2.20383,444.735
5.40537,3.39787,720.833
3.06478,3.74881,51.3626
4.22455,4.61551,220.893
5.2051,3.75737,601.165
2.11423,4.21115,14.0379
3.64166,4.08362,112.549
3.41925,2.68336,81.8821
2.2191,5.32895,20.2726
2.2442,4.97036,18.5176
4.26316,3.59282,229.942
3.64137,5.72139,112.637
3.19613,4.04394,63.2262
4.74765,3.82617,385.468
2.2712,3.1606,14.6523
4.69665,2.31523,362.978
3.33123,2.81907,75.2786
5.19374,4.82029,594.843
3.13095,5.17357,58.1148
3.21537,4.70302,65.2236
4.32609,3.86376,247.693
5.4377,2.68512,740.037
4.64718,5.25423,350.621
3.74017,4.31579,126.673
3.29914,4.23004,71.9443
6.97233,5.85995,2495.05
4.79065,5.9543,402.03
2.95915,3.5584,45.4975
4.79466,3.31434,404.015
4.91269,4.54442,453.309
3.3672,5.43885,80.9527
3.87241,3.17672,144.773
3.17721,4.6476,60.9649
2.71887,4.4775,33.5952
2.87255,4.26315,40.8852
3.17443,3.10127,58.4082
4.30024,4.90059,241.298
4.05976,4.04898,184.469
3.53257,3.89558,96.7311
4.16396,5.17591,206.792
5.42383,3.62392,733.004
4.03781,3.43214,178.577
5.34246,5.3261,681.642
3.34898,5.14758,79.2064
1.6321,5.56321,13.0557
3.31845,3.17296,71.4265
4.1755,3.24597,207.986
3.80546,2.5928,135.326
4.62227,3.8618,339.859
4.36637,4.09609,260.101
2.53147,5.28319,26.6219
2.8745,3.64836,40.8447
2.90982,4.83306,44.6222
3.59317,4.253,103.066
4.14121,4.71698,203.865
1.84343,1.88689,10.7574
3.95397,4.88536,163.029
3.33608,3.66399,74.7217
4.61863,4.41035,338.374
3.27864,6.20659,72.1495
3.16274,3.12275,58.4655
5.46946,5.42973,764.194
3.82547,3.40607,139.203
4.7668,4.40798,392.623
3.8466,5.08761,143.845
4.3989,3.35404,268.29
2.8919,3.75658,41.2093
4.90805,3.93116,451.34
4.39411,5.55249,269.268
3.38144,3.617,78.2608
2.27199,4.0987,19.3779
5.11943,3.65022,551.844
4.21691,4.35099,221.451
5.86719,4.54151,1072.61
5.24281,5.05184,621.726
4.74715,3.31495,384.869
4.17966,3.92613,210.997
2.764,4.76828,34.6142
3.83458,4.84976,140.34
5.43617,2.60337,738.706
3.6751,4.67651,119.339
4.329,3.22412,244.554
3.70357,5.53043,120.966
3.28102,3.64704,69.5992
3.37324,5.5013,81.2353
3.12307,4.48138,57.0869
3.95401,3.23194,160.697
3.35854,2.90746,74.4185
3.52611,3.26947,95.627
4.41922,5.28877,276.129
3.38827,4.90252,80.743
3.16598,5.11224,63.6769
2.70735,1.88028,28.6679
5.29224,4.6668,649.437
3.64592,4.68892,111.742
4.25934,4.99164,231.469
4.27022,3.05311,231.85
5.92015,4.81632,1121.29
3.65635,3.31246,113.156
3.55699,4.68909,99.5297
2.75598,2.94411,32.636
3.9283,3.82864,157.997
4.25207,3.73719,226.384
2.76205,3.24543,34.6068
3.76145,4.10294,128.549
2.73006,2.58307,29.6183
3.12648,3.10348,57.8269
3.92424,2.83736,155.778
5.13748,3.26069,561.454
3.29061,6.43438,75.2875
3.93647,4.24842,159.501
5.54142,4.75949,812.092
3.88487,3.73789,148.216
5.24765,4.4127,623.478
3.33664,3.99043,74.7381
5.03659,4.82315,512.549
4.08212,5.3725,190.18
2.93093,4.65779,45.5656
4.45334,3.80126,282.301
3.5216,3.70677,95.543
5.58598,2.55917,842.416
4.83559,4.70579,422.162
6.77738,6.06505,2171.89
4.44082,3.17941,280.412
5.4466,4.10565,748.348
3.34814,4.67829,77.4986
3.82057,2.02603,136.714
4.92641,3.74102,457.74
4.8577,1.82467,426.497
4.76754,4.02883,391.768
5.59734,4.48319,853.835
6.37612,2.61259,1607.69
5.24129,3.82656,620.917
4.13987,4.98385,201.662
3.81474,5.27945,139.409
5.68158,3.09331,915.72
4.20797,3.05613,215.123
3.70909,3.43839,120.888
1.0959,2.51488,5.52861
4.72571,3.29939,376.322
4.63264,3.50727,342.174
5.18592,4.20164,589.16
5.23496,4.10317,616.597
3.64835,3.02037,110.055
5.34784,3.68925,684.282
4.54655,3.45211,314.793
4.19572,1.74929,210.567
2.98043,4.40146,47.6641
3.91451,5.00487,156.909
4.81578,4.20114,414.028
2.8788,3.26802,38.8852
5.00295,2.69552,493.434
4.54131,4.94996,313.452
4.8695,1.968,432.819
3.39523,4.52225,83.1014
4.7307,5.09481,380.261
4.1098,4.2304,193.681
3.48014,5.19144,90.546
2.32083,2.45145,17.379
4.56093,5.15671,318.584
4.6266,4.16504,338.336
3.96445,3.51342,164.248
4.84888,4.54078,428.08
4.53446,4.68286,310.065
5.16684,4.56829,579.13
3.74766,3.72315,124.69
5.60007,4.93859,856.62
3.41712,4.72292,84.5985
4.38399,4.41773,262.91
5.93541,3.34801,1133.91
2.47125,3.21723,22.2626
4.90887,4.5376,451.806
3.38297,3.23911,79.1207
5.44324,3.03021,742.168
2.77201,3.37948,35.5832
5.50704,3.31799,786.861
4.88037,4.261,441.422
3.77565,4.07607,132.028
3.42577,4.35201,86.3286
3.01107,5.52219,52.6754
3.93997,3.85411,158.568
3.83099,4.17699,140.071
3.81376,2.26147,137.051
4.50331,4.60781,300.039
4.13167,4.22522,201.619
5.83033,5.49634,1040.79
4.00661,4.63113,173.52
3.30813,4.5226,73.6374
2.85585,4.25075,42.041
3.58551,5.17737,104.567
2.901,4.27225,41.8133
3.84036,2.63216,141.221
1.56167,5.83101,13.2026
2.84935,4.80496,38.8878
3.95913,4.64335,162.809
4.04815,3.57699,181.233
4.93732,3.26469,462.993
4.75641,4.17294,387.526
3.13587,2.67598,54.5973
4.11528,4.81029,196.398
2.84998,5.918,42.1325
3.98871,4.6803,169.126
4.14393,2.14121,201.295
3.25275,3.53168,65.6715
4.33838,3.96621,251.534
3.86079,4.8846,144.619
5.12968,3.07837,557.029
3.72929,3.2807,122.515
4.07293,3.21865,183.519
5.32811,5.34802,671.524
5.04623,3.77573,515.732
4.69326,2.93446,363.435
5.07279,2.78577,528.824
4.3178,3.20564,242.15
5.65377,4.64086,898.667
3.40394,4.44053,83.407
2.98111,3.83006,46.358
5.36596,4.28135,696.614
4.26693,4.25237,233.666
3.74609,4.68003,127.437
5.51658,4.87917,796.434
3.76677,4.00028,128.557
3.38395,4.29647,81.0127
3.80535,4.21791,135.337
4.2606,4.27833,230.63
3.70827,3.55487,120.14
5.51923,3.44518,795.276
3.6377,3.87442,111.067
5.29268,3.77734,649.162
4.89702,2.79742,446.121
4.73523,3.97696,380.139
6.14826,5.00077,1348.84
3.86913,3.33542,144.102
3.92201,2.23266,154.01
4.45005,4.84052,283.676
5.38473,3.38213,705.527
3.92892,3.38069,156.106
3.05787,3.96438,51.2632
3.62092,3.35793,107.46
3.72499,1.77506,119.672
5.76179,3.86793,981.424
5.98794,3.72446,1182.68
4.7527,3.69007,387.792
5.60287,1.81597,854.213
4.2749,4.82297,235.515
3.39333,4.52538,80.2453
3.8938,4.08624,152.295
3.3452,3.18913,76.4158
3.27079,4.52305,70.5541
2.12891,3.40301,13.6328
4.92887,4.8167,461.51
3.19436,3.89929,60.6979
5.17598,4.6116,584.011
3.15777,3.18206,57.2838
2.54685,3.21939,25.9957
1.41122,2.64984,6.18037
3.95905,5.09235,164.641
3.66672,5.02888,116.589
4.11827,3.56984,195.528
3.54905,5.53042,102.247
3.01799,3.83939,49.6096
2.25698,4.27311,16.9799
3.66414,3.97516,116.287
5.55987,1.67998,822.271
3.46233,3.263,85.4119
3.75284,3.27871,127.319
2.82276,3.56517,36.4748
3.16088,3.8426,58.2053
3.56314,4.50837,100.689
4.53097,4.15259,308.653
4.07584,4.11054,187.121
2.56735,4.51471,29.3413
4.7021,4.5355,369.377
3.90705,3.50694,152.895
2.60795,4.22326,27.9709
3.99846,3.12973,169.902
2.95918,4.26665,44.5248
3.79856,4.54292,134.734
4.25287,4.21863,228.827
3.24024,4.07437,66.9324
3.00886,4.14523,49.0001
6.05523,5.39467,1252.12
3.2056,3.88749,63.5314
3.83778,3.26789,140.79
4.86242,3.35525,432.833
1.84734,3.96591,10.2023
3.85979,5.27988,147.783
4.53134,1.72684,306.305
3.3046,3.17278,69.9936
3.86078,4.12152,145.363
6.00088,4.72276,1198.27
4.42834,6.02519,279.71
4.91579,5.66159,457.109
4.76477,3.75447,391.024
2.82057,5.65436,40.0653
3.37797,3.99542,77.572
3.91887,5.77721,157.979
2.81257,2.81528,34.849
4.12129,4.51485,198.121
3.98969,5.55843,170.609
3.45509,4.11145,87.908
3.82025,2.38809,137.548
1.91472,3.86734,12.5008
4.70222,5.71046,370.579
3.68382,3.32502,114.749
2.86759,2.75052,37.8116
3.45817,2.31153,86.0937
4.38284,3.10529,263.049
4.97012,3.76959,479.794
5.02271,4.49096,506.804
5.47536,3.61987,767.169
7.07811,4.08957,2683.56
3.81223,2.2198,133.065
2.6416,6.02219,33.5252
4.53071,4.69762,309.109
4.18621,4.71123,213.105
4.5839,4.15442,327.443
4.45076,4.08405,285.314
5.38973,2.35479,706.992
3.10814,5.2729,57.1772
2.54059,3.85323,24.6641
3.49645,4.24811,93.8633
2.33352,3.82425,20.3911
4.73758,3.78312,380.668
4.2087,4.45424,217.841
2.68977,4.53515,33.4873
3.07987,4.54073,55.0681
2.9515,4.28288,45.5286
4.14007,5.59886,204.833
4.34659,5.19822,255.147
2.8489,2.18284,39.6402
4.56556,4.442,319.761
5.83004,4.72642,1039.19
3.41579,4.10677,85.6189
3.83102,4.62802,140.733
3.41664,4.84471,85.3779
2.96312,4.56754,45.5364
4.35525,6.19343,258.316
3.18441,5.41292,61.8906
5.4551,3.22586,751.703
2.21981,4.06085,15.9977
4.55797,5.25162,319.204
3.6012,2.9437,104.906
1.23844,4.95508,8.44782
3.5318,5.19805,98.2346
4.22349,4.8879,222.573
5.33414,2.86874,674.892
3.55275,3.38094,97.0352
3.4947,6.22198,96.6621
3.44368,3.1945,84.7332
3.99519,3.14037,168.943
3.48001,2.91486,89.6341
4.23374,4.92757,223.536
4.11181,3.22716,193.122
4.45169,4.20855,283.106
3.80236,3.3655,134.841
3.10317,4.25942,54.5747
5.93559,3.98688,1134.49
4.00355,3.75146,172.828
4.90113,4.19153,447.726
2.2339,4.94248,19.0116
2.60632,3.29012,30.1105
4.5621,2.92372,316.21
2.59126,3.30873,28.7004
3.38939,3.27498,78.7848
3.27982,3.89295,68.802
3.48135,2.55072,90.2032
3.14643,3.62613,56.6294
2.29994,3.89015,18.3595
2.78338,3.70869,35.17
4.09376,5.74461,193.541
3.82923,3.15229,139.298
3.9189,3.82639,155.678
3.2208,5.09854,65.5751
3.6302,3.16508,106.443
3.41698,4.11431,81.6412
3.59508,5.18372,107.518
3.1046,4.44412,56.0468
5.48616,3.38221,772.704
2.91383,4.82352,43.358
3.2025,4.31108,64.0669
2.87542,4.09837,40.2054
4.49653,3.37239,297.356
3.21486,4.00798,64.5865
3.75546,4.47343,128.118
2.3193,3.54076,17.2952
3.86351,2.85223,143.262
4.17696,4.27866,210.603
4.35866,5.20098,259.48
3.17341,3.43958,58.3946
5.08894,4.27242,539.048
3.41405,4.29573,82.1801
4.05987,6.22193,186.779
4.07456,3.54217,187.414
2.30809,4.15906,18.951
3.06082,5.60342,53.539
4.78585,3.31126,397.499
4.63404,4.27153,344.54
4.88918,4.34049,443.109
3.24205,3.46369,67.2761
2.88038,4.0887,41.5805
4.73092,2.66077,377.995
3.95366,4.456,161.925
4.82208,3.00121,414.596
4.43592,2.52514,278.583
4.55017,4.78119,314.155
5.11636,5.63891,552.223
3.89365,3.72673,150.788
4.45427,1.9498,281.062
5.11956,3.14197,553.737
4.13835,3.41129,200.277
4.92278,4.15342,458.955
4.10686,6.69691,197.882
3.47698,4.77666,91.6498
3.76863,3.53091,128.127
3.52954,3.80855,96.3058
2.99365,4.03049,47.3998
3.47324,3.37615,87.3629
3.81335,3.32357,135.565
2.82951,3.43635,38.6572
3.62364,3.85908,110.189
4.35892,6.33371,258.804
3.95541,3.49343,161.076
4.44077,3.34474,278.972
3.52521,3.93884,95.4029
3.67228,2.75954,113.259
3.08152,4.87855,55.8274
4.57851,4.70993,326.039
4.49685,3.97528,297.615
4.46476,5.4018,287.207
4.99237,3.66219,488.803
4.23608,4.49807,224.307
2.87403,3.44321,39.2327
3.7143,0.147592,118.002
1.7848,2.73391,9.88196
4.05668,3.18294,183.68
4.37477,6.30551,264.453
3.18008,3.82118,63.3165
5.57322,4.32612,834.651
4.11915,2.77626,195.034
3.5682,3.8471,102.76
4.18565,3.9282,213.033
2.89771,4.28912,40.6963
5.44145,4.40353,744.081
2.22408,4.80278,17.4784
2.60678,4.89398,28.1741
4.9376,5.44604,468.319
4.40375,3.85964,272.064
3.06028,1.63222,48.8798
3.78889,5.29522,135.366
3.67757,2.76784,114.308
4.47172,3.25684,288.946
3.26052,3.93411,66.7952
3.49342,2.52289,91.1252
3.94938,3.15288,160.76
4.61006,4.63184,335.923
4.70755,3.31633,369.892
3.49592,3.29596,92.6632
3.02612,3.73705,47.3386
2.29939,3.46031,17.9077
3.74378,6.0465,129.409
4.16517,5.03256,208.546
3.32427,5.40822,75.2859
6.06083,4.30089,1256.07
3.83566,2.08905,141.004
4.04687,5.26893,181.952
4.29023,2.84643,236.078
3.85569,3.44821,142.19
3.26794,4.68579,70.3017
3.76841,3.77346,129.588
3.1572,4.50422,60.5275
2.83111,4.45362,39.1031
2.20157,3.7897,15.0362
4.38704,2.67434,262.872
3.97341,4.12662,167.366
3.54725,2.97156,98.2661
5.13114,3.59983,559.706
4.32995,2.45885,246.806
4.28237,5.81908,237.615
5.405,2.6275,716.944
4.54585,2.95081,311.531
4.46825,2.32064,287.097
3.24201,4.65889,65.7767
1.52226,5.89819,10.7972
4.2611,3.88818,231.227
4.07196,3.76776,185.984
2.12378,4.03549,16.0443
5.48651,4.10377,775.15
3.07946,2.52111,52.745
2.65907,3.33313,31.2989
4.18172,2.77202,209.073
5.02313,3.09597,504.317
5.71711,2.40533,944.364
4.21185,5.75612,221.178
2.71278,3.69254,31.3556
3.91701,4.6584,157.378
2.23683,5.34262,18.4392
2.88105,5.46866,43.0599
4.1656,5.01661,207.297
3.9651,2.49017,163.828
4.18934,5.12905,215.599
3.03192,3.49241,48.1967
3.57884,5.02477,104.434
3.14339,3.51625,58.1247
4.33464,2.61534,247.522
5.2504,3.45078,623.813
