3
3.92253,4.79432,194.122
4.62389,5.68351,340.727
3.31278,4.92185,198.686
4.23869,3.61408,105.766
4.31713,3.83552,120.675
4.62772,6.16279,434.202
4.28537,3.70408,113.087
5.8249,4.65988,243.398
4.47308,5.16671,255.816
3.244,4.07697,114.104
3.50348,4.18925,127.229
4.82266,5.14983,264
4.43783,5.18571,257.285
3.68349,3.39048,81.6158
4.87058,6.44679,503.763
3.68488,3.799,105.159
4.26056,4.12453,140.963
4.65259,4.08753,146.649
5.2853,3.31663,122.84
4.00376,4.50541,167.022
4.35545,3.891,123.845
4.83664,3.82403,135.406
3.8429,3.15696,74.3247
4.32103,3.08778,82.3686
4.26836,2.2808,61.1766
4.91698,3.19856,105.315
2.98108,4.93701,195.236
4.11161,4.46199,165.182
4.67615,3.27415,100.368
2.17396,4.98784,192.455
4.59768,2.27322,68.7365
4.22982,3.28663,89.0628
5.09008,3.67138,134.735
3.59265,4.10105,124.076
4.51233,4.0501,142.145
5.01335,5.64335,346.588
5.921,4.48773,230.274
4.57451,2.51323,73.773
2.64073,1.27829,20.1491
2.75475,3.17011,55.9884
3.28265,4.34107,138.238
3.14811,5.24069,237.945
4.12036,3.56991,100.575
4.35087,4.85052,212.034
4.87172,2.62196,85.0034
3.17797,5.08688,217.821
3.64576,3.61819,93.636
5.60692,3.08384,123.983
4.4437,2.85877,79.2544
4.51712,2.2118,65.6375
6.6798,3.9376,219.817
3.61767,2.4507,48.6926
3.46596,5.46122,275.156
1.62841,4.15294,101.533
3.9128,3.30652,82.8517
5.18584,4.02233,159.256
3.18635,5.42483,265.743
2.70865,3.7086,83.7669
4.98094,4.42332,186.06
3.9025,3.45294,88.2104
2.31998,3.14641,49.4467
4.25699,4.24125,148.63
5.23658,2.70886,99.7375
4.54569,3.89176,130.187
3.51887,3.71389,95.4951
3.94074,3.26482,82.052
4.90312,4.38317,181.266
4.2113,4.0109,130.021
3.12468,3.78783,92.4921
2.27594,6.03399,362.183
3.09902,3.64812,84.5594
2.35117,4.56417,145.283
2.84611,3.30638,61.1846
3.79343,3.34457,81.0644
2.76074,2.78147,44.2704
3.98137,4.80773,198.469
2.47931,4.61326,151.121
4.58671,4.64593,196.313
3.91621,2.89649,68.1022
3.93992,2.3143,51.2886
3.83826,3.9096,113.672
2.39755,2.31679,26.7733
3.24273,4.74571,175.666
3.73266,4.44449,154.675
3.28292,4.74559,177.822
3.33659,4.19988,124.941
2.78709,4.535,148.545
2.14146,5.45541,258.146
6.90093,4.75051,304.74
3.50099,3.45666,80.3425
5.45725,4.33312,195.349
3.5428,4.37522,143.618
5.50341,3.38432,134.06
4.68239,3.81159,128.333
2.64641,3.74087,84.3541
4.51316,4.32632,162.281
2.78006,2.69898,39.7734
3.71366,3.54471,91.0331
2.76505,3.14617,54.3025
2.92729,4.52417,146.977
3.4064,3.84977,102.723
4.77252,4.46001,185.231
2.58278,4.59421,152.341
4.3199,3.75601,115.261
4.18751,4.3405,155.694
2.52071,2.42217,33.6733
4.15103,2.91203,73.0272
2.63931,3.58779,75.2573
2.07314,3.36938,56.9706
3.83653,3.76371,103.763
2.76476,4.22359,121.996
3.04031,2.2458,34.5584
0.0701453,5.65132,279.533
2.52136,3.91618,93.1466
4.69508,4.95827,235.293
2.76799,4.64588,158.594
3.87117,4.14383,131.65
5.08626,2.24147,83.1388
2.91996,3.07511,55.793
5.25485,5.67979,359.535
3.45997,5.0746,221.51
4.87919,3.55833,121.233
4.90827,4.72568,214.477
5.85307,4.00048,185.555
4.62824,1.5465,61.2886
4.68339,4.93914,232.246
3.31717,3.80184,95.7713
3.71451,5.33873,262.86
5.0146,5.54753,329.975
3.73379,3.80275,104.372
4.15166,4.19367,143.474
4.65699,4.01753,142.253
4.73644,2.15858,68.8977
4.29513,5.55136,309.785
3.4057,4.88191,194.419
4.02279,4.76972,196.053
5.55413,2.53093,105.591
5.34489,2.14074,90.0363
3.55733,4.11491,123.832
4.55829,5.93997,384.281
4.1483,4.02969,128.625
4.20092,3.03961,77.0759
4.81214,4.0484,151.041
4.60951,3.4503,107.217
2.87991,4.17146,115.357
3.52737,3.30452,72.6178
4.63692,3.56235,114.456
1.79136,4.56273,141.037
3.61294,3.68505,94.4173
3.82166,3.7066,101.482
3.87442,4.63703,175.534
3.69521,3.3296,76.9188
3.14146,2.49342,41.2745
2.98061,3.27879,63.7417
1.90911,2.62118,28.4245
2.58767,5.04951,203.889
4.23468,4.90866,216.66
5.00813,3.60392,127.491
4.30207,3.1976,85.4089
4.47049,4.98758,232.187
2.33831,4.74372,165.042
4.85176,3.91504,140.936
3.81841,6.18257,416.623
3.53854,5.81388,336.95
4.26014,3.80138,117.929
4.91382,2.49511,81.8059
4.22664,3.97917,128.275
5.19951,3.01211,107.584
2.91058,3.6677,82.6485
4.6711,4.1449,153.45
3.64668,4.5286,160.347
3.7279,2.31104,46.1317
3.25763,6.9362,594.208
5.61856,2.18545,102.639
3.05375,5.62106,295.152
5.74933,4.63496,236.267
4.2625,1.38006,50.4215
3.89006,3.19286,76.6184
5.04787,2.91888,98.473
1.73167,4.79477,165.279
3.64462,4.42422,151.222
4.3053,2.65115,69.5163
3.59459,5.28757,253.242
5.71784,4.83601,257.028
4.35477,4.3429,160.169
3.50558,3.58108,86.5751
4.43442,3.42869,100.381
3.02599,4.42795,141.019
5.10184,4.40495,191.387
4.37088,3.56562,106.324
3.58928,6.1533,406.266
4.48535,3.31876,98.3329
2.52695,3.8223,86.7082
4.90265,4.73913,217.587
3.38112,4.51657,153.49
3.05105,6.19117,405.459
3.53205,5.58413,296.43
5.14646,2.89968,102.033
4.31111,2.94523,78.4309
4.5823,3.75616,123.441
4.83594,5.59723,330.267
4.7444,5.62219,333.373
1.99423,4.7135,157.566
3.18482,4.86298,188.475
5.25235,3.74106,143.695
2.97956,3.54354,78.1186
5.23342,3.02278,108.313
5.39646,3.95237,162.467
4.09795,4.77963,198.549
3.62319,5.04661,219.549
3.15767,5.42511,264.56
4.28778,3.09552,82.6877
5.24076,4.80769,235.201
4.92121,2.87841,95.0607
5.15083,4.19053,172.628
3.93839,3.79888,108.766
2.43173,4.73896,163.696
1.8329,4.06555,97.4042
3.39509,4.84052,189.876
2.83987,3.02002,50.514
2.6098,4.8326,177.672
3.97993,3.06635,73.4068
5.01168,4.5944,204.439
3.68518,6.18807,415.004
3.568,4.94871,206.972
5.2812,4.63456,218.116
3.0471,5.00171,205.2
3.76186,4.24338,138.402
3.02988,4.14047,117.058
3.91873,3.46063,88.3565
4.08788,4.43391,161.271
3.72266,4.72139,182.344
2.91897,3.51771,73.4711
4.3291,4.81655,207.131
3.54997,3.4293,80.5579
5.00444,3.44064,118.007
3.30843,3.18389,64.7285
2.76821,2.7085,41.5896
4.53191,3.77854,122.233
4.28771,5.07089,239.444
3.51023,5.49651,281.55
3.19007,4.30503,131.326
1.30728,4.23769,107.498
5.32953,2.83164,106.292
3.10073,5.14323,222.131
3.18156,4.45653,146.915
3.622,5.84115,344.219
4.58865,3.9319,135.526
4.13258,2.94667,73.687
4.2565,3.28748,87.7386
4.95704,3.29823,110.843
3.52479,3.13154,66.2743
4.98581,3.71709,135.128
3.20221,4.93478,198.9
3.80846,4.62537,174.278
3.66184,4.09015,122.964
3.31398,3.73471,93.7108
2.37302,2.49337,31.1318
4.18339,6.39875,473.935
2.64762,2.29092,28.5355
5.2274,5.67411,358.385
2.77664,2.56179,36.2801
3.28164,2.69992,46.4109
4.80292,4.43216,180.683
4.736,3.93073,139.276
2.97493,4.46157,141.539
4.43465,3.29953,95.6745
2.15992,4.81996,170.343
3.32538,4.47372,151.279
4.57352,3.26659,97.4007
4.57785,3.70766,118.371
2.09951,4.46819,135.089
3.46156,3.46736,80.6175
3.13278,3.78254,91.5812
4.03067,4.74564,192.999
4.10241,4.29393,149.181
4.87153,3.32896,108.252
4.79235,3.62074,123.112
5.09376,4.40232,187.465
5.42293,4.94819,258.031
3.31817,4.05884,113.538
5.32004,3.60351,138.418
3.93719,4.38297,153.149
3.82373,4.00844,119.969
4.45625,4.48954,177.213
3.00159,3.80991,93.0805
5.23812,3.38034,123.162
4.37591,5.57144,315.589
4.95703,4.34796,177.695
4.41464,5.02781,237.163
3.83039,3.91347,112.974
2.61006,6.19275,401.217
2.26149,2.05972,21.3928
3.61155,2.53476,49.1898
3.5644,3.96762,112.167
2.80264,3.77681,88.2531
3.64834,4.50818,160.667
1.66335,4.91041,178.352
3.14183,4.84522,186.941
3.93774,3.89982,116.914
5.04696,5.91422,397.203
4.57568,3.44801,105.915
2.55143,5.96274,352.29
4.70211,3.92073,136.595
4.38814,3.72408,117.044
4.9538,2.10521,76.5803
3.21312,4.79154,181.231
4.05125,4.19013,140.004
4.66453,4.9109,228.83
3.83831,3.92522,115.838
3.00146,4.01898,106.639
2.61475,3.55731,73.656
4.45985,5.20772,259.907
3.99157,2.58728,57.8907
3.81287,4.58318,168.662
3.07669,4.32375,132.753
5.65934,4.01058,175.676
2.00128,5.36831,242.406
5.01219,4.51209,198.019
4.13422,5.07589,235.063
4.85531,3.86084,136.79
3.83301,4.00223,118.636
3.93075,4.84956,201.803
3.57845,3.9794,114.646
3.93703,4.30914,147.004
3.62068,4.9137,203.697
3.36463,3.49048,79.5783
4.28719,2.5622,65.2838
5.73003,3.5261,148.06
4.49883,3.8036,125.043
3.47535,5.44158,272.866
1.18036,4.41964,124.28
4.34424,3.95343,130.265
4.77134,3.34615,106.661
3.52987,3.63372,89.9077
4.72307,5.25566,275.601
1.4989,2.68221,28.5283
4.8688,2.90111,92.7728
3.24688,3.61588,83.741
3.18346,1.45734,26.0236
3.81066,4.60815,173.323
2.65316,4.25151,120.84
3.10951,3.59493,81.8658
3.03663,3.83433,93.35
4.73255,4.23003,161.624
4.55094,4.01196,139.931
2.91066,4.04362,108.342
3.45544,3.02425,59.4177
4.69088,3.23336,98.7134
1.56348,4.16558,102.679
2.3975,3.78995,85.969
3.31079,2.70705,49.0977
3.28155,4.57457,159.15
3.21287,4.28293,129.342
2.8054,2.6965,41.5043
5.39604,2.86106,108.25
5.06776,5.8923,392.372
3.92256,2.98889,69.4404
4.74481,3.82768,130.505
4.6379,3.62435,117.193
4.69494,4.77518,214.236
3.39854,5.29412,249.364
5.66316,2.80191,118.699
4.30478,2.80341,72.9065
3.95641,4.50364,165.707
5.09485,5.45271,316.819
3.42099,3.48583,79.9635
4.40562,5.03063,237.112
4.67864,4.78864,214.087
2.34085,6.78364,539.413
1.99247,5.99858,352.135
2.53553,3.67624,78.0995
4.00446,3.68073,104.083
3.32891,4.38778,142.131
5.02534,3.77001,136.93
4.58034,4.26576,158.591
4.23598,2.51638,62.7071
4.64386,5.40934,297.819
2.97499,4.93616,195.067
4.85677,2.90096,90.5157
3.12525,4.56616,153.195
4.17259,3.96385,126.601
3.72449,2.91857,63.3587
3.82408,4.25951,139.744
4.737,6.11919,427.752
4.03019,3.22421,79.6538
3.13632,4.28786,129.956
3.61508,3.41382,81.9412
3.54872,3.20012,68.1322
5.16313,4.75941,224.675
3.99444,4.30793,149.452
4.29504,2.50958,65.0144
3.97526,4.71137,187.093
3.7796,2.333,48.4142
3.25895,3.4121,73.9499
3.5676,2.90129,58.1385
3.27794,3.8155,96.6642
4.44448,6.28878,455.768
4.50728,5.35564,282.424
3.39551,4.22144,128.095
3.90985,2.22736,49.4975
2.24495,0.718305,13.363
2.27778,3.13395,49.0534
2.08385,4.42653,129.987
5.28274,5.56526,342.3
4.20769,4.73762,195.696
5.06801,2.17994,81.1543
5.61974,5.23994,306.496
4.07483,4.63496,181.702
2.52924,3.6168,73.5757
4.01643,4.67316,184.749
4.60201,2.65483,74.9718
3.71048,5.87016,350.726
1.3575,5.19911,211.333
4.72112,4.64804,198.481
3.3721,3.10777,62.053
3.95396,4.03973,125.697
3.69318,2.23025,45.3983
5.3758,5.14027,281.924
2.45426,4.81286,174.137
3.70606,4.01728,118.069
1.76421,2.35888,22.2282
3.07932,3.44024,71.4505
4.51873,4.84182,217.868
5.83229,4.87573,265.601
6.22372,3.89491,193.796
4.64335,4.76062,210.656
3.87302,3.33629,82.6681
3.10683,3.15246,59.7218
4.44145,4.01407,136.373
5.08793,3.91306,148.519
5.45062,3.80035,154.294
5.47922,3.1156,121.963
5.33871,3.6814,142.614
4.8243,3.34395,109.496
3.08631,4.49293,149.322
2.97933,3.91508,97.6536
3.8511,3.21642,75.5984
4.54294,4.78576,211.277
5.61562,4.09932,181.068
2.64993,4.50015,143.826
4.25954,4.45584,167.957
4.06069,3.74191,107.117
2.38722,3.39591,61.0686
2.58568,2.48918,33.0924
1.98499,3.22218,50.2539
4.73353,4.30397,168.367
5.7727,4.917,268.879
4.26736,5.15623,249.213
2.29888,4.11372,106.38
4.97036,4.91057,237.203
3.64705,4.9534,209.092
4.34562,3.47593,100.964
4.1562,2.19904,56.4335
3.31334,4.14158,121.325
4.93887,4.9374,240.698
4.48724,4.27771,157.503
4.21797,5.42683,286.674
2.61007,3.93089,95.0477
3.9208,2.20174,48.0993
3.1144,3.69604,86.5098
4.16857,4.79226,200.058
3.40517,4.776,181.984
4.54573,3.28148,94.9984
3.64534,4.27715,137.532
5.53949,3.91887,163.9
6.03089,4.53353,239.401
4.17993,4.12379,139.382
4.98944,5.23173,280.007
3.22112,2.69312,47.2473
4.41217,3.47806,104.032
3.17084,3.28617,66.6527
2.2979,4.10492,103.494
5.56528,3.42705,137.114
2.63028,4.8029,174.421
0.807151,4.20506,103.051
3.9558,4.06517,129.535
2.60825,4.24761,118.964
3.12237,3.73154,87.6626
4.6117,3.55113,111.652
3.38802,5.10257,223.232
3.46812,3.8762,105.381
3.05593,4.77807,177.636
4.06311,4.96195,219.128
3.64979,3.50921,84.8032
4.0223,3.04214,75.1599
3.64561,5.13104,231.986
3.70221,4.70127,180.996
4.75689,3.60074,120.443
3.26029,4.69304,172.168
4.48384,5.67214,334.383
3.65724,3.14178,69.9876
5.09986,5.61921,345.349
4.77882,4.40037,177.987
2.29147,2.95342,42.5313
3.96433,3.47774,91.3918
3.88897,3.3265,81.9573
3.50685,4.51124,156.42
7.2207,4.20044,270.98
3.44388,3.97339,111.517
3.93745,2.13329,49.5305
3.28318,3.46873,77.6146
5.29851,3.61108,136.553
4.66641,4.85887,219.649
4.26711,1.18394,49.0628
5.02341,4.04429,155.126
3.04146,3.84076,94.886
2.71928,3.8176,89.9722
4.76419,4.38928,176.904
3.41523,3.58007,85.2833
2.56866,3.96868,95.5317
4.64059,2.12025,66.3449
2.50215,3.43741,63.9918
5.60184,2.71276,112.173
3.73152,4.69482,180.785
3.98907,4.91158,211.743
3.45356,6.31166,438.199
3.29678,5.55936,290.711
4.4707,3.45604,101.832
4.05486,3.83775,114.641
2.75512,3.35371,64.9465
5.43579,3.52524,137.927
4.79334,4.38972,176.235
3.38643,4.75888,181.305
3.93942,4.98827,217.293
3.74571,4.54489,165.034
4.06959,4.61284,179.629
1.97074,4.16612,106.425
5.29141,2.47047,93.8884
4.02805,5.34197,269.721
2.66669,4.44902,138.686
4.63322,3.78889,127.712
5.47321,3.6261,144.974
4.76922,5.36994,294.18
3.06511,3.74584,89.4928
3.76713,4.25874,138.624
3.98547,1.79415,45.8639
5.01088,3.53483,124.77
2.676,4.23831,120.567
4.22708,2.59303,65.4739
4.90071,4.39891,180.428
4.54689,3.80836,124.852
3.69151,4.2547,138.218
3.66493,5.74531,326.955
3.09906,3.07666,56.4736
4.46079,3.06783,85.8782
2.52755,5.78657,316.206
4.80991,1.62821,66.8601
3.87702,3.01404,70.5449
3.42284,4.24496,131.672
4.13748,3.97538,125.324
3.73449,3.47644,85.2545
3.71251,2.52926,52.054
4.6157,5.65746,337.201
2.97168,4.31654,129.206
3.89775,4.24446,140.501
5.34694,6.08789,442.52
4.28078,3.7041,110.4
4.50494,2.61038,74.9248
5.72581,3.57495,152.255
4.17756,4.54589,175.613
3.14275,4.31628,131.378
5.16344,6.12696,444.239
4.20527,4.87284,213.597
6.09001,3.93295,190.368
4.75568,1.77902,65.6514
3.31562,3.52893,81.6808
4.27503,3.11754,82.9944
3.15038,3.59943,81.7356
3.68471,5.16421,235.017
1.9002,4.35497,122.652
3.84759,4.37659,150.067
4.25804,4.33309,156.116
3.2945,4.35055,138.689
4.19352,2.58176,65.4866
3.74787,2.79248,57.6472
4.47038,5.15568,253.729
4.66868,2.62105,78.3891
3.92118,3.92678,116.891
4.81817,4.24138,166.685
5.15195,5.90874,400.273
3.32248,4.43552,147.465
4.01534,3.71128,104.721
5.17655,5.4118,312.463
4.56558,2.88587,81.0346
2.31928,5.27635,232.466
4.01189,2.83912,66.9675
3.76637,4.16222,131.838
3.99913,3.05105,72.2726
3.92978,3.93482,118.185
4.14952,3.70199,108.221
4.04112,3.6649,103.879
4.04444,3.31265,82.7214
2.73338,4.79424,175.498
5.57589,4.93577,263.667
4.14339,4.92317,214.375
2.66177,5.12647,213.463
5.12765,2.5006,91.2012
5.72988,4.17739,194.192
3.16936,2.89391,51.8372
4.4632,5.81464,360.734
2.50656,3.54569,69.7702
3.93897,4.30998,147.532
3.8453,3.65111,98.0994
4.99918,5.24081,281.668
3.48831,3.72847,96.8057
2.53324,4.568,148.904
2.8036,4.0953,110.985
3.72687,2.00178,43.0215
3.11815,4.90883,192.576
4.11676,4.83282,203.514
4.48884,4.48982,178.739
3.98471,2.58189,60.66
6.14005,2.72014,135.929
5.2327,4.3172,185.154
3.00226,3.5449,77.2539
5.56236,2.07137,98.0959
4.2017,4.21964,144.54
3.3297,3.59276,84.9113
3.93839,4.40134,154.841
2.61739,4.96405,194.113
3.4637,3.07691,62.8668
1.497,5.75801,303.201
3.51416,3.37016,76.9644
4.92445,4.53853,195.044
6.06504,3.32322,154.088
2.74652,4.73022,168.026
4.19976,3.76552,113.943
3.30483,4.43252,145.426
3.72044,5.174,239.746
3.45681,3.29956,72.5914
3.99317,4.32917,151.018
5.78374,3.22481,136.352
4.7075,4.33036,168.091
5.34386,2.41628,96.7374
4.43336,3.38247,96.8246
2.20406,5.22585,224.021
2.25849,3.35067,57.1456
4.90539,2.71861,88.531
2.65689,5.31872,242.959
3.67427,2.18952,46.1422
4.41533,2.90047,81.6399
4.73424,3.14096,95.2386
4.08857,4.98654,222.932
3.49513,3.32708,74.9128
5.26793,3.05868,111.063
4.04246,3.83208,114.601
2.29323,3.63768,74.4695
3.38432,5.26876,246.578
2.97253,2.77967,46.41
4.48432,5.07891,244.19
4.71064,4.90574,230.091
3.67621,6.04304,386.189
2.45406,5.36989,247.197
4.83185,3.22055,103.655
4.46671,2.14674,62.4382
4.31184,5.30606,273.12
3.70295,3.69361,97.2528
3.76643,2.94246,65.5444
3.45984,3.46556,80.7469
4.75638,4.03167,145.953
3.0833,4.88808,188.956
4.56514,3.34286,99.4534
4.83967,3.36212,108.372
3.7134,4.14443,129.604
4.94504,5.45147,311.707
3.75599,4.13089,125.802
3.55853,3.22116,70.3819
3.86486,3.13347,75.4128
5.48929,3.43168,135.078
3.42952,2.98294,60.284
4.1447,3.30622,87.864
3.6376,2.02204,41.5816
3.5981,4.82352,191.442
3.32935,4.90596,198.266
3.80525,3.19819,75.0619
3.51264,3.96136,109.788
2.54279,5.34291,244.246
4.31149,3.67493,107.984
3.26143,2.78666,49.978
3.97302,3.29519,83.1554
2.34255,4.7673,166.88
3.2599,0.594672,26.3638
2.53334,4.27248,118.972
3.64993,3.86812,105.367
5.66005,4.44997,213.878
5.38285,2.95419,112.065
1.9914,4.10709,99.6011
3.76431,5.05254,222.905
5.25523,2.75798,101.05
4.84585,4.67099,208.916
4.37906,4.95034,224.933
3.85948,3.7714,106.438
3.98235,2.90556,68.5521
2.5561,4.83087,175.028
4.95309,3.34928,111.904
3.84999,4.66586,180.239
4.8486,3.67647,125.044
4.63541,3.51756,111.487
3.82789,3.6346,94.8515
4.04166,3.03793,73.3244
4.31014,4.36388,161.617
6.13894,2.7812,139.341
3.27276,3.14578,63.2554
3.12325,1.91592,30.3845
3.76465,4.00459,118.781
3.88849,4.363,149.109
4.51508,3.96457,134.747
4.17455,3.50127,99.3192
4.43271,4.14739,145.943
4.99672,2.96665,97.6812
1.22561,3.13731,43.9347
4.70339,3.37979,105.308
5.0522,4.7663,223.811
4.13214,3.91987,121.872
3.25063,4.69782,169.368
4.61483,3.6136,115.928
1.15467,4.77447,160.086
3.71723,2.43392,50.0296
5.52159,4.32299,197.408
2.62648,3.74585,83.6382
4.49078,3.10263,87.8627
4.66762,5.36518,291.302
3.32105,4.17156,121.155
1.79228,2.02919,19.1602
6.39152,5.70434,411.63
2.47877,5.12552,213.904
4.31029,3.69797,111.05
3.08496,2.61293,43.6138
3.37062,4.33744,138.8
4.56026,5.32688,280.264
2.516,3.77124,82.4068
4.14321,3.97012,125.232
4.53066,4.29845,161.497
3.91003,4.87962,206.274
2.67527,6.11176,381.494
2.23033,3.57971,72.2979
2.86276,3.80319,90.7551
4.7902,4.73267,212.945
2.29517,6.3144,422.168
5.46648,4.47444,207.454
4.04239,3.57111,97.476
2.65552,3.52677,70.6727
3.05545,4.50109,147.924
4.10462,3.15824,81.7003
3.72388,3.30942,77.0882
1.83206,4.08795,98.3674
3.82153,4.75297,189.388
3.94712,3.77869,109.503
5.15168,4.70391,221.764
3.27611,5.36406,258.748
5.17172,3.75225,142.069
3.5014,5.00128,209.962
3.76607,3.98775,120.059
3.50606,3.40229,78.8886
3.37646,5.93816,357.356
4.18507,2.77621,67.8832
4.37336,3.34242,95.3178
2.78664,4.95933,196.752
3.23053,3.07176,58.6009
4.41125,4.80693,209.414
3.17145,3.96916,105.751
2.98297,4.7064,168.367
4.18342,3.56546,101.309
4.2409,1.75158,50.8128
3.89004,4.75197,188.852
3.84257,3.68536,99.1275
4.9361,5.31134,289.959
4.9867,1.65558,71.6144
3.40719,2.48433,45.7461
4.90963,3.62897,125.601
2.84151,2.56379,38.2248
5.58754,4.33707,199.889
4.20605,4.11516,137.703
5.09559,3.16533,110.114
3.37283,2.30478,41.4553
4.34259,3.72028,112.66
3.85381,5.46918,286.117
3.1847,3.63236,85.0461
4.00243,3.97604,123.734
4.1414,5.30755,266.162
3.25519,3.02938,57.5507
2.34359,3.99644,96.5407
3.29656,2.19647,38.5088
5.04412,4.0892,159.999
2.79289,4.98196,197.718
3.75071,2.83085,61.8906
4.75927,3.13737,97.3169
3.61178,2.10706,40.1633
4.15614,5.26393,261.481
4.35703,2.63281,70.6264
4.1029,3.13597,79.1283
3.7976,4.64963,175.499
6.09905,4.24951,215.308
4.26065,4.53277,175.005
4.59715,4.03955,142.235
5.80403,2.06037,105.724
2.64608,3.47344,69.2434
4.23706,4.19,144.068
4.21211,2.52107,60.9335
2.09825,2.30698,23.1841
4.90355,2.39226,80.8224
4.37708,3.08083,84.2672
6.55767,1.7498,140.186
3.73326,5.20095,243.84
2.34773,3.28837,56.9272
2.40547,4.25129,116.933
3.94522,3.03366,70.7535
4.87553,4.82636,225.02
2.93737,3.07655,53.708
4.51263,3.37798,101.819
4.11516,4.2446,145.556
4.9749,2.95176,98.0732
3.51072,4.58039,163.942
4.48145,4.4115,169.919
4.84367,4.17001,160.465
4.06763,6.00166,384.988
4.54843,3.83905,128.523
3.6384,2.1588,43.7748
3.38522,4.56861,160.22
2.01292,4.96045,187.424
3.77733,2.26829,48.2837
3.99727,3.7946,111.14
5.11128,3.09763,106.684
4.03824,2.34145,54.4976
4.97167,5.01174,251.241
4.32058,3.94882,128.652
6.44252,2.46858,144.12
3.39996,2.82704,52.2571
3.12267,6.44641,465.482
3.02062,2.6969,42.4464
3.53916,5.67914,313.038
5.3487,3.75315,148.55
4.98471,3.45045,117.98
2.50429,3.34906,59.774
5.07613,4.82026,228.417
3.19038,3.52033,78.6991
3.70371,5.75417,329.729
3.86189,4.12549,130.209
2.96194,4.88953,188.958
3.44162,5.43668,272.267
4.05596,4.05111,128.841
1.67149,4.19757,108.528
3.30328,2.98289,57.7502
3.21989,1.07646,28.4485
2.16705,3.63099,72.8371
3.86562,5.39611,272.573
2.08096,3.0028,40.7717
3.18484,3.63584,84.7084
3.42705,4.93309,203.091
3.61865,3.67679,94.2014
1.67828,4.82768,166.38
4.55706,3.18879,92.6266
3.61014,5.0602,220.752
2.82965,4.04156,106.05
5.10295,3.64519,133.051
4.15183,2.5752,62.6597
4.98208,1.73464,70.7305
4.25368,5.10067,240.939
2.77674,4.85728,183.07
2.75446,4.50366,144.361
3.86859,3.19766,77.3446
3.06044,4.69166,165.608
3.81956,6.55458,502.994
5.56196,3.37112,136.226
4.85415,4.80174,221.46
3.93743,4.62383,177.998
4.04883,1.61844,45.8441
5.0899,3.31464,113.162
4.00928,5.06915,232.063
3.82138,4.16766,132.279
3.6287,4.93812,206.041
3.7649,3.91941,110.937
4.5382,4.61498,192.39
4.89432,6.51562,523.168
2.66025,6.51692,474.188
4.45163,6.04696,404.017
4.64787,4.65981,198.59
3.4355,5.64123,304.601
3.8846,4.18147,136.127
4.64677,5.50338,310.718
3.60125,5.02721,216.42
4.6912,5.24171,271.279
4.45987,5.39737,287.091
4.29492,4.27916,154.771
3.62011,4.56153,163.904
3.38611,4.81667,186.47
2.94443,3.83617,93.219
3.61546,5.61883,305.094
5.49004,2.75166,109.733
4.26347,3.90221,124.834
3.7518,4.02979,122.587
3.94681,3.53361,92.8621
4.31033,3.41309,96.8483
3.37636,3.67483,90.8885
3.78849,3.79378,106.042
2.97207,4.17895,119.137
2.75711,3.59666,77.2653
2.84241,4.29945,126.426
3.03141,2.94953,50.0097
4.4568,5.52014,308.662
4.39448,5.71555,338.439
3.44269,4.79005,184.655
2.82494,2.9603,50.6806
5.77472,6.39485,525.412
3.85242,4.18878,135.344
2.18241,3.99468,94.6887
3.73692,5.2337,247.528
5.67273,6.00671,438.696
4.30024,2.97592,77.6784
4.32189,3.64331,109.017
3.91299,3.97012,120.441
4.16938,2.68334,68.343
4.75741,2.06043,70.3168
5.61862,2.04524,100.62
3.69483,4.04438,122.058
3.51704,4.59427,165.519
3.85309,4.66642,178.877
2.78432,3.0068,49.3427
3.73935,4.54231,164.738
3.38894,2.37847,40.9015
3.34794,3.58741,85.2958
5.39097,2.64446,102.414
3.68863,2.80305,57.4217
3.37953,3.1153,63.2985
2.9235,5.3072,243.488
3.29704,4.63261,165.857
3.9751,4.48773,165.557
5.36327,3.75691,149.145
2.54323,3.66932,79.2458
3.38627,4.3273,135.736
6.68036,3.93459,217.965
6.71205,3.95071,222.645
3.66698,2.49297,50.7802
3.09554,4.46075,146.074
4.19753,3.91197,122.696
4.42034,5.13531,249.908
5.08092,4.15257,166.802
4.6972,3.46647,111.492
4.76156,4.08646,152.856
5.93827,4.43862,224.493
4.43853,4.49237,175.916
6.51398,4.76644,284.998
4.4132,5.40243,288.264
3.93249,4.30361,146.388
5.7885,3.65632,160.136
2.00555,5.15227,210.9
4.13653,2.64338,63.5629
3.55298,3.40373,78.3735
4.50054,5.51595,309.447
5.23581,5.01108,259.71
4.06056,2.78368,65.2625
2.87207,4.24359,120.752
3.02548,4.16641,118.554
4.88008,3.30653,106.894
4.00611,3.62382,98.7977
3.0339,4.59016,157.947
3.02632,4.32318,131.839
3.62203,4.68272,176.121
4.06448,3.18006,81.7161
4.59035,3.45853,106.282
2.58254,4.05783,103.118
5.04357,3.41657,117.718
2.58498,4.05336,102.109
4.15685,4.15758,139.981
3.28296,5.10524,220.216
3.00603,5.5422,280.241
5.41614,3.50416,136.567
2.90416,4.22691,121.415
3.28489,4.88036,192.279
4.50259,2.37264,67.692
3.06091,4.416,140.468
5.01304,5.28264,288.012
5.36182,5.06183,269.854
5.26085,3.82045,150.494
5.58851,2.78404,114.036
2.83904,3.62349,78.9987
4.43189,3.25564,91.4774
4.14682,2.98182,74.7813
4.11831,3.20773,82.3435
2.0763,3.07383,44.6687
3.51377,4.28317,136.988
3.1531,5.01634,209.638
4.12121,4.15432,138.958
3.58239,3.38918,78.7947
4.38149,4.37592,162.229
2.72231,3.95555,99.1973
1.76684,3.31803,52.5813
3.93775,4.84807,201.054
5.83427,4.54238,231.126
4.5924,5.14015,255.577
2.8393,4.46791,144.019
3.87443,4.51668,166.055
1.54125,3.49491,59.5372
3.10453,3.75142,90.2556
5.31466,4.89871,249.899
3.56888,3.51721,83.815
2.37478,2.87039,38.4337
4.51682,5.76277,352.232
4.10877,4.59176,178.992
