3
4.01903,2.81705,600.955
5.14473,2.5605,1438.72
4.67873,6.90885,1043.89
5.18704,5.28422,1494.46
5.08858,4.3689,1390.65
2.75332,4.97091,182.589
4.8328,4.09466,1153.23
4.53698,3.22838,919.312
2.20182,3.88114,92.7086
3.10547,4.79699,260.559
3.07931,5.2536,257.812
2.70298,4.08606,170.388
4.1171,3.30589,656.166
3.40564,5.23178,352.067
3.22152,3.95167,289.867
5.13201,4.12879,1432.91
4.83043,4.8309,1153.95
3.19617,4.24766,284.745
1.91469,4.86384,71.1118
3.54393,5.88327,403.103
3.21729,3.6762,287.192
4.09121,2.91622,637.514
2.56568,3.98631,144.256
3.6243,3.56782,426.037
4.461,4.86895,872.232
4.32732,3.53629,778.375
4.15896,5.88831,688.947
4.1538,4.93572,682.047
3.80802,4.83685,507.056
3.71649,3.63537,462.833
2.41963,2.93204,117.955
6.35331,3.41772,3132.02
3.40076,4.96782,350.429
2.55062,4.13928,143.048
3.08886,3.61604,251.635
5.91442,5.17796,2407.47
1.97186,2.50727,68.3598
3.85896,3.35866,525.571
3.76904,4.01361,486.167
5.01544,5.2144,1323.16
3.67871,2.05715,440.989
4.5339,3.35774,916.755
4.78275,2.34365,1107.47
5.53172,3.51191,1877.33
2.76849,2.905,176.164
4.4644,3.05703,867.122
3.12903,3.50877,263.989
4.46744,4.0448,874.064
5.44863,4.0668,1779.88
5.08107,3.31244,1378.76
3.26399,3.72831,299.665
4.61503,2.24965,972.942
2.98923,3.61294,224.837
2.65155,4.12798,159.548
3.53332,3.68172,389.526
5.73865,3.95132,2152.12
4.26215,3.02644,737.597
4.54825,3.70571,928.904
3.644,4.95504,439.914
2.11369,3.88642,85.1943
3.291,4.54346,312.788
3.33691,3.71793,325.705
2.9795,3.0512,223.188
2.59063,3.80391,147.648
2.91957,3.88707,211.675
4.59849,3.64056,965.858
4.24268,3.72056,729.572
3.63873,6.25626,445.391
4.46146,3.93254,869.254
4.86545,3.88203,1181.51
3.68932,4.13859,451.507
4.24242,3.09762,723.944
3.39356,4.29103,345.178
4.94994,3.20206,1253.76
4.36274,2.987,799.61
3.25569,4.37527,299.98
5.17396,3.46556,1471
3.83362,4.025,515.914
4.07725,2.72993,629.544
2.69072,6.14332,176.866
3.54845,3.27145,394.7
6.14937,5.0965,2782.03
3.29575,2.4062,304.236
4.20124,4.83455,708.419
4.2997,5.54079,770.799
3.36111,3.71317,332.911
4.99329,3.47601,1294.91
5.19092,2.82752,1489.23
4.85598,5.03053,1177.67
3.39675,5.87297,354.594
4.74354,3.43532,1076.64
2.19135,4.91192,99.5414
4.79384,5.04835,1126.67
3.85849,5.52667,535.293
6.06818,5.63731,2651.37
3.51123,3.32647,381.469
4.79906,2.91613,1120
3.82569,4.96581,515.712
3.20154,2.8061,280.724
3.01676,2.73799,231.355
5.11384,2.93224,1409.02
3.73983,3.03116,469.319
5.43536,4.26757,1762.66
4.58003,2.91739,948.433
4.63817,2.1822,989.203
4.39428,2.5522,818.621
4.42084,4.83763,844.671
3.38634,3.48502,339.696
4.42362,3.24915,841.036
5.45542,4.19943,1787.16
2.9505,3.721,218.073
3.31988,2.76603,314.872
5.36538,6.25495,1692.73
2.79462,4.74541,189.656
3.23758,4.06575,295.163
5.24288,4.95435,1549.26
4.45477,4.4631,866.565
4.14636,2.70528,666.347
3.73274,2.91423,466.191
3.22921,5.04649,296.64
3.17413,5.01066,280.942
6.35801,2.14692,3135.78
2.55363,3.75357,141.487
2.13288,3.61998,87.0972
4.40542,3.71834,830.527
4.04618,4.23158,620.145
5.73939,2.84919,2147.55
3.48989,4.69937,379.049
2.92302,4.50008,217.145
4.5537,2.86116,929.909
4.17963,4.35611,691.336
4.28839,3.50709,753.767
4.19541,2.90277,698.006
4.4311,6.08012,859.918
4.38156,3.79863,814.423
4.29484,4.23621,761.041
5.04578,4.5949,1350.42
4.60816,3.47023,971.795
3.19546,4.43092,284.084
3.23401,3.98997,294.234
3.80015,4.07948,499.994
3.33307,4.1533,324.505
3.21585,4.40202,289.146
3.81844,4.1037,508.785
3.78867,3.37944,492.964
4.86855,4.77141,1189.31
3.96545,4.79962,581.886
2.69952,4.20239,167.935
3.71191,4.42235,465.302
3.11902,4.30572,265.191
3.93136,4.24654,562.395
5.33812,3.37201,1648.87
4.27164,4.03478,746.657
4.99727,4.86293,1302.5
5.02662,4.36196,1329.36
3.82037,4.6996,511.438
5.12936,3.68137,1427.65
6.58886,4.20002,3591.98
3.34715,3.9846,327.628
5.02642,4.62736,1331.35
2.80164,3.66398,187.334
3.14985,4.75776,273.464
3.6714,2.87113,441.207
2.67405,4.25671,164.026
4.66892,3.74029,1018.47
4.38798,3.91794,819.564
4.48558,2.55794,879.629
3.24732,4.28795,298.35
3.61544,4.06459,423.152
2.58744,4.08639,149.543
4.44759,6.15884,870.633
5.5121,3.39744,1853.17
4.93434,3.97761,1243.84
2.97489,3.62921,222.944
2.57306,4.95255,149.688
4.99593,5.65054,1307.67
3.82498,5.0088,515.956
4.41388,4.19438,839.287
2.10076,3.13702,80.9451
5.3045,4.3946,1614.75
3.95549,4.72398,576.34
3.24334,4.70816,299.627
4.6977,3.64413,1040.58
3.31179,4.82384,321.374
5.96162,5.04206,2479.31
2.17643,4.01457,93.2981
3.60576,5.30121,425.571
4.43856,4.0932,853.479
5.32861,3.26019,1637.06
4.15945,0.800713,671.677
2.83017,4.44158,194.443
3.0483,4.78589,245.951
3.61658,3.68852,422.552
5.35978,4.24546,1677.41
4.64643,5.49652,1012.06
2.1669,4.78719,96.1819
2.84828,4.86897,201.419
2.86557,2.62829,194.972
3.08471,4.4575,255.272
3.41645,4.03149,351.661
4.22687,4.3277,721.528
3.84446,4.65322,521.435
2.86314,4.84748,205.776
4.51083,4.22187,904.328
4.9072,4.25088,1219.96
3.69137,5.82255,462.715
4.09699,4.61231,647.346
2.35442,3.30366,110.084
3.64247,2.31562,427.251
2.80837,4.76047,190.92
3.73921,2.57803,466.582
5.5549,4.25035,1908.83
4.95058,5.04214,1263.37
2.69685,3.24054,164.445
6.22156,4.52869,2902.28
2.89422,3.24514,203.064
3.28379,3.54055,307.156
4.50804,4.43852,903.361
2.3907,3.61315,117.21
4.07415,3.98737,633.097
3.39324,3.92763,341.663
3.7999,5.86724,507.339
4.01078,5.08807,606.988
5.46329,4.9813,1799.66
3.63192,4.20916,431.058
5.22912,5.22879,1539.69
4.09878,4.08177,645.33
5.17459,3.89749,1472.93
4.62385,4.10079,986.776
5.44446,2.83674,1770.42
3.66341,3.54475,440.232
3.69596,5.07558,459.478
3.41193,2.67283,345.481
2.57575,2.86473,142.907
4.16546,1.563,677.315
2.83542,6.77951,210.768
5.93933,5.06281,2445.77
5.25294,2.86779,1552.66
6.51842,4.9701,3453.43
4.79619,3.78349,1122.61
4.03923,1.9314,607.893
2.70445,3.40792,167.556
4.39525,2.54242,819.662
3.87403,3.42542,531.167
4.44196,3.74578,852.855
3.11867,4.48454,263.088
4.25744,4.34371,739.471
2.19235,4.61864,97.3936
4.48528,5.23737,890.647
2.39577,5.12258,125.226
4.8011,2.01487,1118.61
4.33739,3.54957,785.445
2.9593,4.8284,226.552
3.67728,2.2951,443.03
4.25884,4.91501,743.121
3.27542,3.29866,303.882
2.67557,2.40006,157.154
4.84888,4.55314,1168.98
3.95967,3.57982,571.37
1.60966,3.50321,44.4206
5.07881,2.6997,1372.73
5.0513,5.27106,1358.7
4.79063,4.41263,1120.06
3.2035,4.32945,286.438
4.40277,2.22939,822.333
3.68292,3.35123,447.446
3.62831,4.38198,429.226
3.79363,4.33743,498.887
2.61543,3.53564,149.45
4.82775,5.11097,1154.22
3.45528,3.58647,362.233
3.75433,4.4749,481.13
4.32356,2.27564,771.177
5.6281,3.77007,2002
3.43711,5.30574,363.922
2.98249,3.29623,223.62
2.24844,2.57302,96.3728
4.35813,4.73857,804.983
3.86153,5.1904,534.127
3.33572,4.31089,326.416
4.43815,4.50104,856.192
6.05119,3.34542,2612.64
4.1391,4.02372,669.918
3.6555,2.90848,434.331
3.49423,4.90595,380.848
3.80369,3.95792,501.699
4.23442,5.44313,732.368
5.20484,3.81988,1503.77
4.71605,6.62768,1071.48
3.37316,5.51859,343.217
4.22514,4.99712,725.07
4.18329,4.79197,696.558
4.68122,4.83214,1033.25
3.50133,4.26711,379.891
4.92201,2.03298,1225.98
4.07613,5.25989,639.038
5.16957,4.13384,1471.26
3.9625,3.50339,573.455
3.92902,4.98664,565.967
4.73644,3.83518,1073.83
2.90009,4.62727,211.639
4.05465,4.77502,627.478
3.99692,4.34842,593.855
3.36378,3.68004,331.001
1.6741,3.19896,44.5202
2.95336,2.97363,216.361
2.39771,2.63234,113.234
3.76642,4.15769,485.442
3.2023,4.33175,286.381
4.18416,3.82127,695.399
5.40914,2.6901,1728.63
2.56964,4.06733,146.383
3.68326,3.56896,446.86
2.55882,4.15845,144.159
2.95502,3.23443,219.184
3.17917,5.81499,287.606
2.64355,3.75452,157.565
3.38392,2.5113,334.07
3.94501,3.94362,566.597
3.04316,3.03988,236.973
2.01215,4.64208,79.0188
4.29694,3.76069,760.455
2.98861,6.80248,243.994
4.7177,3.33286,1055.33
2.29711,4.20065,108.332
4.98081,3.55134,1283.77
4.7041,2.66147,1043.82
4.29703,3.76845,761.272
4.99235,2.95887,1290.69
4.25674,3.4194,735.061
5.17323,5.3416,1479.73
3.86513,3.22074,524.335
2.35107,2.96027,108.622
3.24097,2.49013,288.916
3.55944,5.04565,406.123
2.70266,4.79201,170.835
2.30671,3.3568,105.482
5.60568,3.57092,1971.51
4.0692,1.07336,621.9
4.23149,5.05447,725.484
3.39097,4.1791,343.287
4.65115,5.16942,1012.65
3.66185,3.10502,437.162
4.58369,3.19229,953.102
2.73416,5.24906,179.715
3.32911,4.31646,324.271
4.82292,4.31272,1145.3
5.89253,5.00769,2376.43
3.35134,3.83288,328.197
5.50337,2.51543,1840.58
4.42192,4.64295,846.083
2.56113,2.62292,139.31
3.31105,4.36743,318.184
5.44631,3.33494,1772.15
5.04663,4.72218,1351.54
3.95497,4.42526,575.425
3.79103,2.9092,490.954
3.06476,3.79746,246.138
4.68257,2.43258,1024.7
4.67954,3.39496,1026.1
4.94348,6.28766,1263.18
4.12858,5.05841,668.14
4.15741,3.34491,674.422
2.68298,4.02483,165.236
4.32624,4.48203,784.295
5.08187,3.63015,1382.13
4.1825,3.36716,690.611
4.149,3.86545,672.925
5.68343,4.41517,2076.49
5.23304,3.39893,1533.63
5.86463,4.66359,2333.13
5.99269,2.02438,2517.19
5.59596,3.47946,1957.47
3.57487,4.77067,410.466
5.1562,5.0671,1459.82
3.33488,3.15999,321.124
4.95763,2.15487,1257.82
4.70146,2.57719,1039.41
3.62099,3.44331,421.367
2.36347,2.45874,108.636
2.11178,4.65347,87.7655
3.80781,3.59052,500.264
4.10063,4.84056,652.175
5.50358,4.60518,1847.81
4.81078,8.46935,1163.23
3.49992,4.43401,381.405
3.63744,2.49696,424.196
5.09172,3.0513,1386.55
3.88903,4.86805,543.49
4.85057,2.24946,1159.93
3.0739,4.32984,250.927
3.97191,2.8495,576.885
4.26021,5.12981,745.497
3.80308,5.65647,510.031
4.23476,3.13904,720.452
4.5316,2.97531,916.104
4.20494,3.96041,705.588
4.74398,2.93856,1076.29
3.00755,3.72987,231.75
3.77307,4.78904,492.223
3.31178,3.85849,318.118
4.2443,4.70061,733.691
3.62779,2.84689,422.863
4.04596,5.69902,626.872
2.96837,2.75527,220.228
2.53059,5.35611,146.676
3.61162,5.89355,429.729
4.5609,3.40539,936.422
3.01823,3.52212,233.077
3.28112,3.95145,307.329
4.74322,5.62059,1086.36
4.09506,6.03374,656.787
3.28706,5.02057,315.219
4.60964,4.48938,977.817
3.36685,3.4273,330.206
2.8048,4.30965,189.839
5.80629,4.68418,2248.73
3.57279,2.90828,401.386
3.97513,3.53759,580.839
4.65534,4.81446,1013.16
5.81176,3.61991,2250.38
5.43348,4.80832,1764.76
4.12175,3.41021,658.029
3.69758,3.51232,454.07
3.40593,3.64123,347.951
5.69055,5.70518,2093
2.95282,3.78308,220.06
2.22034,5.31845,103.952
3.61862,5.23916,429.854
2.82016,4.44712,193.752
4.38963,5.16174,826.677
3.81519,4.52174,507.523
3.05085,4.35625,245.136
3.03658,5.33018,246.187
5.42112,4.13918,1746.38
4.46505,4.06626,872.416
4.68925,4.75975,1040.05
4.59833,3.42626,961.949
5.91046,5.12107,2401.6
3.85971,3.12906,523.235
4.40799,3.92217,831.578
4.66033,3.64223,1011.88
4.40235,5.44095,836.532
4.13876,3.47465,666.488
5.227,4.27104,1530.32
4.85685,3.21402,1171.64
5.5362,4.94177,1890.5
4.42301,4.81302,847.26
3.47281,5.26143,374.942
3.93961,4.59511,570.493
4.13012,3.679,663.86
2.39782,4.04238,119.795
2.55519,3.67325,140.518
4.5938,3.92112,963.981
4.23813,4.16044,725.761
3.43949,3.58844,357.535
2.27011,3.53164,99.9494
3.94979,4.00754,572.535
3.64913,5.25526,443.953
4.39445,3.96537,824.66
4.10024,5.45059,653.467
4.90691,6.02916,1227.14
2.89018,3.60903,204.843
4.52308,1.79957,904.188
5.46287,3.57187,1794.28
2.82596,4.92755,198.212
4.05819,3.2158,620.667
4.28889,5.87107,766.525
4.17771,4.14136,692.674
4.50899,4.44076,905.001
3.48644,2.73155,370.059
5.51069,2.98524,1847.64
3.3255,4.03266,321.928
4.54645,4.67269,932.456
3.67251,3.26862,442.572
3.38187,3.7028,337.599
3.06257,2.35884,243.503
3.16875,5.55742,281.506
3.25771,1.98666,293.357
3.87498,2.6536,529.63
5.65534,4.2412,2037.95
2.43906,4.27387,127.423
5.25418,4.11901,1558.47
6.03422,4.13545,2588.14
4.88155,2.43515,1189.55
1.87567,3.49573,62.4023
3.88901,5.52573,548.357
3.71579,4.2538,463.192
4.57886,1.28876,944.612
1.77762,5.17907,63.166
4.68547,4.98624,1037.54
4.50209,3.6343,894.639
4.3813,5.51794,823.382
3.17497,3.75664,275.333
2.39537,4.51951,121.417
3.56143,5.99885,412.645
2.88873,4.04556,205.79
2.87894,4.72083,206.952
3.22527,4.69172,295.086
2.86322,4.87575,202.481
5.53721,3.71441,1882.23
4.58069,3.85626,952.933
3.75215,5.04562,485.045
3.05808,4.61745,251.075
3.37781,3.25093,335.964
3.6012,4.90733,424.17
3.833,3.6834,512.698
3.2196,3.25811,287.488
4.55485,2.94072,931.348
4.37262,2.48369,803.192
4.8219,4.23206,1143.61
3.67236,4.87934,449.078
5.79609,2.85018,2225.16
4.72115,3.41981,1058.04
4.84396,4.24817,1165.92
3.02025,3.53963,232.268
2.43462,5.21265,131.52
4.78237,2.85209,1107.61
3.73843,3.69783,470.101
1.97458,4.76508,74.3364
2.21209,2.97138,91.1533
3.80726,4.44906,503.755
3.44208,3.76199,358.347
1.742,5.24301,59.8794
3.24059,5.68481,304.063
5.24853,4.91373,1557.07
5.05668,5.12467,1363.26
1.85352,4.81295,66.9424
3.17878,0.900053,268.402
4.18533,4.39739,698.918
4.88567,4.13199,1199.8
6.20021,3.71827,2861.96
4.64139,4.4848,1003.03
3.03131,3.07986,235.181
4.93579,4.56854,1246.15
2.63634,2.95535,152.185
3.8704,3.12063,530.075
5.19916,4.20897,1503.77
3.44067,4.2896,359.791
5.05018,2.55154,1347.15
3.2828,5.54897,315.26
4.5959,5.10227,971.065
4.86244,3.79509,1179.09
2.94909,4.68427,223.276
4.72557,4.35257,1065.31
3.75843,3.39868,480.419
4.22869,2.83702,715.203
3.18178,4.78873,282.067
2.92716,5.12377,220.105
3.28122,3.22379,302.897
2.98738,3.36885,227.191
3.19298,3.50149,280.498
3.01876,2.68396,229.789
3.17578,1.61589,267.702
5.25458,4.3106,1559.93
2.84516,2.97204,193.748
3.68071,2.81248,444.242
3.40065,3.48362,343.463
4.39971,3.51205,823.057
1.66653,1.14083,40.2842
2.65445,3.31248,157.175
3.79332,4.97347,501.86
5.33974,4.63247,1656.8
3.24293,3.82541,294.941
3.9444,5.35643,575.424
4.31218,4.49522,774.894
3.91091,4.31874,551.636
4.83579,5.28869,1163.7
2.65877,6.16589,171.783
7.45968,4.11387,5738.67
3.07722,2.98942,244.962
3.69446,3.53804,452.376
3.5385,4.20875,395.887
5.30511,3.65021,1613.35
5.19845,4.48882,1501.49
2.22828,4.63994,100.643
1.84854,2.43644,56.2572
3.90315,2.98162,543.303
3.38612,3.00961,335.615
3.12868,6.34771,276.611
4.49516,3.12801,888.651
5.47251,3.17691,1802.72
4.57884,6.80806,967.798
3.12989,3.52251,261.381
4.06994,3.675,629.073
5.81256,3.12158,2250.09
4.25925,3.18971,736.091
4.32175,2.36434,771.272
2.93049,5.06342,220.806
3.55242,3.20745,394.824
6.47264,4.58441,3363.47
4.93497,4.09689,1242.52
3.97657,5.24915,591.033
3.43025,2.86729,350.927
5.39496,4.25442,1716.62
3.08379,3.85151,252.035
3.78886,5.34424,500.485
3.8648,3.26944,525.992
1.70839,2.80316,47.3051
3.7087,5.08706,466.691
2.83573,5.02912,200.527
2.58174,2.1213,140.169
5.05169,3.67226,1352.96
2.49675,4.95309,135.562
0.893652,3.90413,20.4946
4.37869,3.31841,811.543
4.72423,2.8924,1061.52
3.47003,3.99107,367.291
5.9931,4.55981,2526.97
4.11089,4.92267,656.262
5.24248,5.42318,1552.41
1.99564,3.78224,72.2027
4.72885,4.13794,1069.23
5.52046,6.2099,1876.97
3.16839,4.29049,275.653
4.08861,4.24435,642.624
4.62327,4.39732,986.789
4.43041,4.5988,850.611
3.78382,5.21744,497.608
2.72346,3.9224,171.562
4.92902,4.02502,1239.39
2.52634,3.53144,135.479
2.44122,3.68997,121.458
2.02736,4.33118,76.7417
3.62606,3.16174,423.869
3.39301,3.7751,340.982
1.37758,4.31983,37.6349
3.29194,4.2911,313.258
3.49379,2.70376,371.346
1.9816,3.97566,72.0543
2.96061,4.06713,222.251
3.91225,4.60364,553.734
3.43397,3.34049,353.995
5.23683,4.48333,1545.37
5.16995,5.38292,1478.06
4.82042,3.26701,1142.51
2.48072,5.54411,138.371
4.31321,4.78731,774.933
2.88711,4.86173,209.354
4.21256,4.56618,713.746
5.1956,3.76342,1494.64
4.25708,4.01258,738.981
4.22595,3.84841,717.413
3.53728,2.53097,387.271
3.05461,3.60815,242.976
3.36511,2.74674,327.871
3.65552,5.05289,443.334
3.07687,5.31529,258.016
3.28261,4.02853,307.598
4.92753,3.68541,1236.94
3.55328,5.37271,407.307
3.22351,5.48656,299.298
4.82965,2.63513,1145.25
2.97653,4.278,226.421
3.86995,4.95073,536.475
3.47107,1.05583,360.439
3.94506,3.48878,563.263
5.88991,4.05454,2367.79
4.93934,2.74614,1241.62
2.301,3.18767,102.644
5.4263,3.89341,1752.05
2.93891,5.3955,224.182
1.68547,4.30541,52.6622
3.23253,3.07205,290.421
2.81962,2.36659,185.802
3.25745,4.73735,304.09
3.31076,3.91799,316.452
3.75542,5.29828,487.097
4.5736,3.72648,948.881
5.14707,1.85201,1440.67
4.59467,1.5025,955.632
4.35029,5.28704,798.889
4.97598,5.19028,1285.47
4.79233,4.26263,1120.01
5.7441,3.91109,2158.69
5.17139,3.55003,1470.26
4.3813,3.42397,812.412
1.93754,2.94011,65.8174
4.12253,4.65091,664.848
2.48531,2.90635,129.315
3.02686,5.15923,242.409
3.58435,5.19454,416.736
4.5264,2.9082,911.511
5.4823,3.80212,1820.16
2.89908,3.41657,203.673
2.83905,2.72993,189.692
2.29716,2.96439,103.634
1.32619,3.51432,29.233
3.40726,4.31514,347.962
4.03432,4.31123,613.014
2.84956,3.1199,193.788
5.15117,3.7736,1449.77
3.29752,3.02672,309.634
3.99559,4.28097,594.467
3.83681,3.31134,512.609
4.14644,3.55176,672.156
5.31505,4.24114,1627.89
5.01791,2.8026,1315.4
3.32016,3.92943,320.169
6.29968,4.85231,3040.78
4.93767,5.45154,1252.4
4.05563,2.79469,619.031
3.72086,5.27305,471.633
4.37463,3.26472,807.885
4.22783,3.43916,717.233
3.28647,3.32798,304.605
3.0645,2.28193,240.456
3.00147,5.54618,241.609
4.63159,4.23988,990.609
4.64157,3.98664,999.753
4.81044,2.81159,1129.63
3.68122,2.95464,445.272
4.2439,3.13378,727.175
3.99898,4.97964,599.861
4.95905,2.70783,1260
3.44164,4.41895,360.483
3.53535,2.98324,388.97
5.12207,5.11805,1426.57
4.83777,5.66039,1167.05
3.62837,3.15664,424.641
4.92684,2.6095,1230.1
3.64387,2.70085,428.058
3.81329,3.49625,504.47
2.55152,4.55553,143.913
3.39167,3.49765,340.567
1.39571,2.76309,30.3371
5.1813,4.04746,1482.46
2.74399,3.61053,172.982
3.96868,4.06482,579.217
4.61829,2.94943,977.266
4.26489,4.79291,746.167
4.42026,2.67835,837.501
5.37412,5.93516,1700.69
3.77946,2.63533,486.643
3.4583,3.22145,361.203
3.98196,2.91857,582.631
3.55733,3.8279,398.435
5.52948,3.1207,1871.96
2.36627,4.51426,117.572
4.98867,5.49145,1300.07
4.49776,4.64534,895.146
4.63984,3.76583,996.844
4.62671,4.25886,989.804
4.36852,3.24909,804.416
4.84552,3.1426,1161.72
2.65719,1.90478,154.255
4.41424,4.64671,839.841
3.1337,4.852,269.426
5.55988,4.03793,1914.4
3.24709,2.99255,294.167
6.34095,3.87222,3110.76
4.09224,3.84002,643.375
3.13553,3.34512,262.528
3.27145,4.29252,304.406
5.23338,4.27625,1538.7
4.54494,2.27415,920.792
3.92357,3.24526,554.706
3.60969,4.43193,420.937
4.74896,5.32662,1089.77
2.36899,3.72329,115.353
4.00313,2.95277,592.974
4.7573,2.96163,1086.68
2.81779,3.54609,188.295
4.58835,5.0017,963.825
4.15668,3.88353,677.356
2.93116,5.91533,224.721
3.36363,3.61044,333.082
5.27978,3.40861,1583.29
4.6981,4.72168,1045.01
3.68939,3.40863,451.846
4.25968,3.24284,735.167
4.82653,2.90424,1141.44
3.19741,6.68517,297.994
2.08026,4.74798,86.4797
4.34472,3.85127,793.282
3.09163,3.13345,251.507
4.28719,4.78299,760.343
4.34105,2.02918,781.974
2.36429,4.78825,118.845
4.91023,5.24935,1227.22
5.3705,3.56461,1684.69
2.98657,4.1133,228.121
2.22763,2.40439,92.9924
2.40809,3.93673,122.69
3.57647,3.9126,407.818
5.46643,3.23303,1796.32
5.4577,3.96099,1789.29
2.97159,2.89491,222.246
3.84518,2.0689,511.576
4.21379,3.39108,708.278
5.18918,2.86527,1482.56
2.66096,3.66054,159.909
3.39936,4.35737,345.402
5.39055,4.58865,1713.03
4.41395,3.21562,833.708
3.44945,4.48279,366.098
3.14602,4.06497,267.729
3.63862,4.39515,433.36
4.5076,4.76994,905.135
2.61679,2.27391,146.717
4.81253,3.03354,1132.66
4.16261,6.38519,696.553
3.54863,5.34982,403.805
4.75839,2.96825,1088.35
3.6843,2.59906,444.275
4.38626,4.19919,820.381
3.95177,5.56658,577.043
4.34266,3.31553,788.823
3.27034,1.82965,297.139
3.81841,3.43607,505.729
5.18841,4.41955,1491.7
5.41724,4.0426,1741.78
4.17487,3.05688,686.114
1.56629,3.30246,40.5949
5.40281,4.01296,1724.36
2.39943,3.7839,119.075
5.05028,3.27944,1349.59
4.9749,3.52695,1275.22
4.37401,5.05505,814.419
3.95413,4.79465,577.241
3.55088,4.99257,404.598
2.67907,3.0709,160.17
5.74667,4.87882,2166.22
3.8882,4.57242,542.406
3.28859,1.81339,302.719
3.30611,3.56905,313.502
5.36002,5.0822,1680.5
3.70684,3.11676,456.391
5.68017,4.16461,2072.15
4.32189,3.12377,774.64
5.06454,3.6005,1362.93
5.53167,3.84197,1880.94
4.36369,3.9101,804.004
3.35232,4.73446,335.17
3.41952,2.29095,345.667
3.56719,3.10408,400.452
3.80187,3.9789,500.193
3.98013,3.17,581.991
3.3737,3.40016,334.536
5.70167,4.75445,2101.78
4.02246,4.1216,606.73
2.91945,3.88126,211.939
4.25054,5.40025,741.35
4.16679,3.6669,681.666
2.8556,3.54194,198.425
4.87422,4.05335,1189.42
4.44684,5.75775,868.795
3.6597,2.44636,436.317
5.16033,4.01997,1459.61
4.05791,2.89956,619.801
4.3798,3.96904,814.559
6.3044,3.99938,3044.96
2.63612,6.88846,170.334
2.40646,2.73471,115.463
6.6867,5.68554,3801.97
4.06898,5.47476,637.254
2.02143,4.76417,80.3497
6.18925,3.27386,2839.6
4.82095,4.64523,1147.66
4.56138,1.9727,931.637
5.1056,4.01278,1404.98
2.28546,4.46567,107.066
3.2918,2.74005,306.468
4.23051,5.3026,729.122
3.08389,3.45866,249.055
2.82185,6.17779,202.705
5.78865,4.25447,2221.24
4.28667,3.67718,755.068
1.9296,5.41198,76.0479
3.32217,3.63562,319.364
3.49575,4.98552,383.614
4.28528,4.06169,755.701
3.68488,4.25271,450.086
2.78981,3.78303,183.2
4.63988,4.61225,1002.86
3.74193,3.46385,470.626
5.33153,3.19724,1637.64
4.89476,2.67406,1202.39
3.44855,3.63197,361.029
5.17821,4.28181,1480.39
4.51286,3.256,901.062
4.82173,2.40597,1138.6
5.52051,3.62248,1864.12
5.37856,2.5407,1692.23
4.59257,4.49688,964.951
4.71788,3.12989,1054.83
2.87316,5.76384,214.053
2.92041,3.72844,211.706
2.96185,4.90554,225.003
4.43449,4.13885,851.81
4.26332,4.40938,742.738
2.64045,4.93802,160.381
4.2025,2.84799,700.749
4.21098,3.73331,708.349
4.89904,4.30554,1212.07
4.64802,6.33348,1018.08
5.47957,2.79909,1810.79
3.40186,4.03992,344.978
4.6403,4.19904,998.512
3.4111,4.70635,351.193
5.2104,4.23171,1513.23
5.26502,2.72981,1564.56
3.33988,4.1922,327.611
2.29514,4.609,109.668
4.39223,4.97841,826.237
4.77239,2.96457,1099.65
3.62339,3.89295,425.742
3.38755,4.23854,340.745
3.55796,2.58031,395.392
3.94224,3.07769,562.065
2.83209,5.14886,198.546
3.67377,3.29807,441.317
2.63627,5.26278,163.497
4.32424,2.98453,774.439
6.69557,4.73643,3818.08
3.27865,5.49168,314.502
4.36395,3.37455,799.411
4.3542,3.23986,794.585
2.23344,4.59522,100.475
3.65006,3.57453,434.361
6.06504,3.49868,2635.62
4.36858,4.52984,810.563
5.96364,4.99116,2480.58
4.9231,3.75639,1231.24
3.90374,4.45858,549.806
4.35894,3.89992,801.775
5.21858,5.18069,1525.84
3.82442,2.83756,507.601
2.80637,3.14496,184.849
5.62531,6.06359,2008.97
3.75027,5.02847,483.928
3.69205,3.98637,452.773
4.26061,4.23659,741.59
4.21747,2.98926,710.621
2.12067,3.86189,84.5415
3.60622,3.9666,417.124
3.77981,2.524,484.995
3.91394,5.28591,558.746
3.86471,3.24871,524.824
3.21719,2.40077,281.252
2.57434,2.99928,140.278
4.81657,2.67792,1134.73
4.41004,3.83704,832.33
4.59946,3.817,966.806
4.60244,3.19755,966.539
4.56698,4.48982,945.113
2.50418,4.8974,138.911
5.22713,4.09993,1531.52
2.78099,3.78341,183.164
4.84252,2.90234,1156.9
4.60007,2.67343,961.775
4.3889,2.57175,813.909
3.95805,2.98068,569.741
2.92674,2.60688,211.102
4.93997,2.91378,1244.18
4.21384,3.63185,710.482
4.24389,5.18016,735.436
3.48648,2.55689,367.145
4.46144,3.18805,865.389
5.11786,5.00379,1421.71
3.38284,4.59377,344.021
4.12976,5.60166,671.697
4.12397,5.29843,667.482
3.77106,1.87012,478.492
5.72253,4.71798,2130.14
2.33931,3.50289,109.873
2.53863,3.78739,135.973
4.6731,6.91978,1037.94
3.51119,4.15081,385.553
4.44597,6.70169,874.549
1.6848,3.0249,46.7222
4.56979,3.32191,941.89
2.6705,3.60895,162.113
3.15238,4.1643,271.23
4.11945,2.78987,655.567
5.36717,5.77959,1695.59
4.23879,3.52751,725.421
2.77609,5.10626,187.445
3.54424,5.55832,404.743
2.59509,3.3658,146.398
3.87625,5.5721,543.01
4.08142,4.75738,640.939
4.09157,4.03098,643.931
4.9238,3.83128,1233.25
2.44716,3.3804,124.032
3.01941,4.55898,240.228
3.79649,3.41434,495.95
2.83412,5.57813,203.954
1.69299,3.85768,49.8554
3.50688,5.15885,387.606
1.5978,5.28756,51.119
3.6009,4.30951,419.364
4.62329,2.58437,979.949
5.53293,4.895,1885.34
3.84893,5.2203,528.467
4.62253,3.80421,984.197
5.13233,3.83499,1431.26
7.17681,4.43848,4957.11
2.17202,3.96932,91.746
4.69356,3.20062,1035.69
