3
5.51057,2.97447,413.251
5.57432,3.62499,616.822
4.39615,4.11749,701.347
3.11355,3.5486,343.985
3.87691,3.19865,275.446
2.29531,3.81509,433.883
4.13829,1.76473,115.559
3.50325,5.9049,2878.87
3.84687,5.1331,1601.45
4.99646,4.06217,738.23
2.933,4.22641,682.745
4.30972,3.15281,298.218
1.44483,5.12556,1519.56
3.90463,3.97575,580.667
4.81975,4.22127,816.739
4.2188,3.83671,532.036
4.35238,3.13102,296.332
4.51466,3.46333,408.852
3.73004,5.10592,1557.87
2.99217,1.0389,35.7515
5.2348,5.3734,2085.86
4.26202,5.74033,2600.89
3.44066,1.83635,72.7912
4.07902,3.58568,413.119
5.41575,2.59394,333.666
2.19679,2.98155,158.792
3.93219,4.47756,920.44
4.36782,4.54109,1010.19
3.45261,4.37096,807.444
3.85529,3.69131,441.075
4.26377,4.70792,1154.06
4.34325,3.15834,302.556
4.14889,3.3454,336.838
4.3019,2.87099,237.599
2.1048,4.14434,610.396
1.51754,5.03063,1398.97
3.93888,3.1987,278.035
3.04154,3.45878,309.518
4.04128,3.80912,505.527
3.84717,5.01647,1452.65
4.40576,4.67514,1134.34
4.54792,3.34548,374.611
2.98328,4.27675,720.063
3.24015,3.78634,447.761
4.75266,5.51044,2241.03
5.59188,1.31959,290.275
3.8853,5.08059,1535.66
5.77783,3.75422,710.815
4.0827,5.13721,1623.85
3.6974,5.31936,1850.09
5.35845,5.62916,2529.58
3.74945,4.45065,885.223
3.53121,3.41022,317.025
5.87787,4.46656,1168.76
3.41976,4.31358,765.306
2.52245,4.0175,542.889
2.28218,4.67502,1027.66
4.42067,4.79128,1248.74
3.91404,4.85751,1277.44
4.49207,4.17854,749.779
4.73895,5.39151,2048.3
4.39511,4.28689,813.83
3.00508,5.85541,2755.84
3.86274,2.4471,140.731
3.28417,5.01181,1416.92
2.77031,4.43887,832.645
2.46942,3.10213,191.071
4.28277,1.20521,115.24
4.41405,4.39707,897.363
4.69294,5.91084,2986.98
3.7854,3.6415,414.577
4.1828,3.78367,506.108
2.96444,4.7776,1145.27
5.18549,3.46796,495.28
3.5132,4.61927,1016.43
3.44814,3.44465,322.973
3.84995,3.15776,261.396
4.04629,4.56053,998.272
4.1421,2.73847,199.462
5.64951,4.69732,1327.59
2.37459,4.02248,542.547
3.62805,3.11242,237.13
4.30471,6.03752,3226.83
4.19325,5.2169,1739.36
4.22033,2.34696,159.295
3.41886,4.5168,921.229
4.51738,2.99524,282.207
4.00763,4.29755,787.616
4.61245,3.40808,399.785
3.9054,2.52675,153.199
3.60341,3.25542,273.522
2.92265,5.0155,1407.5
5.42538,6.92697,5975.73
4.31173,3.25732,325.239
3.84581,3.61187,407.056
3.42477,5.34481,1871.18
3.5324,3.93226,536.255
3.04972,7.28074,7172.17
2.29722,1.79799,35.8169
2.74727,5.07369,1474.46
5.53683,2.62359,358.786
4.8191,3.3235,399.19
3.65753,3.56349,375.168
4.47679,2.48094,197.547
4.32214,4.2605,787.155
4.13402,3.20315,294.532
4.44904,3.3607,369.273
4.21571,4.07665,661.188
2.92506,3.40274,288.266
5.21572,3.03028,377.279
5.45492,4.2073,898.862
5.96902,4.19344,992.158
5.7949,4.15176,926.16
2.95621,4.10946,611.029
3.46108,3.28503,273.921
3.72412,3.37054,314.713
3.61242,5.13651,1590.28
3.76063,4.67447,1081.4
4.22568,3.70233,474.658
5.33835,5.83379,2916.58
3.67579,3.506,356.16
3.86608,4.70796,1121.8
3.71314,3.09327,238.766
4.07481,4.25372,763.868
3.64157,3.78888,471.015
6.05726,3.43141,643.879
4.70603,3.33754,389.781
5.22887,4.71068,1269.88
3.39316,3.01476,202.725
3.76917,4.76939,1177.37
5.01804,4.94008,1480.62
3.87551,4.28002,769.798
3.52859,3.85884,495.216
4.61964,4.39465,915.963
4.38851,1.79183,138.046
4.72077,5.3626,2002.3
2.41121,4.45629,838.841
4.0107,5.30254,1845.59
2.82906,3.95948,520.683
2.31421,6.00535,3056.26
4.62681,1.8826,165.105
3.29868,4.32779,769.748
3.16474,2.93086,177.161
4.25112,4.26539,787.223
4.46698,4.11399,707.449
3.98838,4.47049,918.017
4.70816,5.52677,2262.74
2.31966,2.54072,91.153
5.28324,5.51169,2314.43
3.868,4.64311,1059.05
3.04945,3.79334,443.459
3.37547,4.71484,1099.93
4.09019,2.50415,164.886
6.15585,2.44456,463.482
4.92228,2.60308,262.266
2.9556,6.72844,5059.33
5.25396,3.27379,443.465
4.31287,6.45094,4285.86
2.7145,4.23219,678.987
4.3653,4.57197,1035.53
3.77223,3.28911,293.406
4.53337,3.98035,636.771
3.52616,2.59124,138.891
6.12398,3.96187,887.526
5.14986,4.74579,1292.18
3.87941,2.32897,131.968
2.97935,4.85316,1223.87
3.94044,4.72828,1146.96
3.14907,1.40004,47.7088
3.74949,2.59921,152.84
3.85886,4.04724,617.734
3.78061,4.60316,1017.68
4.30099,3.52944,412.49
3.69953,5.14395,1604.25
4.27463,4.67362,1119.94
4.27011,3.10692,283.845
4.64972,4.66196,1147.75
4.65556,3.47129,425.811
4.2924,3.1101,285.379
4.38386,3.92215,592.711
3.6019,3.33294,296.184
2.98179,2.58354,112.55
2.28314,3.28023,232.892
4.62987,3.22826,349.592
4.08592,2.6665,185.426
2.14117,4.09881,584.727
4.14932,5.01789,1479.46
4.98956,2.87162,313.233
4.00556,2.82191,203.868
4.54081,2.56173,212.065
6.36232,4.03489,987.688
4.6797,3.77702,548.135
4.06704,5.82896,2757.38
3.00766,5.0454,1447.05
4.8561,4.64943,1158.24
2.18883,3.35067,255.022
3.47324,4.06108,600.346
3.09787,4.43728,843.846
5.06979,2.81031,313.88
3.74377,4.04046,606.504
4.01398,2.52625,160.796
3.61131,4.16715,674.874
2.2108,2.39149,73.6497
3.99503,5.97164,3052.85
4.22263,3.11506,280.625
4.61395,4.3384,874.256
4.97063,4.25155,855.51
4.13194,1.7525,115.161
5.01556,3.41959,454.109
3.65137,3.73075,443.386
2.78927,4.14295,623.793
4.69714,4.24702,817.815
5.6055,3.77395,683.83
2.24723,3.39547,266.73
6.36331,3.82777,878.929
5.23545,4.62993,1194.9
5.28762,4.19018,860.413
3.00899,5.72071,2488.76
4.44147,2.98551,270.776
3.53327,4.24915,723.31
5.00974,3.30546,418.253
2.85912,3.73427,410.993
4.07727,3.76032,486.01
3.43797,3.26486,267.251
2.82638,2.58123,106.441
1.86604,4.30725,717.164
3.63005,4.41259,849.954
3.16814,3.4403,308.168
3.74714,2.9022,200.79
5.17305,3.66994,569.564
5.30884,5.30958,2002.14
3.36459,5.21143,1677.53
4.39474,3.61,450.833
4.51317,5.28793,1868.45
4.5987,3.82583,564.793
3.67273,4.43649,870.324
4.56791,2.37996,194.511
4.576,5.89518,2942.01
4.18885,4.45556,921.939
1.77657,5.53234,2126.43
5.40914,3.57582,568.538
3.27655,2.41352,104.906
3.95202,1.94628,108.447
4.06393,3.48541,374.43
5.8357,4.12766,919.173
4.77924,4.76031,1256.06
3.12951,3.59068,361.919
4.14581,4.10711,674.268
1.51187,4.68384,1026.59
3.76289,3.44866,340.628
4.79844,4.23265,819.719
3.15642,2.84121,159.026
5.23584,3.21971,429.092
4.60014,3.55838,450.205
4.49214,6.7211,5134.2
4.72751,4.02567,683.656
4.05144,4.14963,693.928
2.74825,3.22416,228.247
5.07062,4.97027,1525.48
3.79343,4.00177,586.365
3.97876,1.81367,105.641
4.68236,4.88776,1378.71
3.43699,4.93034,1331.45
4.33814,3.36199,359.139
5.73552,3.30343,537.411
4.57557,4.37693,897.196
2.91854,5.54325,2167.89
2.48506,5.33093,1816.77
3.42023,4.18482,676.257
4.09985,4.05742,640.776
3.97363,4.2049,723.104
5.05351,4.49345,1047.65
3.27787,4.81286,1194.57
3.77998,3.12752,249.947
3.13956,3.49939,327.038
4.0844,3.70902,462.696
2.62075,3.23317,228.652
3.30049,3.73995,430.285
4.84207,3.58339,488.71
4.25893,4.18945,738.443
4.70008,5.16718,1721.83
3.6379,4.84774,1248.48
3.26968,4.64578,1030.14
4.46389,4.05505,674.718
2.72486,4.37534,784.474
2.27309,4.04042,552.204
4.56584,2.39835,196.773
3.37101,4.03732,584.203
4.97123,3.33318,420.662
1.95637,3.00498,159.992
4.18796,3.99714,614.64
2.30797,4.6059,965.769
4.66601,4.40237,927.23
2.48958,3.7899,426.057
3.2646,3.86187,483.568
4.88383,5.79506,2772.96
4.72818,3.98211,659.771
3.68903,5.00462,1430.53
4.53852,3.45004,405.611
3.43558,3.93609,530.94
5.01051,3.25618,403.059
4.30773,3.38779,363.368
3.87322,2.89576,207.014
4.98013,6.09723,3439.54
2.79339,5.09969,1507.98
4.44848,3.90724,589.245
2.00061,5.00251,1370.83
4.4553,4.07703,684.528
3.66727,3.44949,336.155
4.0784,4.09001,656.962
4.57706,4.63505,1113.73
2.49638,5.23795,1685.52
4.61409,5.83128,2813.82
4.1235,5.1965,1704.61
4.11816,4.43441,899.907
4.0949,4.75642,1185.09
3.70693,3.37978,315.793
5.55341,6.30704,4054.66
3.70122,5.13886,1598.77
3.25706,2.58977,125.556
4.29193,3.31531,341.019
3.32418,4.37434,804.29
3.65823,3.05231,225.996
3.17825,4.12046,623.441
4.17726,3.56903,415.09
4.56041,3.55791,446.825
4.60322,2.076,177.038
3.54333,3.67784,415.37
4.37493,6.15837,3516.86
3.02182,2.84289,152.56
5.22957,3.5082,515.785
4.04408,1.91836,114.734
4.8616,4.29866,875.149
3.4553,3.22487,256.053
3.66079,4.83659,1238.68
3.50023,4.55858,963.625
3.78226,2.63323,159.905
3.1618,4.42734,837.354
4.20272,3.31684,331.709
5.6241,4.14332,888.708
3.1594,4.28832,734.013
3.88351,3.00964,230.124
3.75233,6.43076,4186.24
2.40631,3.26217,229.881
3.21392,5.26527,1747.62
3.50716,4.30686,764.462
2.5085,3.45073,291.446
3.32512,1.42769,56.3153
3.475,3.59821,377.286
5.37954,1.48532,255.622
5.37289,3.28168,465.425
3.62244,2.57179,141.555
3.08678,2.61715,122.223
2.54235,4.03103,552.851
4.39974,5.28485,1853.35
4.57532,3.73679,521.85
4.48244,3.86399,572.118
3.17175,4.96637,1358.86
2.21693,4.82042,1171.59
5.75255,5.64736,2633.26
4.52178,3.19492,329.205
3.5499,3.694,423.279
4.107,4.07323,651.581
4.25064,3.12386,284.738
1.84655,3.46194,285.31
2.07841,3.0692,176.762
4.09632,3.3878,345.521
2.30203,4.45848,835.562
5.18698,3.98312,720.507
3.84189,5.22945,1730.45
3.439,4.94408,1343.5
5.72697,5.28731,2045.95
3.27462,1.63699,57.5648
4.3567,5.54343,2256.38
4.45057,3.90137,586.168
4.70891,3.37813,402.136
3.20269,4.14167,637.315
5.30556,2.36702,290.687
5.52598,2.54034,345.282
2.8325,4.81653,1183.03
5.38142,2.20159,288.335
4.31592,2.07066,145.835
3.47561,4.7312,1120.67
4.18611,6.18911,3575.78
2.79716,4.00713,544.737
4.34246,5.21925,1755.41
3.69199,4.30302,771.545
4.6618,3.66196,499.616
4.05729,5.33924,1903.74
3.49817,4.91102,1310.88
3.20741,3.86714,485.399
3.53781,2.75671,162.726
3.86396,4.31081,788.945
5.75113,1.8063,332.217
4.60853,5.20182,1758.68
3.91859,2.91728,216.392
4.24233,4.98753,1450.84
3.70214,3.03865,224.102
3.84472,2.98895,224.061
4.44377,2.55165,201.692
4.44284,4.53085,1007.51
3.48618,5.34355,1872.47
4.53528,2.87623,259.872
3.87549,4.96526,1393.55
5.10771,3.81001,620.964
1.86451,3.01041,160.622
6.07387,4.88093,1604.56
3.46429,5.4971,2112.98
3.47132,2.58211,134.225
4.86629,4.25404,843.997
4.08862,4.54426,987.612
3.90412,2.11718,115.688
4.71524,4.22907,808.717
3.23974,3.32148,275.422
4.22314,3.40441,361.327
4.72619,4.22666,807.641
1.56419,3.17564,195.568
5.10939,3.57148,521.202
6.65068,4.2032,1169.78
4.91298,1.35067,185.908
4.13089,4.88568,1324.7
5.4023,3.25404,463.103
2.86335,4.44926,846.044
4.40863,6.31178,3910.43
5.51309,5.10813,1761.4
3.23297,3.53754,346.424
4.19741,4.92116,1370.39
4.31297,3.3428,350.348
4.39436,4.86174,1322.88
4.98523,5.50529,2260.33
3.22737,3.86246,482.895
4.64829,5.54475,2286.46
2.31157,4.17668,635.728
4.10677,3.28736,316.493
3.17759,3.02034,193.569
4.32295,3.57077,430.003
3.38279,4.85638,1246.79
4.41263,4.17113,737.791
3.34399,3.92251,517.181
4.79325,2.64807,250.846
4.12572,3.1925,290.588
2.0102,3.97069,506.281
5.13935,5.54336,2348.38
3.91704,5.27684,1801.27
4.71222,3.69301,517.279
4.0141,4.57348,1008.65
3.67586,2.90242,195.897
5.31033,3.39943,490.657
3.81442,3.31951,305.64
5.04874,3.60847,526.013
4.34969,3.14019,296.121
4.86814,4.79203,1301.57
4.16299,3.63089,437.294
5.59929,3.57233,601.216
3.88992,4.12656,667.597
3.40997,3.61046,380.219
5.66496,3.24913,506.836
4.43671,2.75132,229.209
6.34562,5.97558,3424.9
2.99876,4.18794,659.367
4.24126,4.35459,848.316
3.75145,3.60835,398.906
5.33163,4.45106,1056.42
2.86937,3.64077,370.879
4.44516,3.71138,497.274
5.60604,3.46037,560.741
4.84371,3.45174,441.127
2.80746,4.97501,1356.1
4.0307,3.74679,476.822
4.3258,4.53994,1004.59
3.11313,4.31539,751.837
3.53663,2.88959,185.288
2.23964,5.71343,2455.05
2.75582,3.66447,379.154
3.82382,1.95333,99.4315
5.54375,3.91153,740.858
3.9048,4.09465,649.164
4.29094,5.515,2200.64
3.83011,4.62057,1037.87
4.18417,5.06897,1542.66
4.41693,3.95045,608.495
4.92243,3.72099,554.648
4.12139,3.88751,547.964
4.9386,3.07479,347.453
3.22429,4.37475,798.506
3.83529,4.85404,1267.6
1.92566,3.37304,257.189
4.30383,6.44178,4258.27
4.04489,2.88341,216.596
3.93449,2.46455,150.132
3.69417,5.61311,2323.06
3.17318,3.97165,538.445
5.09541,3.15551,388.174
-0.0034557,2.09929,37.1463
4.63482,3.88545,598.255
5.24334,2.74841,330.403
3.14059,4.99528,1392.49
4.82792,5.11203,1664.4
4.24307,4.31241,818.195
4.27007,3.42858,372.908
3.86798,5.23026,1732.73
5.54572,4.3543,1018.86
4.47975,1.6239,141.973
3.22176,2.69826,138.404
2.65328,4.9585,1332.69
3.91883,5.39914,1982.94
3.48018,2.89253,182.598
2.66619,5.73982,2514.03
1.718,4.68567,1029.67
4.85639,2.63615,256.841
3.98595,3.8919,543.313
1.78029,3.28187,226.721
5.36449,3.78558,650.042
2.60969,5.41413,1948.45
2.32321,2.30721,65.5508
3.10663,6.18884,3511.76
4.174,3.15404,285.666
4.31477,4.97184,1438.36
5.30442,4.87464,1450.68
5.26119,4.43292,1029.23
4.30439,2.71155,209.675
3.38143,3.8508,485.417
3.83044,4.16741,689.754
5.15678,3.50737,504.238
3.14712,4.16754,654.989
2.48349,2.91291,151.185
3.57251,2.45001,124.751
2.34022,4.7607,1111.14
4.57403,5.57514,2330.89
2.75444,2.61276,108.546
3.4727,3.89824,511.966
5.74366,2.48409,381.206
3.27177,5.09415,1519.82
3.21344,2.96163,183.748
4.56975,3.70916,508.316
3.97244,2.94809,223.653
5.05696,4.32048,914.585
4.78874,4.28387,854.608
3.34867,3.31166,276.58
2.65618,4.6903,1049.55
6.76827,3.03701,729.099
4.82458,4.81052,1314.21
5.44704,3.20391,456.8
5.32364,4.56894,1155.16
3.54654,2.79773,168.613
3.33041,6.28364,3763.89
1.98388,2.53479,83.2068
3.72253,3.33239,303.118
3.70113,3.36488,310.52
4.33864,4.13019,706.496
4.21146,4.14552,704.324
2.88061,3.31272,258.512
5.68449,2.77024,406.847
4.00513,4.3157,800.486
2.5496,4.53587,908.05
4.38395,4.75926,1213.51
3.33817,4.8087,1191.27
3.68863,4.28197,756.818
3.4486,5.10028,1534.64
3.2274,5.13327,1567.95
4.99957,4.41225,977.113
3.02626,4.17473,653.214
4.42455,5.24871,1803.23
2.74424,3.89725,485.298
2.24763,2.46525,79.8886
5.95197,4.24265,1018.68
3.50923,3.54081,359.594
5.36859,4.62344,1209.17
4.51364,5.53645,2256.98
3.85538,4.9034,1321.33
7.57164,4.28541,1553.8
6.49853,2.10424,524.703
3.74938,2.73355,170.166
3.59055,5.45362,2049.82
4.39028,2.86953,245.253
5.45226,3.70259,625.994
4.00029,2.64841,176.153
3.26767,5.76354,2581.39
3.76615,4.15148,674.838
2.88228,2.65731,121.206
4.23074,5.01979,1488.45
5.01041,3.49161,475.297
4.02026,2.57531,167.087
4.14404,4.1492,700.53
4.11484,5.40452,2010.11
3.06671,5.34408,1855.31
4.69452,5.72298,2612.03
3.41334,3.719,425.943
4.95004,5.077,1635.62
2.95151,5.4736,2052.32
3.98308,3.51172,379.042
4.64266,4.17477,763.56
3.904,3.32389,312.017
4.90721,2.73701,278.111
4.36458,5.1788,1701.32
1.56709,5.08587,1470.38
3.60507,4.10961,639.159
4.05311,3.69642,456.552
3.85616,4.34872,814.544
6.08661,3.77095,784.802
5.4502,3.35981,500.609
3.34827,4.33634,776.688
3.82318,1.79762,95.355
3.93908,2.46463,147.288
2.44043,4.49411,869.644
2.53793,2.01492,47.8477
2.80215,4.21042,668.006
2.51595,3.67766,375.883
3.50768,4.76731,1159.61
3.39068,4.12611,637.889
5.64162,4.5464,1189.93
4.73173,3.7413,540.853
3.09839,4.53656,923.902
4.58442,4.50343,999.403
3.84533,3.13112,255.533
3.9005,2.73787,180.774
2.67954,2.98048,168.409
2.37337,2.31968,67.5517
5.61885,3.23663,496.246
2.37661,4.85713,1212.35
4.14793,3.03397,255.11
4.28248,2.58598,189.138
3.9966,2.32382,141.003
3.85375,1.65586,90.0931
4.35192,4.04319,653.547
3.83675,3.33952,311.841
3.25342,3.63513,385.375
4.68594,3.76728,546.2
4.68206,3.71866,525.93
4.88252,4.6569,1169.15
4.25122,3.15633,293.654
1.69764,4.3146,720.774
2.35397,3.98858,524.194
3.39528,3.90649,513.31
4.12018,3.25064,308.837
3.57352,2.73122,160.89
3.03993,3.57066,350.344
4.87481,1.23277,180.372
4.75011,5.03406,1559.46
5.44451,4.54162,1149.32
4.605,4.95982,1452.78
4.32259,4.48502,958.6
5.44881,6.18874,3732.12
5.07782,5.4021,2106.92
3.47551,5.90417,2876.99
2.88264,6.08326,3249.85
3.25331,3.90938,508.541
2.38608,4.72437,1078.15
4.6097,4.32087,859.611
5.18625,2.87262,340.785
3.61344,4.10116,633.164
3.82243,2.93703,213.03
3.0385,4.47849,874.141
2.87056,3.39221,281.143
3.48534,4.15259,659.909
5.02465,3.96944,690.27
5.62336,4.54339,1183.86
3.90636,5.09888,1561.32
5.1652,3.04494,373.696
4.95853,2.83207,302.674
5.68243,4.34396,1036.25
5.56776,4.39377,1051.62
4.76427,3.60432,489.905
4.07961,4.03994,628.267
4.49876,2.80421,242.968
5.17074,4.82698,1379.68
4.98938,4.04723,728.163
1.14575,1.58883,15.6657
4.3273,5.09726,1591.66
3.16475,4.55818,948.685
3.75502,5.56663,2246.37
2.74348,3.60815,355.078
5.9904,4.71114,1408.95
4.80085,2.37748,220.974
3.6055,2.39854,121.002
3.31095,2.62973,131.649
4.20545,4.86924,1311.98
3.79505,3.23038,280.214
4.23285,4.32018,823.611
4.96392,3.90128,645.936
4.71225,3.66429,504.893
3.64624,2.84377,184.535
4.49506,3.95385,619.224
5.46901,5.40163,2168.06
3.36881,4.71575,1100.6
4.5823,3.00218,291.628
1.15398,4.61343,958.708
2.41688,4.79649,1148.32
3.36713,3.38885,301.217
3.99979,4.22152,736.295
4.98081,4.32885,913.334
4.28328,4.43843,918.288
4.02775,4.61424,1044.67
5.90961,2.69451,441.133
2.857,5.13978,1562.63
2.1365,5.14551,1553.21
3.69396,4.41123,853.163
3.10998,4.92388,1306.99
4.32808,2.64825,202.161
2.93988,4.18655,656.842
3.69473,3.36755,311.283
3.08115,4.57351,956.745
3.7547,3.94039,550.428
4.38143,4.45569,939.626
3.44843,2.4357,116.788
3.88477,1.79024,97.8422
4.42055,1.77154,141.972
3.82013,3.72384,451.979
4.74987,2.70508,255
3.32158,4.85797,1243.44
5.2321,4.48232,1065.82
3.43728,4.22259,701.6
3.66482,3.51768,361
1.02938,4.5837,932.347
5.23228,4.14031,820.228
6.59285,3.74554,902.869
3.64153,4.30707,772.062
3.89756,4.87522,1294.62
5.40339,3.374,498.752
5.01321,2.7651,298.734
4.42852,2.80139,236.586
4.73243,2.87424,279.269
3.1788,2.69862,135
4.75031,4.11524,738.736
4.27347,2.38417,166.492
3.55596,3.45779,333.108
4.46888,3.07381,293.161
3.7901,4.59087,1006.31
4.97031,3.60509,513.268
4.82937,3.71331,540.951
3.0328,4.34124,767.591
4.28043,3.88064,560.756
2.79368,2.95786,169.368
4.17808,3.28126,320.851
2.90282,5.13387,1554.97
1.97797,2.31938,62.8779
4.73234,4.47003,988.805
2.50212,4.96073,1332.62
5.64662,3.59188,616.968
2.58811,3.16742,209.169
3.94668,5.13269,1606.8
2.86826,2.35736,84.6659
4.72184,4.91191,1411.72
2.90056,2.94684,169.742
4.76915,3.6615,511.795
4.75781,4.89395,1398.15
3.59795,4.4152,849.135
3.24124,4.51125,909.253
3.93278,4.89509,1318.95
4.21014,4.68339,1124.23
3.5387,3.89415,514.523
4.17377,4.31483,814.468
3.90609,3.4554,352.293
3.71179,3.80515,480.319
3.60299,3.25575,273.402
4.11572,3.69639,461.815
4.50302,4.35474,874.109
4.33682,2.90638,246.808
4.11453,2.95135,235.607
3.62607,4.5349,947.708
4.77579,3.29722,384.403
4.6725,3.8287,573.927
3.4914,3.62211,388.091
5.38324,2.9533,388.347
5.42569,4.71775,1307.61
4.16472,7.1158,6547.4
4.62583,2.1232,179.235
2.04762,5.92798,2884.46
3.7501,3.50786,361.107
4.1323,4.19124,725.934
5.47304,5.17302,1838.17
4.97621,4.0895,751.786
3.06853,3.66045,384.697
6.51614,3.97481,994.383
5.14595,4.50195,1068.97
4.51451,6.21398,3670.78
2.33829,3.77418,416.164
3.90823,3.92867,553.467
4.11728,3.53739,398.339
3.76308,5.22127,1713.23
4.49725,5.28349,1861.26
4.74098,2.46089,221.827
2.15576,3.98991,520.794
5.02398,4.93283,1473.39
2.7663,3.56917,341.32
3.67248,3.51701,360.679
3.94468,3.37655,329.33
2.67345,4.70589,1065.37
4.37765,2.68004,211.906
4.47373,5.04165,1537.77
4.76985,4.72863,1224.75
4.00932,4.07423,643.619
3.99427,2.98709,232.391
5.04341,4.19419,828.244
5.07304,3.50606,490.681
3.26009,3.345,281.39
5.36684,3.59667,568.903
4.31698,3.78301,517.505
3.80033,5.03771,1476.33
3.78699,4.91635,1333.38
4.4685,4.91103,1382.04
5.32018,4.385,1002
4.47455,4.35388,868.335
3.27348,4.86271,1246.13
5.3361,4.42291,1033.73
4.15097,3.55276,406.655
4.30384,4.57585,1034.01
3.752,4.07261,626.596
3.2423,4.33462,771.197
4.09546,3.46157,370.96
3.10064,3.9271,512.444
3.64026,3.68014,421.448
3.63461,4.09299,630.793
4.16978,4.34684,837.932
4.88532,3.98645,679.231
2.79949,4.07697,585.561
2.73601,3.78744,429.319
3.32854,4.63968,1026.18
4.10321,4.28178,785.091
5.79122,4.15508,928.358
2.62778,5.17898,1607.15
3.36552,5.06941,1490.55
3.5787,5.41413,1986.24
3.40612,2.87989,176.849
4.10923,3.9069,559.052
3.86795,4.65708,1073.1
3.68644,3.47909,346.356
3.37294,3.33442,282.847
5.69122,3.56418,613.249
2.71284,3.83189,450.356
2.94886,4.41332,820.851
5.23383,3.65459,572.019
3.5853,4.73747,1133.18
5.75795,5.20065,1929.87
3.92114,3.40559,338.573
4.84958,3.33321,406.617
4.89713,4.08306,740.237
4.57531,2.96252,282.244
2.77657,4.34289,760.094
4.59379,4.56232,1050.85
5.56282,4.25317,949.689
5.57226,4.98173,1616.76
4.23083,5.09005,1574.34
4.05918,5.81452,2729.79
2.8243,3.79455,436.085
3.07868,5.14372,1575.13
2.88112,3.46174,303.53
5.29815,4.31678,950.064
1.97216,5.14116,1544.39
5.33023,4.88364,1465.05
3.95341,3.97942,586.166
4.43028,4.25,791.897
4.32747,4.56641,1028.77
3.35744,3.46662,327.739
5.21124,4.80586,1363.02
3.63019,6.14358,3426.35
2.63581,4.0013,537.139
5.17431,4.27725,900.506
2.68091,4.89989,1267.38
4.01204,3.40669,346.321
4.28652,3.36448,356.18
4.34562,3.2504,326.483
3.99878,1.67978,100.651
3.83981,6.18028,3529.76
4.68119,3.45587,423.919
4.01434,3.93585,568.117
2.62305,5.56499,2196.14
3.33495,5.05103,1468.9
4.14266,3.51755,392.776
3.30907,3.85669,485.015
2.79657,4.89106,1257.05
2.81693,4.6507,1017.9
3.22223,3.621,375.928
4.53202,3.03184,288.85
3.7334,4.2482,736.24
3.2332,3.98494,546.788
3.8722,3.02916,233.011
4.45636,5.12367,1639.51
5.32344,3.94747,722.709
3.51673,4.30652,765.42
5.7685,4.85567,1512.04
5.10595,4.86287,1408.06
4.60911,2.75997,247.963
3.82762,4.24707,740.218
4.19599,4.21318,744.852
5.7639,2.69344,412.422
4.29858,2.40679,170.228
2.10738,3.3707,258.656
3.98457,5.5367,2210.33
3.89264,5.70172,2497.29
3.77327,4.15613,677.107
4.01122,2.70393,183.73
4.73953,4.52873,1038.28
5.04148,3.65732,545.049
3.92667,5.01674,1461.02
3.48205,3.95419,543.483
5.81718,3.08937,496.084
3.43557,3.707,422.177
5.48021,3.06914,428.16
3.40834,1.73482,67.5958
4.99145,5.61941,2457.47
3.78516,3.99722,582.968
4.34917,3.38957,367.609
3.23996,4.5662,957.306
4.0754,3.31999,323.068
2.48192,4.18946,647.135
4.335,3.78494,518.217
5.63237,5.53011,2404.89
3.24945,2.80842,155.91
4.91064,3.38336,426.171
2.39225,2.19432,58.5733
3.62078,5.82431,2718.61
4.13291,4.46823,927.647
4.8995,4.46437,1004.26
3.46348,2.31956,107.147
3.69859,5.65282,2394.91
3.68902,3.8169,487.167
3.63745,3.52348,359.116
4.94676,4.05434,728.323
3.48923,4.02931,584.499
3.58127,3.11813,234.949
3.67238,3.62,397.604
5.30387,2.21902,277.297
3.40796,3.4639,326.117
6.33694,2.64741,535.703
3.74504,4.34209,804.423
4.22223,3.65754,453.41
5.5393,5.73063,2747.28
4.51501,2.69374,227.823
4.75709,2.65818,248.175
2.6574,3.80197,436.023
5.559,2.38959,335.125
4.0365,4.5249,968.217
5.43368,3.39819,510.72
4.95255,4.92893,1458.25
4.19365,3.65715,451.956
4.88382,5.18366,1764.91
5.00879,5.56206,2359.86
4.94189,4.57066,1101.34
4.41894,2.97275,265.481
4.10856,5.00953,1466.33
2.83907,3.02553,182.274
3.47922,3.09765,225.532
4.38068,3.17318,309.254
4.35336,3.14793,299.922
5.51028,3.43628,534.945
3.23053,4.50169,899.614
3.92229,2.01763,110.26
2.65552,3.04913,183.473
4.02702,5.8482,2793.97
3.77598,2.59961,153.291
5.959,6.46592,4574.68
2.31884,2.98153,160.724
6.229,3.38589,670.707
5.68615,3.177,492.398
3.39992,3.87947,497.463
3.58768,3.63728,401.537
3.44606,2.91762,186.45
3.94141,4.51567,954.932
3.72133,1.96423,94.3391
2.86714,3.03162,185.47
2.9131,5.40432,1942.34
3.72277,4.48873,916.265
4.7869,4.40628,944.107
4.33598,5.76299,2650.68
5.27492,3.41885,490.123
4.1864,3.86808,545.905
4.16772,1.98825,128.912
2.70004,4.24855,690.784
4.9869,4.81771,1342.34
3.98322,3.42207,347.67
5.13717,5.85131,2921.7
4.61139,5.555,2298.49
3.93846,4.12837,671.962
4.09965,4.37392,851.823
4.94403,4.07453,738.021
4.94004,5.10874,1676.23
5.02967,2.67835,284.58
6.26119,3.34026,664.448
5.93436,1.98961,381.554
3.12759,2.86782,162.283
4.43475,3.01294,275.718
4.55738,4.43641,943.288
3.99516,4.71638,1139.24
5.39961,4.07236,804.135
4.01295,4.71293,1136.61
4.73742,2.51251,228.237
3.79995,3.21194,273.582
5.99826,4.51034,1231.45
2.91584,3.47789,312.173
5.45689,2.76497,366.084
3.87055,2.97551,222.326
2.92227,2.96248,173.285
4.22238,3.58298,424.691
4.17171,5.22741,1752.54
3.45513,2.1623,91.5694
2.55636,5.26052,1717.86
2.80693,4.35366,768.738
4.09521,4.37008,847.585
3.19509,3.54743,343.278
