3
4.0845,5.67847,143.915
3.22876,3.89736,62.0879
3.4535,3.97958,72.2108
3.51874,4.27159,80.1867
3.94122,4.237,104.965
4.95369,3.53308,194.837
4.42415,4.18523,145.241
4.35042,4.01207,135.486
2.91888,3.11602,43.4604
3.68382,4.1314,87.5189
3.00449,4.84776,66.798
5.0631,3.6922,209.827
7.03043,3.65125,611.946
2.79347,4.23199,50.2689
4.19087,4.03158,122.598
4.23625,5.06888,141.04
5.08238,4.83953,228.56
4.437,3.09866,134.234
2.79365,4.13647,49.0227
3.23462,3.56803,56.4821
4.86639,4.02941,190.969
3.82405,3.66662,91.1514
4.84458,3.33219,179.479
3.30038,3.39242,58.333
4.30815,2.86536,121.94
2.94102,6.35734,97.9777
4.00311,2.50842,94.155
2.9808,5.10462,69.5609
3.81607,5.31645,113.913
3.90541,2.64068,88.7441
2.41364,4.93449,52.8278
4.12871,4.3319,121.457
3.13353,1.35102,44.2074
3.42347,5.7498,102.788
3.01725,5.20485,73.0515
4.45546,3.39293,137.882
3.36592,4.35951,73.9604
4.91983,5.23284,213.926
5.88068,2.78313,332.065
4.29453,4.93323,144.124
3.99888,3.98196,106.751
4.21063,5.99129,162.736
5.42786,4.78172,276.764
4.56849,3.11774,148.321
2.27794,2.13083,20.4281
4.27113,4.36153,134.393
4.28931,5.06868,147.325
3.03935,3.98918,56.1995
5.35657,2.54977,241.314
3.16816,2.30767,46.7766
1.58467,4.50502,32.3836
4.61125,3.83082,159.099
3.86626,3.6943,92.5813
4.17616,5.16227,139.684
4.53718,3.86036,152.199
3.47953,3.62571,70.375
6.18904,4.38181,409.473
3.30207,3.76027,61.8268
2.81175,5.53262,74.8599
2.97853,4.16162,55.8778
3.68468,4.35668,91.2493
3.55085,5.01817,94.4376
4.46511,3.58478,141.815
4.38888,5.14409,156.756
4.16796,2.86565,109.663
3.18062,4.43228,68.5772
3.42252,2.58105,59.1102
3.33115,3.78344,65.446
2.39268,3.3304,29.3823
5.16813,4.6499,236.254
4.6374,5.60725,192.374
4.67219,2.55701,154.011
5.03742,5.22116,230.864
3.64946,3.38491,78.157
5.03365,3.61048,205.912
5.0454,2.65862,200.246
3.02923,3.2487,45.9848
4.63661,2.95106,154.564
4.00467,3.5033,103.014
4.44995,5.8858,179.335
4.61425,4.47223,166.935
4.83132,5.50237,210.386
3.18395,3.67199,57.9696
4.07109,3.15282,104.239
6.36764,5.11035,459.172
4.52145,4.48167,157.945
0.556571,4.38032,25.7916
5.1309,4.49868,229.935
3.88028,5.75919,129.52
4.50591,3.38356,142.306
3.25078,4.60523,70.3405
5.65259,3.90105,300.332
4.70439,3.12648,161.156
3.89349,4.7036,110.614
3.3373,4.47539,72.6634
4.49917,4.175,150.236
3.92679,4.16344,104.042
3.83327,2.74768,84.5344
2.70466,3.34004,37.2694
3.24826,5.81527,96.5719
3.00506,5.73468,84.4541
4.47943,3.4429,141.255
5.09419,4.9054,231.135
4.18133,2.91641,109.297
2.42503,3.92951,36.3314
3.76262,2.29718,77.7275
4.06131,5.85945,143.78
3.60379,1.6721,65.3911
2.91104,5.25743,69.4131
3.29669,3.91232,64.8701
4.5897,2.35098,145.074
3.78517,4.09832,94.3051
3.35257,3.77793,66.6232
4.45159,3.30284,137.933
3.97899,3.51418,99.9013
2.58297,3.27412,33.7904
3.36628,5.36349,90.6446
4.7265,3.85897,172.229
3.78782,1.76724,76.7073
4.99424,3.11672,195.528
4.38665,4.36694,143.396
2.51572,5.82729,72.0431
3.69758,5.31479,109.496
5.61396,4.47202,300.994
4.07754,3.13281,102.94
3.94151,4.69997,112.921
3.31239,4.60497,75.0213
3.56183,5.11498,95.0788
6.28243,5.14023,443.685
3.32053,3.09424,58.2217
3.26212,5.05282,79.1091
3.35547,3.68163,65.1716
4.88083,4.71713,200.428
4.19991,3.76422,120.328
4.43439,3.169,134.806
4.20351,3.66434,120.866
3.30076,4.54793,72.5152
4.25085,3.139,118.503
6.27515,4.43545,427.278
5.06873,4.15182,215.717
3.27361,4.33197,70.489
4.04553,5.61016,138.055
4.65766,1.7404,149.832
2.80493,3.36314,39.8665
4.41666,4.69176,149.86
4.22112,4.14122,127.072
3.83868,4.76282,108.491
4.58749,5.01346,174.39
4.49544,3.23051,140.762
5.78753,4.05957,326.89
2.64823,3.38272,37.4463
4.70664,4.89876,183.986
4.31455,3.4332,127.877
3.33127,4.13133,69.7733
3.78817,4.32229,97.6432
5.29757,2.37514,232.039
4.65178,5.4435,189.968
4.07941,4.47225,122.018
4.04861,2.83329,101.424
4.91825,4.68982,203.636
4.58013,4.11435,159.643
5.19991,3.63382,228.279
3.97328,3.28266,96.1821
3.14929,4.26698,63.5896
3.13422,4.45645,63.9799
3.05421,5.57773,82.8331
4.16463,4.27702,122.497
4.47775,2.35036,133.977
4.64055,4.95949,178.721
3.17836,4.05533,62.7256
5.10726,4.16528,220.961
4.86115,4.62043,198.266
3.34742,3.85371,66.2326
4.22351,3.28133,116.573
3.3191,5.07245,81.3006
2.30922,4.43205,42.1948
3.98324,4.84361,119.442
3.39809,4.5585,77.2958
3.59226,1.77963,63.9842
4.73518,3.41311,168.79
2.86875,3.71239,43.5136
4.85688,3.4755,181.961
4.54194,4.01873,153.297
2.0029,2.46584,16.7621
2.80718,2.81369,36.5087
3.3621,4.93284,83.2893
5.01481,5.89343,241.042
2.88625,6.42946,98.4147
5.61803,2.95537,289.049
4.62299,3.63154,157.001
2.91948,4.92728,64.115
4.07595,3.88394,112.131
5.79443,3.98943,328.387
3.60208,2.16533,66.9951
2.90409,4.73216,60.4235
4.13042,4.17395,119.833
2.65412,2.30008,28.7652
4.01173,2.35617,95.6508
6.08571,2.62213,370.78
2.34163,5.21965,54.0732
2.31788,2.73786,23.6295
2.24302,4.15007,35.5686
4.89255,3.68963,188.713
2.92413,5.19069,69.8966
3.30939,3.65434,63.6599
4.63055,3.29758,154.708
1.51599,4.56662,34.1232
4.89755,3.50601,186.686
3.39931,5.98065,107.443
3.1136,4.01601,57.9098
3.42762,3.32944,65.962
3.981,2.732,94.6422
5.59969,4.12829,293.269
4.42161,4.23898,144.841
3.48375,4.04346,75.5203
6.07271,5.39315,401.209
2.89515,5.80317,81.6982
3.66643,3.67303,83.0756
3.18642,3.45153,56.9386
3.20557,6.34327,108.427
1.99755,2.56336,17.5342
3.56771,4.1924,82.3748
4.83673,5.65795,215.052
4.93854,2.36989,187.153
3.40299,3.17523,60.6854
3.2329,4.83404,76.062
5.34584,5.61725,281.676
4.99565,3.14794,198.769
3.98313,4.63391,115.137
4.18229,2.00606,106.996
3.80731,2.84821,82.5882
3.93508,2.17119,87.1018
3.17842,7.3714,141.058
3.89886,3.66731,96.8702
4.41321,4.56676,148.652
2.55791,5.16979,57.2361
2.91209,5.03801,66.4938
4.93976,4.35031,202.052
2.4408,4.96027,51.2283
4.87991,3.52608,184.857
3.90087,3.54859,95.8931
3.46192,2.89519,65.4687
4.67613,2.55071,156.934
3.98409,2.4271,92.548
2.99937,3.35604,49.3611
5.03509,4.92416,224.334
3.42339,4.37155,75.4589
3.81484,2.44423,80.1466
4.02843,4.76022,120.48
5.01297,5.78864,236.638
2.74406,3.97282,45.7909
2.37854,6.42027,85.0343
4.4538,3.99012,144.073
4.29794,2.29861,117.184
3.54001,2.88059,67.8518
4.35377,2.61106,125.829
4.59203,3.89796,157.785
2.7628,5.63892,74.4064
4.57386,3.52502,151.854
5.86709,3.25291,332.772
6.27797,4.90816,436.86
2.93909,5.02022,67.9511
4.59022,4.63799,167.086
3.73506,3.85667,88.088
4.31441,4.01166,134.881
2.98231,3.07037,44.0411
5.20821,3.84366,231.659
4.21175,4.58236,130.722
2.84497,5.54933,75.0137
4.06136,3.7694,108.192
4.11915,3.83918,115.108
5.28583,4.074,246.112
4.79241,3.29241,171.825
3.7025,2.96698,77.358
3.94072,4.19514,104.523
5.76345,2.61833,309.198
4.17556,1.97751,107.218
3.43476,5.04495,87.4178
3.77673,5.22841,111.006
5.89619,3.34405,337.011
2.94227,4.19058,51.7863
5.02025,4.18996,211.423
4.63635,5.43426,188.127
4.29472,5.28251,150.309
2.82805,2.21165,34.1471
3.01251,4.09678,56.1025
3.3551,4.07228,69.1627
4.45218,4.00815,145.113
2.61489,3.80651,37.962
3.46146,3.49977,69.2329
5.04644,2.93414,202.065
5.1035,3.77164,217.497
3.97361,3.53696,100.789
5.65247,2.91919,291.472
2.33976,5.63239,62.1767
4.10827,3.77706,111.304
2.73738,3.4252,38.9895
6.09263,5.12231,401.52
3.2633,4.91059,78.7904
3.58688,2.44912,68.0516
6.52413,2.70041,469.988
1.4973,1.55402,7.26649
3.38391,3.91548,69.6079
3.4286,4.25701,77.0007
4.03578,2.27537,95.5855
4.07402,2.11413,99.463
4.42387,4.80474,153.86
4.59556,3.78342,157.646
2.31996,5.27306,56.0231
2.53455,2.78981,29.8331
3.90235,4.45326,106.14
4.9903,5.0146,219.169
5.41526,4.66917,271.721
3.4935,2.78214,64.4247
3.08769,3.01282,47.4391
2.51995,4.47662,48.0596
5.24287,4.14672,239.848
3.95615,2.24911,91.5458
3.70697,6.07567,125.107
3.3475,3.40927,62.187
4.3847,4.49942,145.426
3.64045,3.89181,82.7853
2.59191,5.63235,67.6632
1.82909,5.53728,54.5981
3.67599,3.1393,78.2519
4.44629,3.87529,142.426
5.15118,4.90884,239.128
3.1466,2.64606,46.205
4.21784,4.06382,125.524
2.88243,3.1655,41.7499
5.83424,4.19919,337.03
3.477,4.50982,82.2956
5.25494,3.9516,240.599
4.14009,4.52846,126.523
3.15892,4.85553,74.2108
2.52155,7.40767,121.385
3.31571,3.08312,57.6871
4.82403,2.97922,175.482
3.37428,3.53888,63.8033
2.26104,4.31155,38.2424
2.09681,4.05859,32.3278
4.97745,3.33743,193.862
2.7715,4.30209,48.3885
3.68732,4.04021,88.4705
3.17255,4.24383,62.235
4.17936,2.73712,109.475
4.13772,2.44201,103.873
2.97993,4.7401,65.209
3.5201,5.03904,92.8491
5.70677,4.72841,322.443
2.79673,2.55209,34.8044
2.75737,3.87664,45.2237
4.25434,2.24199,113.891
4.84057,4.86325,199.311
2.81921,4.56864,53.9528
3.63533,3.92509,82.1824
4.57248,4.66025,166.713
3.45367,3.79696,71.0251
3.85819,4.4036,103.448
4.63938,6.45891,211.989
3.6117,3.02034,72.356
4.77388,2.72975,167.045
3.93024,4.36766,106.476
3.16202,5.58453,86.9276
3.12193,3.97595,56.0883
4.46066,2.82453,135.888
4.92189,3.02569,188.355
6.16539,3.72997,397.489
3.40739,5.45978,94.3596
4.41447,3.48106,138.357
3.45311,3.79807,71.6506
4.63611,1.98468,148.381
5.61616,5.09486,312.667
3.11829,3.3635,52.1044
3.44249,4.56245,82.915
3.91587,4.27157,102.293
2.77745,5.29716,65.9502
4.66672,3.87122,165.74
3.43643,4.0135,71.7524
6.06694,3.10416,370.427
2.88243,4.30621,52.9132
3.91719,3.04469,92.6853
3.29457,4.40787,70.8538
5.54293,2.66058,272.051
3.77039,2.58999,79.363
4.69121,4.32846,173.704
5.39083,5.85293,292.53
3.57939,4.48687,86.2989
4.28469,4.49839,135.58
3.45999,5.47495,97.5074
4.99828,3.569,198.775
3.39371,3.61776,66.3296
4.0547,2.85287,100.53
4.5942,3.07277,148.352
4.32129,3.29552,125.777
4.17553,3.06006,112.427
4.54215,2.732,141.207
4.02427,3.95183,109.171
2.48099,5.01423,55.7434
4.80637,2.40038,168.444
3.52413,5.19144,98.5447
3.85329,4.98471,113.535
4.291,3.92548,130.558
3.51195,4.0885,79.4499
3.95765,3.04794,95.0579
4.74246,4.48977,180.375
3.1614,4.10345,61.4025
3.21012,2.96351,54.6737
5.81425,3.4886,324.936
5.1879,6.41421,277.62
5.73277,4.24717,320.842
3.67959,3.79886,83.2168
4.67332,3.88933,167.086
2.94329,3.36101,45.4317
2.63684,4.18302,44.2595
4.97722,2.68295,192.993
2.80303,5.36594,69.6735
5.26608,3.51457,236.078
4.89868,3.37132,185.178
3.12457,2.5481,45.9144
1.94256,4.03946,29.6123
4.22884,3.06203,116.607
3.61524,4.67081,91.1692
3.43589,2.98537,62.334
3.2318,2.70236,51.4248
4.02752,3.82711,106.992
0.510534,4.29803,25.7474
5.93765,4.75699,363.43
4.98546,2.27866,189.214
4.36809,3.039,127.432
3.60336,4.32494,87.0461
3.40916,3.35823,64.4125
2.99338,4.3361,58.9154
4.84958,2.68264,174.136
4.23233,5.91532,160.463
4.74019,5.66237,204.965
1.62714,4.91644,38.6883
4.83902,4.42437,189.869
4.31746,2.56169,120.044
3.8285,3.9262,95.7478
3.48681,4.31105,80.7463
3.40987,2.23148,57.6733
3.06157,4.02831,55.2505
2.79402,4.98722,60.1234
3.24259,5.85944,95.8115
4.20067,2.96644,112.453
3.04637,3.57337,52.1348
3.28586,4.81815,78.2287
5.47701,3.50981,267.637
3.51086,3.06467,69.5976
6.09941,4.78638,395.068
3.10854,4.31184,61.762
4.1915,4.17367,124.654
5.44305,3.15392,260.57
4.03225,4.51533,116.418
4.14278,4.09846,117.952
3.37701,3.50359,65.4259
5.10614,4.98026,233.414
2.9174,3.88242,51.1942
2.98166,3.331,47.1349
4.65697,3.36103,159.57
2.98672,3.31254,47.0287
3.50598,2.09644,61.7556
3.63209,5.74595,113.006
3.3553,3.88473,66.1435
4.23616,4.93505,138.622
4.09898,5.70273,145.013
1.82422,3.08018,17.7815
4.70319,5.56676,199.016
3.98881,3.57655,103.451
3.60738,3.45069,76.277
4.97599,2.84846,191.604
3.97828,3.43336,100.382
4.78311,2.83958,169.413
3.25759,5.297,85.0275
3.86325,2.7476,86.6815
4.09384,2.58401,103.676
3.26156,3.66163,59.5816
4.6265,2.61561,148.359
5.18355,4.4305,234.687
3.50885,3.9852,76.3757
2.11999,4.12278,34.0851
4.8641,4.00185,187.679
4.33699,4.1963,137.535
4.61976,4.73088,169.555
3.69375,5.36204,108.975
4.5483,4.01385,154.559
3.26449,4.19465,65.7751
1.96838,4.67432,37.9056
5.43385,3.22148,257.757
4.687,3.56603,166.124
3.72411,4.70008,98.306
2.66714,4.39534,48.7918
3.88265,4.18207,103.237
5.05224,4.59884,221.06
4.5544,3.50979,149.548
3.41271,3.78935,68.6128
3.10026,4.99872,73.881
3.9099,3.42834,96.555
5.07422,5.15983,233.054
4.69233,3.77389,166.967
4.32085,4.00347,133.449
3.71921,5.04993,104.212
4.30631,4.39758,137.757
3.98697,2.95953,96.8412
3.9226,4.07103,103.319
6.1742,3.77221,398.869
4.02056,1.82972,92.2251
4.88941,5.80343,222.339
2.80528,4.29848,52.4285
2.6872,2.10756,28.1712
3.88694,2.44248,84.716
4.50981,2.74837,138.136
4.64476,4.42799,172.627
3.65691,4.16141,85.0326
3.75501,4.8267,103.359
3.28976,4.33096,71.0336
4.03718,4.92339,124.652
3.28286,5.09991,81.866
4.86968,2.44972,177.597
6.06994,3.45916,374.038
5.01388,3.47804,202.113
3.29342,3.47898,60.4539
4.28367,3.97281,130.917
4.74565,3.21169,167.421
3.80412,3.86026,92.4797
5.0222,3.30056,200.632
2.21472,3.89477,32.0001
4.05283,2.68117,98.7745
5.33064,3.51237,244.19
4.67537,4.8263,178.83
5.56438,5.13195,302.892
4.84408,4.20498,188.425
3.1991,4.20187,64.9043
4.1297,6.14259,156.693
3.55122,2.95813,70.201
3.89636,5.40934,122.419
3.34943,1.43342,52.2344
3.96978,4.71831,114.907
4.90053,4.84777,207.312
3.44993,3.88834,70.8887
2.6937,5.48517,68.4686
4.41869,3.01384,132.113
2.45428,3.00275,28.9179
4.18736,3.68165,118.496
3.26653,6.15948,105.956
4.3932,3.22714,132.702
4.34735,2.85976,124.747
5.45555,5.10414,288.052
4.81005,3.95888,182.397
4.84438,2.97236,175.122
5.12232,4.96403,237.047
3.53554,4.83274,89.9107
3.17545,4.35688,66.5198
4.75454,3.56316,168.928
4.48827,4.77094,160.093
4.42126,2.70548,131.157
5.94616,6.40956,403.946
2.9299,3.87461,50.1626
4.52394,2.95549,140.18
4.55942,2.45927,142.086
3.79527,3.46652,88.1033
3.46863,2.56337,61.3622
4.16194,4.95973,133.427
4.33823,4.79348,147.027
2.99836,5.01657,71.1814
4.64985,4.25222,169.343
5.05752,4.43305,219.261
2.81887,2.69639,34.5922
2.56031,3.42879,33.7987
4.98602,3.40308,199.128
4.81338,1.7177,168.006
3.86136,3.9099,97.155
4.63914,5.07047,180.559
3.91752,3.44358,96.2482
4.14078,5.15779,136.543
4.89688,4.5467,201.559
3.60743,6.26881,124.813
4.58062,2.88873,147.507
5.10276,5.08282,235.409
3.69945,3.60945,82.4981
4.55228,4.15318,157.67
3.43918,3.59664,68.0019
2.76301,2.06337,29.4678
4.53513,4.26144,156.531
5.37662,3.94474,257.438
4.8115,3.36003,176.31
3.05423,3.5692,51.7302
3.83685,5.48904,120.644
4.81154,4.57869,190.371
5.08171,3.89557,214.484
4.32216,4.38578,136.957
2.78318,3.85952,45.2646
5.6307,3.99307,298.604
4.52251,2.49954,140.765
3.56803,6.06548,116.565
3.94326,3.69544,98.4349
4.22538,4.10227,124.855
5.80932,3.74255,327.455
2.48365,5.30583,59.56
4.08468,3.60436,108.384
4.75707,5.64861,202.697
5.0879,4.85325,230.003
4.27349,2.42127,115.758
4.28914,3.79116,128.584
4.24653,2.50361,114.924
4.24055,4.6536,134.744
3.24443,4.99788,78.7535
3.86468,5.66866,126.412
3.49859,2.03603,61.2005
4.26106,4.60697,137.044
2.59023,1.98775,25.9479
4.50792,4.73202,161.116
3.53717,3.32759,70.7409
2.2708,5.10127,51.7392
3.88004,4.69198,107.816
4.48652,5.48836,173.109
3.06854,5.23157,73.8652
4.06417,4.54761,119.236
5.09304,3.04453,208.505
1.9164,4.41873,34.4749
4.95011,3.73732,196.155
3.22243,3.33251,54.2669
4.07936,3.69378,108.442
5.50525,2.89084,267.37
4.24889,3.91069,126.804
2.43005,3.60632,33.2928
3.23931,3.32967,55.4001
2.8755,4.74679,59.2139
4.95772,4.76818,210.978
4.5538,2.10808,141.606
2.2643,3.88437,32.7503
3.66691,4.41982,91.5498
3.996,3.6821,103.663
4.97529,4.67602,212.246
5.14708,4.02502,225.367
3.98284,2.86603,96.052
4.87153,3.38734,183.603
3.01176,5.70348,84.4441
4.89227,5.2465,211.171
4.85251,4.01942,186.775
4.48719,3.83449,145.727
3.34027,4.03617,69.4556
3.75092,3.44408,83.3665
4.871,3.31455,182.778
4.90896,4.39334,200.506
4.6701,5.15573,184.502
4.50166,5.24221,169.081
5.80357,5.01326,342.932
4.63888,4.05092,163.219
5.98256,3.84517,360.176
3.88887,3.11851,90.8185
2.67088,5.88951,77.6976
5.67668,3.78296,303.086
4.586,3.59746,152.658
4.01233,3.81538,105.902
3.17089,4.62599,69.099
4.6507,5.15206,183.068
4.37429,5.41792,160.676
5.37951,3.54137,253.037
5.02475,4.0884,210.551
3.94508,4.49492,111.007
4.04882,3.4778,105.812
4.59631,3.21705,151.006
2.71919,3.76421,43.0154
4.06736,2.24267,98.6463
2.29115,3.38768,27.1535
2.66249,3.71866,39.1326
3.82131,3.78181,93.0928
4.97715,5.60186,229.044
3.92308,6.51303,152.605
4.0652,3.18402,105.64
2.17326,2.64128,20.7285
4.56411,5.77897,186.814
4.97446,2.88674,191.624
4.45474,4.02365,144.81
3.58195,5.24077,99.97
4.84913,2.0364,171.057
4.45798,2.26415,130.97
1.58603,3.35477,18.794
2.56338,5.53059,65.122
3.63713,3.07884,74.4794
5.33726,4.16199,254.072
3.88477,4.3469,103.005
3.75868,4.44734,98.3708
4.17439,3.74917,118.514
4.73782,4.22046,177.541
3.30436,4.64952,75.4027
2.95056,2.40562,38.9497
4.63461,1.99644,147.368
2.42185,5.92613,71.6541
3.44463,5.39801,95.5222
2.32692,5.16882,53.5876
4.32891,3.32909,128.133
2.967,2.66752,39.6923
5.34289,2.87585,242.862
4.92335,3.94091,193.865
2.22227,3.65091,30.3869
2.89003,3.95831,50.6687
3.08805,4.03346,57.9621
2.15051,4.32441,34.9383
4.45571,3.96063,145.389
3.45003,4.30865,77.1852
3.88757,4.26247,104.15
5.05097,3.01873,201.803
5.8578,3.5947,334.279
3.88661,4.29087,103.561
5.52493,3.51982,274.875
4.16876,4.488,126.386
3.89315,3.06577,91.5228
4.63183,3.97461,163.708
5.37637,3.4219,252.605
4.25976,4.91229,141.11
3.71094,3.95052,88.1141
3.19771,4.07464,62.7018
2.51585,4.3763,43.0612
3.81204,1.84582,78.2885
3.96348,2.84892,94.4745
5.59541,4.05274,291.703
2.99941,4.18571,55.7033
4.45155,3.17179,135.632
2.73308,5.51317,69.833
5.25146,3.49956,232.712
3.32296,3.50698,63.0566
3.68837,2.71988,75.2616
4.63189,3.33814,156.034
5.68268,4.03404,307.037
4.28811,4.71209,139.187
4.56505,5.14378,175.322
4.02,2.58847,95.9108
4.30452,5.20358,151.669
3.24486,3.52497,59.0203
3.38259,4.34942,74.9182
2.60575,4.17892,42.6508
6.00701,4.77087,378.482
3.21915,5.20254,81.849
3.9845,3.99359,106.084
4.49315,4.7374,160.097
3.17176,3.74887,56.5767
5.64526,4.51642,307.871
4.56214,4.38877,161.985
2.60618,3.8627,40.6903
3.52631,4.90954,91.1442
3.7411,3.17909,81.2752
5.64723,2.62512,289.375
3.36852,5.55669,96.049
4.56348,4.08604,157.116
3.22633,3.40613,57.3324
4.01007,5.2834,127.448
4.01168,4.37091,112.268
5.00455,4.71433,216.175
3.31269,5.6986,95.9782
4.63856,4.85289,177.337
3.52742,3.13611,69.4013
4.04982,2.80044,100.139
3.95462,4.59779,110.023
2.77111,4.87736,57.4412
4.83186,4.12779,184.657
4.32028,4.39967,139.274
3.63773,4.89269,97.758
4.68186,6.68318,224.027
5.32268,3.39538,243.995
4.36155,3.34897,131
4.7416,5.3512,197.547
3.64519,3.91085,83.963
5.45831,2.03832,255.22
4.70526,3.36696,165.672
4.70691,1.83301,155.806
4.1527,4.45275,125.946
4.82295,3.55537,179.084
4.00831,2.19849,93.7244
3.89092,4.21491,102.669
4.78514,3.23516,171.424
3.90457,2.77141,88.2445
4.10958,1.96511,100.184
3.08362,5.63955,83.0989
4.46393,4.03219,147.078
4.71895,4.58629,179.467
3.50489,3.91541,73.3688
3.15218,4.84593,73.3436
5.3446,4.61026,261.906
4.20988,3.9248,122.624
2.89424,4.01892,50.6746
3.25785,5.48759,88.1346
2.47346,3.08404,30.7389
4.23433,4.13019,125.726
3.7777,4.02865,91.665
4.58813,2.00332,144.939
2.89787,4.24277,54.5608
1.52325,4.46989,30.3337
5.22453,4.2822,240.346
2.68447,5.50461,68.1145
3.19999,3.88977,60.3281
3.26555,3.15017,55.5038
4.83113,3.12193,176.713
2.49003,4.99869,52.9637
5.9051,4.1973,350.697
3.93913,4.69242,111.256
4.77737,3.52137,174.477
4.1621,3.57889,115.348
4.58001,3.58726,153.441
4.01217,3.39288,102.686
3.9612,4.31056,110.816
3.30902,5.23178,85.7237
2.79217,3.69103,42.5665
3.9099,4.53305,108.463
2.9546,4.52245,59.6111
1.24971,4.00325,22.4808
5.76741,5.76039,353.106
6.47995,4.12605,469.736
2.93879,3.99448,51.6306
3.78982,3.73217,89.9697
4.86129,4.96798,203.275
2.29606,3.15374,25.3272
3.36679,4.30882,73.0123
2.8577,5.01946,62.0262
4.15175,3.11609,109.344
5.52378,2.99072,271.119
2.00259,3.7925,26.0096
5.86076,3.09233,331.573
3.95055,2.31388,90.9542
4.43096,5.1149,160.576
4.38545,3.72827,136.078
4.01808,3.62793,104.004
7.01896,4.57846,620.945
3.17817,2.32188,45.7171
2.96041,4.62364,61.2008
5.68026,4.07753,306.178
4.2348,4.45321,130.803
5.03418,3.17029,201.612
3.05834,4.38924,62.0472
3.49436,3.65585,71.1474
3.12346,4.16098,61.336
4.33333,3.96206,133.2
3.24068,5.82213,94.206
6.17532,4.27064,404.569
5.42335,4.05077,263.4
2.92821,3.86853,50.9475
5.32984,4.50156,257.09
3.39968,3.56012,65.8535
4.61711,4.12117,164.113
3.23114,0.529005,44.9629
4.18149,3.79094,117.217
2.32631,3.19441,27.9077
4.04666,2.86205,100.731
4.51597,2.93796,140.98
3.37547,4.80132,79.6305
2.85404,4.06379,49.922
3.80545,1.47795,76.7843
4.24814,5.5066,150.027
3.48803,2.60445,64.0548
4.42658,3.66595,138.849
3.18453,3.21111,52.6471
3.34488,4.41025,73.3911
2.94109,4.07545,51.6918
4.04627,5.23824,130.968
3.38903,3.98579,68.1703
3.76181,3.39165,84.6709
4.04534,5.76639,142.085
5.46057,3.95371,271.71
4.04759,4.8717,125.743
4.06563,0.981021,95.6089
3.7511,5.24292,112.337
6.63716,4.61737,517.565
4.0473,2.82481,100.252
4.23691,4.93073,139.375
5.72056,2.29271,300.494
4.30521,2.73442,119.858
5.00088,2.99236,196.15
4.9271,4.2936,199.449
2.14061,2.47179,18.1764
3.33723,3.14764,61.2579
4.92262,3.43275,189.32
2.61457,4.70979,53.5301
2.27575,3.9011,33.831
5.36817,3.03333,247.038
5.32446,4.02956,250.038
4.64943,3.0163,154.902
3.67955,4.07556,89.0144
3.28972,4.50957,72.4243
3.9402,3.25121,95.4175
3.90063,5.09602,115.596
3.6369,4.59644,90.869
3.81857,4.31219,100.225
4.31767,4.3854,138.772
4.94743,2.08411,182.387
2.81344,4.45315,54.3818
5.19754,2.30603,218.084
3.57121,3.10356,69.2471
5.97551,4.24728,364.101
3.29708,2.93249,54.4826
2.08562,4.93381,42.5106
1.82607,1.155,13.2243
3.07601,4.96537,72.2595
4.32149,4.39706,138.519
3.8358,4.08421,97.3178
2.3712,4.50031,44.6341
5.77609,3.99922,323.485
3.63871,5.18501,102.973
5.90834,3.29303,341.112
4.11153,4.33366,121.817
3.70481,3.37779,81.0738
4.8633,3.74629,185.406
5.10512,5.16752,236.302
4.36813,3.40891,132.597
1.71105,2.21778,11.3531
3.63641,4.01033,83.3578
3.12389,4.06481,58.4136
4.94454,3.51309,194.359
4.52093,2.95421,141.425
4.85242,4.52847,195.631
4.40678,4.17841,143.717
3.31895,3.2088,58.5672
3.93802,5.47757,127.696
3.70243,4.01883,88.1393
4.12346,3.30137,107.306
4.71484,4.65018,184.483
4.60962,3.35793,155.601
3.63418,4.1612,86.6516
3.58307,6.00212,117.746
4.41008,6.02394,177.418
2.86346,5.92782,84.0607
3.21072,4.64517,71.1227
2.77948,3.18929,37.6034
3.20009,3.44369,55.5826
4.11646,3.53859,112.123
6.00815,5.12953,384.795
3.9159,3.04109,93.1593
3.78422,3.53206,85.7521
4.99891,4.43415,211.008
4.00584,3.01197,98.7253
3.56596,2.34993,68.2859
4.14027,3.93252,117.788
3.76082,4.14684,93.0429
5.24557,2.97272,230.336
3.24018,4.44938,68.0437
3.16459,5.34795,79.7682
5.51293,6.29483,323.66
2.81542,2.34548,34.7658
3.20597,3.88626,59.8823
1.76706,5.71502,55.8619
2.17405,5.64925,60.6402
4.85595,4.56067,195.085
2.76768,4.08368,47.5745
5.08625,2.99745,206.093
3.87148,5.15228,115.121
5.47777,5.97796,308.602
4.89301,2.39808,181.029
5.22097,5.33816,255.139
3.31203,4.2227,72.3073
3.83229,1.37378,80.0498
2.81009,4.13495,48.6098
3.91745,2.56567,88.255
6.10042,5.29673,406.966
3.38092,3.24549,61.5929
5.23419,3.35721,228.833
3.42693,4.28303,74.4908
3.19494,4.32318,65.9847
4.28139,3.53013,124.514
4.08875,3.87613,111.657
3.05189,1.98104,40.8871
3.39841,3.91124,68.5046
4.6648,4.06218,168.808
3.00888,5.42671,79.9074
3.42326,3.82444,67.6965
4.21287,2.58138,111.022
3.88006,4.05711,98.723
4.95408,1.87459,184.615
4.36759,4.57075,143.457
3.80736,1.79109,79.2296
3.64124,4.82942,96.7092
5.22221,4.94936,248.321
3.09863,4.8878,71.1429
4.61316,3.30362,153.045
4.48357,3.60987,144.084
5.18934,4.48009,237.087
5.25664,4.0185,241.602
4.57091,3.49203,151.884
4.57415,5.6649,186.24
3.43337,4.0262,71.4297
4.87912,3.10198,182.768
4.87051,5.43929,212.985
2.06598,6.15572,72.58
5.08306,6.67635,271.072
5.26059,3.28253,233.643
3.8191,2.94759,84.5613
3.13501,4.33169,62.5672
4.12851,5.52968,143.11
2.92957,6.14732,89.4772
4.0524,4.55535,118.884
2.53183,4.60777,47.9537
4.80855,5.03475,199.642
3.72704,3.84116,85.0725
4.5995,3.3639,152.417
4.18778,4.11822,125.353
1.85961,2.27717,13.8987
3.32971,2.11112,53.9212
3.74895,2.24615,78.0604
4.04008,3.60297,106.158
2.69339,3.05054,34.1612
