3
4.73384,1.78872,100.432
4.09881,4.67884,214.92
4.29122,3.26627,123.541
3.17633,4.86549,204.587
3.59101,3.03063,89.8865
4.48796,3.88505,167.135
3.51044,4.98388,226.293
4.43552,4.36594,197.762
4.27377,3.8415,155.129
3.68158,3.44676,114.022
3.2825,5.02608,225.315
3.01043,3.90832,119.992
4.37399,1.96303,91.9477
4.29834,4.55921,211.466
4.71614,4.25025,202.065
3.44648,4.55931,182.632
3.1944,5.09349,230.731
4.66484,3.57939,155.541
5.24215,5.70961,381.979
3.60354,3.13585,95.9331
6.88884,6.59465,638.479
4.62144,4.00437,179.712
3.54576,5.01923,229.095
5.78146,5.31227,360.706
3.76815,4.58611,194.382
4.24452,2.36879,92.7421
5.57525,4.53287,267.822
2.46354,5.13394,217.977
4.67394,5.46832,322.852
4.61476,4.20603,192.164
3.37057,4.84407,208.339
4.95057,4.82046,261.177
3.26665,3.87505,125.001
1.97552,4.07039,114.426
5.46401,3.07925,171.763
3.36155,4.22608,151.639
3.9995,3.82715,144.142
3.90197,4.44708,186.29
2.39446,5.62164,278.956
4.91447,4.50064,231.075
2.36916,4.18513,129.472
4.80245,3.78883,173.364
3.49109,2.82953,80.3844
2.66019,3.4919,89.8288
4.77573,3.69679,165.859
3.35083,4.82016,204.933
5.7202,3.42294,201.946
2.35945,4.49632,153.421
5.39966,3.20754,171.828
4.50253,2.7092,111.847
3.9948,4.72346,215.049
3.2893,4.61545,182.991
4.53484,4.39315,204.307
3.12441,4.00255,129.666
5.61538,5.20301,339.762
3.78913,4.67501,202.285
4.22579,4.34215,188.115
5.34835,3.22276,171.857
3.61706,5.22729,258.597
2.84815,3.94866,119.715
2.04601,2.8871,54.7594
4.4659,4.0663,178.819
4.2514,3.50169,134.554
4.60481,3.02426,127.544
2.61132,6.55374,433.861
4.50817,3.64481,153.76
3.64076,4.36332,170.909
2.42061,5.57338,272.982
3.2089,3.38469,97.3648
3.46728,2.42883,68.7835
2.21216,4.41647,144.484
2.89509,3.50232,95.7929
4.48756,4.4638,209.92
4.51975,3.65696,153.86
4.27954,3.60462,142.257
4.24382,5.87644,363.865
2.95988,3.64781,104.429
3.24896,4.80672,201.08
5.67404,5.2044,342.409
5.45775,4.82014,288.401
5.17371,4.35941,231.566
2.94645,3.66782,104.364
4.58146,2.67143,114.253
5.81334,3.11783,193.319
5.42092,3.67297,197.745
3.48356,3.26945,97.4062
4.19453,4.19299,175.863
2.99609,4.4634,162.192
2.32528,2.08647,36.0447
2.03311,3.27877,69.3823
3.65767,3.94882,139.354
3.7035,5.6855,318.103
4.98114,4.20083,210.97
2.92448,3.86261,115.337
1.77878,7.50636,630.428
3.7675,3.32629,108.671
2.47929,4.85577,188.427
3.06717,4.48893,167.279
4.13599,2.79393,101.022
4.58869,4.82026,246.835
5.38828,5.28502,335.788
4.53611,3.69469,158.761
5.63548,5.54357,383.009
4.45881,3.34868,135.034
3.0189,2.73052,66.1685
4.23976,3.61085,140.794
3.46868,5.73281,317.624
4.21334,4.89407,237.957
4.14281,5.82828,351.343
5.0354,2.36379,125.587
4.45607,4.58091,217.885
4.90404,3.39966,156.849
3.52253,4.25698,160.218
4.39532,4.84417,240.346
2.72513,4.98533,206.473
4.22525,2.81573,105.469
5.03515,5.32539,322.899
4.79799,5.65254,353.703
3.62756,2.47538,74.7499
5.06246,2.07549,120.946
4.0695,5.32343,283.53
4.59567,3.52498,150.13
3.29341,4.53145,177.02
3.07382,4.48074,166.994
5.01235,3.56156,170.009
5.46071,3.05087,170.241
4.6156,3.14927,132.458
3.93869,4.62214,203.006
3.64615,3.54739,117.658
4.0364,2.89823,101.727
2.8516,3.21617,80.1384
4.3856,3.03853,117.032
4.29873,4.64148,218.982
3.25885,3.5252,104.494
3.06612,4.14266,137.469
3.43883,3.3202,99.2922
4.85508,3.94554,183.845
5.16944,3.22187,164.282
4.74479,4.71847,242.108
4.55076,4.10143,183.183
3.97275,4.2085,170.631
3.32531,4.64412,189.345
2.86412,4.62682,175.21
3.33337,2.77163,73.8286
6.13402,3.77399,246.881
3.54602,3.54463,114.357
3.51585,4.17276,154.49
4.24545,5.88135,364.865
3.61266,4.69681,198.301
4.00754,5.04626,248.36
2.7143,2.83025,63.8507
5.74742,5.34953,362.79
4.88783,4.79505,256.394
5.30261,3.8073,198.435
4.49719,5.061,269.065
4.91941,4.64582,243.637
4.46501,4.01065,174.336
4.458,5.36782,301.637
2.9548,4.00016,125.235
4.11508,3.93805,155.886
5.83338,4.17015,253.397
5.16521,3.28103,163.954
2.8002,3.27953,82.7476
4.92544,4.72147,250.825
4.95561,3.34788,158.305
1.61561,2.74266,44.6548
3.67655,3.26273,103.019
2.82002,3.06052,74.4589
5.24283,3.84452,198.784
5.19475,2.8294,148.791
5.67002,2.89543,177.719
4.27927,2.46125,95.3246
6.76066,3.03325,253.207
5.03481,5.43298,337.177
4.58826,3.6265,154.458
5.25102,5.42272,345.924
4.92817,6.25495,450.886
2.81665,2.1134,48.2479
4.07018,3.03023,107.369
5.18128,4.59927,254.086
4.92239,2.84267,136.098
3.3676,2.74267,77.0023
2.89273,4.27746,145.031
0.690071,3.86286,91.6141
4.74924,3.54243,157.211
3.67001,4.47329,182.519
3.31185,4.89029,212.639
5.55252,4.44251,258.663
3.22345,3.469,102.517
3.91465,4.45121,185.493
3.54819,4.33611,165.887
5.6081,5.71193,404.156
3.47956,3.93033,135.55
2.98711,3.39651,91.2797
3.77194,4.50677,186.891
2.46629,5.6774,288.154
5.21442,4.57566,253.582
4.45841,3.72977,155.693
4.36282,3.35335,131.753
3.15964,6.22212,386.447
4.33189,5.05498,258.44
5.50148,2.97217,169.694
5.06396,4.18501,213.817
5.83023,4.02306,243.15
5.82537,5.34215,367.804
2.56142,3.27855,78.3269
3.33746,3.48417,104.882
4.03823,5.42556,293.472
4.38996,2.41057,99.5286
3.09142,3.62799,105.152
4.17861,2.28982,89.5886
2.8363,3.77986,108.381
2.9544,2.09507,49.0071
5.10453,4.91294,278.767
4.39592,3.88984,164.152
3.96542,4.80129,223.102
2.79197,4.1398,132.663
3.15112,4.29586,153.628
3.2605,4.09874,140.374
4.35219,3.48253,137.441
4.03268,3.40264,121.092
4.64418,4.79354,243.433
2.26498,3.8941,107.068
5.27557,4.04342,211.864
4.25071,3.06794,113.802
2.95231,3.01248,73.7067
2.16374,5.13976,214.147
5.88013,3.4308,212.939
3.60146,5.28548,263.14
3.84448,3.2391,107.258
2.19877,5.47334,255.896
3.75224,4.90621,226.578
4.91291,4.8861,268.384
3.56033,4.15932,151.484
3.78481,3.72512,131.222
2.64006,2.56954,55.7309
6.05894,4.16474,267.167
3.6328,3.16926,97.5078
4.17113,4.03126,163.013
4.07835,3.83886,148.084
2.94695,3.29434,86.2448
5.6491,3.49937,202.027
1.23658,4.70507,158.164
4.74037,2.06077,105.418
3.42494,4.13105,146.742
3.98348,4.78965,219.894
4.0795,4.41068,190.457
4.47055,2.66528,109.347
4.02286,2.906,101.616
2.48056,2.96552,63.4369
5.19771,5.777,390.347
3.61708,4.71484,199.432
4.19752,3.34483,125.579
3.99273,4.50227,194.196
4.26848,3.63256,143.036
5.35737,4.45609,249.917
4.1835,5.1595,265.732
4.46469,4.86546,246.856
3.31528,3.64415,112.678
2.25893,4.35101,139.223
4.82726,1.5212,104.045
2.52106,4.67883,173.425
2.17906,3.49016,81.648
1.64586,3.4149,70.6365
3.39647,3.57712,111.716
4.47468,2.06139,96.8081
4.03156,3.18039,110.792
5.415,5.12819,318.786
4.35388,3.11457,121.255
4.90954,4.84762,264.41
2.40274,4.50363,153.612
5.81493,5.22034,353.929
2.56271,4.23836,136.9
4.32915,4.432,201.774
3.86623,2.2009,75.6782
4.14914,3.74741,144.578
2.99096,4.09446,135.185
2.95122,5.58347,285.759
4.94022,5.68915,365.412
4.00783,3.34623,118.672
3.48909,2.62546,75.3144
2.87883,3.01909,73.6331
5.06465,5.01227,289.568
3.24715,4.42134,164.228
3.64235,3.62917,120.549
2.96997,3.30875,86.8905
2.94785,2.91439,72.289
3.58387,3.14592,95.4403
4.87147,3.14649,143.871
5.17163,2.81332,147.096
5.52171,3.29781,183.384
2.60245,4.6205,169.581
5.06156,2.5341,132.36
3.54322,4.76192,205.113
3.40364,4.78404,201.846
4.27271,3.50618,138.385
2.39944,4.30012,138.315
5.30885,3.85876,203.263
4.14847,4.63686,213.245
6.45559,3.21046,239.837
5.12143,3.83735,191.405
4.27782,3.42877,129.644
4.9452,2.26385,119.851
4.65929,4.86362,253.977
3.1872,4.76098,194.005
3.2229,3.70039,113.694
3.18457,4.80608,199.51
3.28713,5.80233,322.374
4.37406,4.63614,218.874
2.9181,4.22336,141.1
2.07865,5.34009,236.82
5.24146,2.32376,135.587
4.71885,4.25425,202.43
4.47893,3.99053,172.463
2.95893,4.73337,187.341
3.16116,5.51238,280.854
3.75436,4.83064,215.602
3.18785,1.57588,45.4317
5.90905,4.95337,326.984
2.81479,3.93489,118.865
4.41154,1.39314,82.5513
2.86303,3.92075,118.281
5.13667,3.95324,201.18
3.19648,1.29777,43.7362
5.09492,3.76822,187.386
3.44912,4.13315,149.606
5.99699,5.23509,366.584
4.01188,5.37558,285.373
4.82425,3.95451,185.79
4.52697,4.71805,235.088
4.97884,3.72047,178.069
4.57561,4.36079,203.955
4.60082,4.31876,201.643
3.68963,3.5596,118.601
4.40184,4.56978,214.603
2.83667,3.87246,115.28
4.3755,4.3517,196.623
2.27694,3.76517,99.1774
4.63672,2.86816,123.24
4.54515,5.72344,351.821
3.70059,3.04511,95.7268
5.39168,4.4737,253.441
5.81705,3.42304,207.924
4.88868,3.00734,139.304
3.52736,4.58469,187.597
4.6462,3.86122,171.303
3.79775,3.93119,144.653
6.5076,4.35863,314.617
3.32754,4.58725,181.83
3.25756,4.9777,218.057
2.71152,4.05905,125.536
5.45866,5.37191,350.004
2.83447,5.36286,253.65
3.56627,2.79216,81.5335
5.09567,4.11954,209.536
4.50484,5.04104,265.251
3.66217,5.59914,305.316
5.64791,3.61199,210.101
4.12276,4.43957,193.379
3.57615,3.44282,109.547
4.5348,3.94579,172.877
3.77511,2.72362,87.6734
4.86374,5.20149,300.733
3.20626,3.42081,98.5952
3.46909,5.12918,242.02
4.6074,4.86087,251.578
4.04315,4.16589,169.61
3.43967,2.48849,71.1177
5.24718,3.99547,208.562
2.45686,4.29668,139.091
3.69985,4.30214,168.784
5.44077,4.49698,257.856
4.01306,3.82464,144.538
2.53611,3.85031,108.477
3.4904,2.74853,78.203
2.73465,3.67396,102.315
4.85026,5.00013,277.579
4.04524,3.82831,146.347
3.65393,3.7904,131.424
3.84729,4.61683,200.292
5.00152,4.09754,204.337
4.357,4.61606,216.19
4.17571,4.35265,187.98
4.47757,4.03577,175.885
0.148986,3.31196,55.836
5.26863,3.63577,187.599
2.70815,3.56747,96.111
3.52432,5.07026,235.582
3.04168,3.51558,99.1988
3.97214,5.3115,275.398
3.7493,3.29242,107.809
2.6717,2.86008,63.8781
5.24448,2.81838,149.859
3.31489,4.61091,184.463
3.76498,4.21655,163.077
3.92638,6.22833,407.608
3.4027,4.39388,166.886
3.39692,3.26278,95.1124
4.891,3.74272,175.566
5.33539,4.56777,256.774
4.1526,3.1007,112.393
4.72931,2.24739,110.701
5.06525,2.24013,124.744
5.30431,3.58748,185.505
4.55847,3.98722,175.853
2.96262,3.51148,96.9921
4.60955,3.33451,141.778
5.02119,5.18192,305.884
3.9989,4.68269,210.125
4.98774,2.69408,132.2
5.14981,3.29586,163.877
4.70652,2.66619,120.659
4.53041,3.83953,165.118
2.22068,4.61456,162.864
3.9663,4.3581,180.57
4.99484,4.41822,227.453
4.46884,4.42975,205.909
5.61934,4.69476,286.577
2.69543,4.34801,147.141
4.91743,5.98554,407.841
5.3897,5.40608,349.669
3.86542,4.62235,200.54
5.07532,4.01364,201.602
3.77336,3.35846,111.837
5.05923,1.6984,114.475
1.69444,5.08962,203.804
4.61084,3.26913,138.708
6.24669,4.6795,322.615
3.31555,3.72003,116.032
5.02822,5.00969,285.349
4.09044,2.97312,105.765
4.57404,5.84418,372.067
4.77293,3.26797,144.939
4.76429,5.26351,300.276
4.13009,3.04761,109.18
4.98448,4.65996,248.743
4.20485,4.22631,179.648
5.24782,4.20088,223.047
4.24401,3.86645,155.039
3.85344,5.33376,277.514
3.08856,3.66071,108.216
5.6846,3.21887,190.488
5.32106,4.17781,224.903
3.99737,3.10069,106.895
5.76838,5.5467,391.393
3.8012,2.80323,90.8377
4.03246,4.35141,182.31
4.24732,5.92801,371.332
5.91477,2.74163,185.939
4.65064,3.82249,170.1
4.87251,4.92062,268.964
5.59669,3.43774,194.186
6.63294,3.36347,258.728
2.97737,2.9131,73.0045
4.68876,4.22301,199.693
4.12381,5.441,299.419
3.47042,4.33504,162.094
3.75936,4.12842,156.417
3.80546,4.1284,158.469
2.8731,3.13923,79.036
4.81659,3.99537,186.73
4.11718,4.79523,224.45
4.66486,3.82581,169.837
5.16644,3.38419,167.054
4.23768,2.41552,93.7194
4.13805,3.50823,130.783
3.4138,3.45951,107.059
3.44753,2.65088,72.3235
3.89772,4.59719,200.327
3.74431,2.43141,75.7917
4.09419,4.1685,169.938
3.828,5.44277,289.405
6.07012,4.08777,263.973
4.23734,3.8835,156.79
4.21438,5.31859,286.336
3.36608,3.37012,101.293
4.46551,4.59865,220.546
4.82652,3.8529,179.215
4.27881,4.17471,177.83
4.70489,2.76968,122.806
2.91247,3.90497,119.724
3.44873,3.7121,120.738
4.27308,3.23737,123.18
3.58396,3.60439,120.192
3.71242,4.14892,157.31
5.47527,3.33298,184.891
3.56589,3.77115,126.475
3.06309,2.93812,73.3362
3.47348,3.56046,112.177
3.92317,3.99264,154.97
2.9561,4.00114,127.907
3.96387,2.26887,79.8199
3.398,6.75574,491.501
5.57309,3.89554,218.871
3.16322,2.77567,71.5113
4.16839,2.22942,86.9173
4.37245,4.1767,181.981
4.47604,5.41802,310.219
4.40631,4.2774,192.041
2.3585,4.81553,182.949
3.22731,3.35424,96.5812
4.42508,4.37704,200.308
3.5205,3.15717,95.2502
4.00794,3.46401,123.88
3.66607,3.19974,99.8014
4.51981,3.62386,151.585
4.12459,3.29662,120.38
3.06782,3.74036,112.308
4.26831,3.65789,144.532
2.80966,4.58613,169.541
4.08741,2.29919,85.4257
2.48948,4.79253,182.201
3.82449,3.90964,144.311
3.80358,4.51243,188.559
1.94341,4.17529,121.433
3.91925,3.04891,103.06
5.27344,3.83773,197.825
6.53184,4.74499,349.413
3.48133,6.09575,375.458
4.37818,3.40262,135.187
5.09785,2.51585,132.354
3.61895,5.02163,232.585
3.69215,4.14795,157.14
2.04216,5.40281,242.814
3.47492,5.13287,241.128
5.46901,4.28718,242.363
3.64487,3.80684,131.97
2.70256,4.86931,194.349
3.91358,2.65688,88.7651
5.50262,4.02645,225.236
3.26429,5.03564,223.543
2.5012,5.57817,274.887
4.68575,4.7589,244.178
3.42027,4.13081,147.083
2.76921,2.06648,45.2901
4.9468,5.85976,391.201
5.28529,4.67418,265.733
4.7361,3.67214,163.201
6.29849,5.11887,372.917
4.01821,5.27999,274.652
2.59344,3.77545,104.165
3.93762,4.05451,158.373
3.2881,5.22607,246.131
2.54351,3.75888,101.862
2.94073,4.94448,206.328
3.13017,5.79848,318.584
3.82431,3.90873,140.927
2.89829,5.47557,267.316
4.29606,3.27287,125.027
4.32972,4.33659,192.064
4.19263,4.02407,164.739
3.57863,2.23644,67.3525
3.50546,2.56689,73.9609
3.97147,3.18068,109.458
2.7428,4.39905,153.795
3.62714,3.89175,136.626
4.9126,3.82533,179.505
4.8257,3.04559,137.512
0.77264,2.9642,45.5223
5.38773,5.95754,428.831
5.03618,4.86451,271.628
3.29673,3.75371,120.732
4.65059,5.12848,281.047
4.20887,3.02951,110.758
3.99631,4.13084,165.936
2.27811,4.13211,122.464
4.63505,3.69872,161.413
6.60177,3.60056,268.705
4.96051,3.76893,179.302
5.37222,3.99972,216.161
4.60753,3.49161,149.013
2.59495,5.0537,212.299
2.68113,4.30082,143.077
3.36201,3.78548,121.64
4.55494,4.14399,187.159
3.38757,5.77172,321.084
0.176548,4.31935,121.849
2.20841,5.45255,253.308
3.57063,4.33168,168.068
4.41094,3.33044,133.239
5.42872,4.61145,266.453
4.0878,4.17168,170.006
3.85237,4.32964,175.414
2.76719,4.73225,182.907
3.03703,2.65662,66.2213
3.57064,5.64051,308.714
3.08018,3.63168,107.701
5.48643,4.24003,238.973
3.68066,3.81408,132.957
3.6773,4.50586,185.096
3.7575,4.55599,191.686
3.26637,7.23295,590.327
4.15718,5.67645,330.537
4.20564,3.95362,160.115
3.25995,4.72454,192.211
3.94862,4.65944,204.999
3.70769,4.19512,159.646
4.50586,5.08195,272.502
4.55814,2.45132,107.378
3.85859,4.14994,161.558
3.9779,4.17272,169.047
3.89405,5.0824,248.575
5.10456,4.92049,279.561
3.97351,4.56996,198.844
3.60454,6.10025,376.226
6.10179,3.798,245.139
2.65047,4.08129,125.869
2.14455,4.43727,145.387
4.33176,2.1723,92.5476
4.61728,4.38944,208.438
4.98757,4.10516,204.057
2.7848,2.07171,44.1727
4.88487,3.28278,149.878
4.79259,2.7698,127.268
3.41231,4.59122,184.449
3.70825,2.79667,86.5013
3.29742,6.44587,431.683
4.27638,6.66146,500.154
4.65599,5.35939,307.32
2.73601,4.71101,180.546
3.10546,3.09671,81.4983
4.99037,5.07614,292.057
2.87888,4.33204,148.948
2.97831,2.77764,67.311
2.83154,4.58536,169.486
2.12269,3.42721,77.8447
4.10132,2.74324,96.7568
3.91418,5.25278,269.657
3.44339,1.86921,55.2493
4.55667,4.87742,249.775
3.32853,3.56274,109.725
5.13434,3.78213,190.352
3.93238,3.93503,149.001
5.5209,5.77009,406.983
3.62573,3.6972,123.87
4.47037,3.64281,151.021
3.50687,2.62021,75.1128
2.82775,5.27895,240.943
4.45982,3.41784,139.43
4.18634,2.69205,100.765
2.35197,2.97367,59.9568
3.9668,3.08413,105.832
4.43891,3.61857,148.531
4.07033,3.79708,144.54
3.87123,3.82282,139.834
3.95897,3.45546,121.658
4.04048,3.63641,135.845
4.74003,4.65906,236.439
5.11463,3.37734,166.95
4.41813,2.97394,116.829
4.33427,4.37995,195.788
2.63574,5.38431,253.405
2.0506,4.29653,132.785
3.19706,4.14213,142.301
4.05415,3.5101,126.592
5.02502,2.98931,146.099
3.58894,4.01767,143.965
3.64939,2.85754,85.5256
3.9903,6.41556,443.007
4.69964,3.95405,179.011
4.32479,3.54235,141.047
3.39389,3.74358,120.474
3.80126,3.23076,106.282
5.17795,4.79898,269.897
4.26426,1.41953,77.8189
3.98356,3.94471,150.707
3.47794,3.47972,107.627
4.69092,4.08895,188.638
3.65696,3.68323,124.089
4.39099,3.99277,169.743
3.05548,3.03601,75.8654
4.92897,4.29254,215.25
6.08618,4.02079,261.051
3.70597,4.92902,225.885
5.45267,4.47335,255.996
4.39101,4.7379,229.739
6.56084,3.82153,279.345
2.71069,2.18546,43.8861
4.20107,2.29806,89.7146
5.1816,3.96378,203.474
3.61894,3.89674,136.908
4.24828,4.62235,215.901
2.56289,3.37776,81.3499
3.83086,3.32545,113.271
4.35472,4.50675,206.044
2.38446,4.54299,156.914
4.18548,4.57032,208.003
3.31118,4.11807,142.844
6.07657,3.73438,239.84
4.66777,4.41125,212.048
5.04649,4.74756,259.061
1.80208,5.28794,227.406
2.34985,5.04722,206.817
5.00621,3.97286,194.494
4.49632,4.52176,214.755
3.22543,3.97812,132.216
4.23552,4.67659,219.376
5.14536,4.31844,226.05
4.00706,4.35707,182.758
4.27435,4.12977,173.842
4.80063,3.62453,162.589
4.79573,5.24039,301.413
4.03394,3.29088,116.462
4.71508,3.91856,178.199
2.45513,2.86063,58.3939
4.09002,4.0629,164.501
3.30046,2.90414,80.6235
3.12101,3.91483,125.448
3.43491,3.97851,137.762
3.309,4.79906,199.866
4.48926,4.1452,183.587
4.87265,3.50761,160.873
7.12088,3.92253,330.205
6.21574,3.03273,215.737
3.29599,4.06969,138.162
4.02653,4.35142,183.489
3.74131,7.26401,608.338
3.25479,4.75597,196.121
4.95427,2.74258,134.937
2.54243,4.36065,146.997
4.8787,3.43923,155.453
3.99633,2.53225,86.8094
3.52527,3.84221,131.047
2.16031,2.30461,38.1106
3.59917,4.14113,152.864
4.20023,4.48032,197.654
3.57875,4.31105,165.458
4.99365,3.5469,167.703
2.75426,4.11781,131.925
3.31963,5.23641,249.473
2.16994,4.97288,195.873
5.00563,4.33251,220.052
5.46501,4.02004,222.557
4.55245,2.72176,113.934
3.05007,3.12797,80.9099
4.6037,3.8681,167.693
3.50421,1.74275,56.5713
5.56876,4.14624,237.716
3.52706,4.11959,150.5
5.21078,4.11796,215.898
3.35474,4.08252,141.462
3.78635,5.11326,250.311
2.45681,3.96288,115.946
5.12903,4.21173,217.55
3.57157,2.13591,66.3782
3.07209,5.10698,228.385
3.79986,5.85639,345.475
4.14365,6.18831,410.289
5.14406,3.08483,153.555
3.10799,3.92987,124.78
3.27358,3.4908,105.116
3.35153,3.38908,100.864
3.45514,3.79735,125.35
3.5582,4.3924,170.359
6.14162,1.29782,172.874
3.88829,3.92725,148.477
3.7134,5.64067,310.588
4.10281,3.24875,118.578
3.9994,5.2764,272.458
2.92774,4.2696,145.56
4.74518,3.12345,136.861
4.95475,4.65026,246.038
3.68509,5.10292,241.426
3.98111,3.04158,105.661
3.27986,4.7515,196.946
3.41028,4.206,151.967
3.75527,4.19744,161.608
3.54874,4.09995,148.348
4.78391,5.2359,300.29
4.16235,2.15835,85.7415
3.02683,2.23874,54.1616
4.10622,4.19078,172.502
3.83414,3.57028,124.461
3.68804,3.14202,100.333
2.80982,2.96708,70.0113
3.69712,2.98236,95.0237
5.47405,2.72578,160.723
3.74951,3.41319,114.287
4.04566,4.20755,171.405
3.0378,3.92064,123.724
4.83186,4.29371,210.462
3.9017,3.81182,140.503
5.82462,3.36902,204.654
1.86789,3.74114,90.8613
3.02798,3.44027,95.4081
5.51256,2.20943,148.814
2.9716,4.33799,153.913
5.99528,3.87702,245.3
2.86848,4.72317,183.499
4.14493,5.18234,267.914
1.83725,3.52971,78.2617
1.87467,4.07811,112.063
3.48672,3.74516,122.903
3.84376,2.98342,97.1988
3.52023,5.23489,254.85
3.483,4.30316,161.97
4.08578,3.69199,140.744
3.62159,2.84287,86.1111
5.80801,4.67541,294.188
4.49547,4.28762,194.828
5.81792,3.0491,190.302
3.03097,3.46088,97.5581
3.32449,2.77238,74.5152
3.07892,3.43533,97.1116
5.55449,6.75609,578.678
2.97868,3.48896,95.6245
5.93682,3.98731,247.236
4.62185,4.31012,199.401
3.24556,3.83887,125.652
5.33406,1.31363,124.655
3.39641,3.0148,85.5227
4.10574,4.68261,214.739
3.13323,1.97736,50.3569
3.24368,3.82422,123.099
3.88881,4.93909,232.355
3.86514,3.80266,138.811
3.1368,3.43177,98.5429
3.71312,3.15093,98.9263
3.3753,4.96224,219.22
4.86433,4.11169,197.644
4.17367,2.79321,102.105
3.87479,4.57355,196.34
3.85637,2.76741,91.252
5.19982,3.01407,153.845
4.43523,6.01513,394.513
5.07188,2.37073,130.842
4.4036,5.48096,314.13
4.44271,3.9243,166.914
4.60434,3.47548,146.803
3.26283,4.40595,165.601
3.76808,4.38184,179.203
4.71692,2.90335,127.016
3.03303,5.04722,221.118
3.3577,5.35695,264.196
5.01553,2.34741,125.911
4.21347,5.90541,365.929
5.04834,4.70803,254.888
3.76169,3.53566,119.422
4.72193,2.99953,132.449
4.12489,4.1207,169.135
4.9437,4.46826,231.057
3.29149,4.16313,144.302
4.48962,4.00868,173.157
3.83669,6.34614,425.409
5.01588,5.32021,322.912
4.79227,3.19473,141.389
4.05454,4.52653,199.623
3.68326,4.28158,166.8
4.15424,4.93252,239.097
4.70883,4.93292,263.349
2.95202,3.39933,91.5567
4.39013,4.72063,228.434
4.23817,5.10317,261.837
3.287,2.61001,67.7923
4.10546,3.73612,141.658
2.98181,4.17086,138.664
2.20942,4.44288,144.228
4.5388,3.72052,159.318
3.52716,3.29558,100.761
2.58872,3.59814,93.1776
3.81719,2.30871,75.8139
4.2828,5.4527,308.124
3.61066,5.82094,334.151
5.80141,4.07568,244.975
4.47585,4.15395,184.555
5.92452,1.895,167.301
2.73276,1.79483,40.4048
3.25206,5.91128,339.821
4.16961,3.72225,145.685
3.92819,3.89393,146.469
3.2052,3.20578,87.9351
4.70596,4.65241,236.587
5.66409,3.37609,194.984
4.78299,4.07216,190.306
4.71211,4.37679,211.619
5.26635,5.00842,298.062
3.83353,3.06216,100.059
3.32472,4.50275,173.623
2.69172,4.08506,127.654
2.80281,2.38891,51.9795
3.56309,5.90841,345.763
4.64308,4.48799,219.611
6.06817,2.95463,204.594
3.96046,3.45142,121.387
5.624,4.53186,270.72
2.44792,4.449,151.688
5.31639,2.94069,156.947
4.50598,4.38887,203.22
4.34387,4.60449,214.481
4.1704,3.40024,127.217
4.48485,4.63616,224.167
4.16074,4.05344,163.526
3.20337,5.16679,238.814
5.41289,2.7619,154.965
2.70294,4.11421,128.76
3.11988,4.23923,148.758
3.94883,4.87161,228.59
3.31864,3.41826,101.452
4.76099,4.06804,187.692
3.42652,5.55381,292.603
4.62234,1.98591,99.6667
2.54945,3.80572,105.454
6.25583,2.50104,200.357
3.55585,2.49404,72.0994
4.77206,3.5063,156.237
2.6469,3.03227,69.7042
5.27399,5.07767,305.805
4.06451,3.55959,132.258
4.98907,2.64929,132.719
3.85024,5.0238,240.884
6.04177,2.7784,194.742
3.58952,3.76852,130.831
4.09021,1.84652,78.2317
4.27779,2.8731,106.628
2.26683,4.20746,128.062
3.27841,3.26097,93.6898
5.43531,3.74509,202.875
5.6236,3.42621,198.097
4.81697,3.92272,184.492
2.50942,2.49378,48.8061
4.92131,1.86765,112.132
4.35026,2.47324,98.6014
3.61008,3.26111,101.034
6.06247,2.85469,197.049
3.58604,3.45788,112.12
4.36243,4.6261,217.397
2.60218,3.29005,77.9265
5.88255,3.93647,238.934
3.34647,4.99997,223.185
2.43343,3.94835,112.882
3.39406,3.59655,110.857
3.68801,3.07928,95.2045
5.13397,3.55803,175.642
3.48734,2.84738,81.6126
2.61757,2.17359,41.8746
4.79673,4.99838,274.389
3.06711,4.68144,183.827
4.41399,3.46159,137.522
3.71523,4.68452,201.129
2.90799,3.89334,119.116
4.34247,2.94987,114.21
4.0383,2.70321,93.0397
4.47842,2.96815,120.829
4.64632,4.40936,211.13
3.93736,3.09496,104.075
3.57128,3.51731,112.187
2.99044,2.9859,74.694
4.64604,3.25677,137.26
4.10045,3.59363,133.21
2.05502,3.66559,89.1417
3.13686,3.02235,79.9032
3.02479,3.53056,98.8706
3.5931,4.16069,154.609
3.81945,5.77297,333.516
4.44933,4.08961,178.88
2.96526,3.85221,116.688
3.4833,2.56526,75.0285
4.00504,3.16556,110.784
7.52366,3.40859,337.682
3.37953,4.52898,176.451
3.92338,5.42745,290.002
5.00749,4.46601,231.765
4.28784,3.30841,125.927
4.61929,4.55982,222.843
5.45755,3.14723,172.364
3.12412,3.87294,122.671
6.79377,4.24796,327.616
3.3711,3.20824,92.4042
3.30289,4.06278,139.322
3.24859,3.67741,114.499
3.66765,3.70932,127.113
5.03367,3.29728,157.873
4.81758,5.20307,296.788
3.41204,3.89759,131.352
4.38217,4.3669,198.5
2.59928,2.74562,59.4762
5.02476,4.10631,205.458
2.58182,3.23867,76.4839
4.38572,3.81626,159.873
3.07656,4.13952,138.774
2.87002,2.66396,61.2262
3.15081,2.62984,65.6836
4.24439,3.2584,121.763
5.03362,3.82847,187.824
4.0402,3.9149,150.228
3.14082,3.68407,111.02
4.35308,4.17652,181.766
3.9373,4.30751,175.325
3.34457,3.8931,127.955
2.71006,3.59258,96.0034
4.51939,4.99996,259.458
5.25389,2.96543,154.877
2.88412,2.9528,71.6176
4.26524,5.61666,327.452
4.04508,4.58498,202.937
5.3888,5.74053,394.478
4.806,3.79173,176.005
5.26905,2.17464,132.486
3.96529,3.17805,109.508
4.5691,5.40518,310.85
