3
4.46359,3.57654,112.78
6.4923,4.45449,225.709
4.66246,5.33986,304.932
3.70707,3.54179,104.546
3.81843,3.68685,116.045
4.29924,4.42354,186.773
3.62895,3.81884,124.57
2.74672,3.76975,116.006
5.14518,2.35422,58.9579
3.56457,5.55473,330.003
3.58139,4.34938,173.305
3.65337,2.32044,43.7416
4.90456,4.08858,157.319
4.0557,3.27197,86.7225
5.79707,3.41086,120.017
4.47885,5.44399,319.842
3.58084,3.33893,88.8547
3.5444,3.33903,89.5016
3.61725,3.61613,107.651
4.4113,5.21513,283.704
3.73353,2.53124,49.6503
4.0058,4.87592,233.337
5.3183,4.61279,215.775
2.52298,4.04222,140.035
2.97465,3.82406,120.988
3.58776,4.11298,150.194
3.18384,5.44298,309.77
3.27076,3.72104,116.372
4.18265,5.03696,258.016
3.57457,2.52445,49.9341
2.51704,3.70066,111.057
3.39078,4.65563,204.921
2.74233,4.46605,179.884
4.81133,4.63818,213.311
4.33593,3.73285,123.51
5.48586,5.69604,373.062
4.04277,2.17644,41.313
4.13619,3.3936,96.9861
4.49655,3.82319,132.809
4.58178,3.29003,93.7782
4.12625,3.89655,133.954
5.07152,3.11474,92.6392
2.98785,4.20951,156.031
3.81482,5.55316,331.459
3.18227,3.76434,117.712
2.53886,3.37768,87.9824
3.19098,4.3108,163.527
4.25217,3.2878,91.1784
4.26894,6.22317,457.2
5.34109,2.9187,83.791
3.35193,3.42364,94.3913
2.55877,4.09352,143.161
2.9509,4.38501,172.61
3.95089,3.92851,134.722
5.88253,4.60642,227.506
4.29061,5.54835,333.378
3.08755,3.75011,116.626
4.3066,4.99113,253.449
3.78839,3.53996,104.639
4.82809,3.07119,84.5503
4.54248,4.64505,210.218
2.04741,4.94667,234.45
3.46318,3.63789,108.874
3.8071,5.02958,254.146
4.42575,3.02603,78.7884
3.79577,2.7321,59.7157
3.71306,2.69853,58.2162
2.67616,3.41573,92.0294
3.00877,4.17659,151.049
4.99016,3.43227,109.446
4.58854,3.94664,141.584
3.03607,3.43919,91.6956
3.92783,2.9499,70.828
4.2457,5.57716,339.028
2.5354,5.45108,308.206
4.80983,4.62534,211.246
3.18491,2.87413,61.9927
4.10263,1.98701,34.1949
3.05077,3.47094,97.3774
5.41623,3.52355,121.096
5.32398,6.19527,464.586
5.05463,4.61194,214.953
4.33848,3.17286,84.8276
2.91643,1.94839,29.5042
2.74465,2.51722,46.3537
3.3572,4.70206,208.067
2.48585,4.06481,141.38
5.78831,2.72405,82.4232
5.32678,2.13208,54.9976
3.56779,4.92687,238.552
4.72518,1.79474,37.3954
4.01646,4.18476,158.314
1.64105,4.76999,214.356
5.07606,3.94043,150.234
4.37315,3.8182,129.297
4.86061,4.19707,169.826
3.75022,2.4588,48.6847
4.35291,4.03716,150.191
3.99504,3.18603,82.3853
5.02719,4.98715,259.472
4.23112,4.80187,228.275
3.63033,2.06465,35.628
3.28008,4.32086,166.612
3.79949,3.51299,101.973
4.07978,3.69739,118.403
4.13192,4.84703,230.218
4.24404,6.46363,509.02
2.74179,5.75764,361.657
3.12945,3.83473,123
4.04113,4.78584,224.601
3.90739,3.55538,107.848
4.33291,2.72062,62.4019
2.64024,4.27179,160.812
4.26914,5.37554,309.326
4.78479,5.36752,311.085
1.96721,4.66221,199.911
2.99125,3.6604,109.011
4.38624,5.71406,362.851
4.11216,3.77112,124.693
5.156,3.80782,138.59
4.62405,4.31693,178.337
2.99255,3.27276,82.7203
4.33535,4.29297,172.729
4.94474,4.16465,165.522
5.44948,3.88987,150.979
2.78428,3.9156,128.683
3.44496,2.92824,64.9573
3.1497,2.26072,38.1052
3.9228,3.57202,107.846
5.59879,5.54177,351.031
3.88873,2.97844,72.1686
4.50919,4.60606,207.488
4.62009,3.84698,134.344
4.46005,4.23233,166.287
5.35061,4.21657,178.193
5.46961,5.36526,319.876
4.65812,4.08799,155.189
4.10855,4.67213,209.651
3.37614,5.02137,247.194
3.58697,4.19227,158.082
3.35605,3.9215,132.298
5.06292,3.66921,126.18
5.34864,3.83013,142.992
3.65259,3.52966,102.936
5.48345,3.58219,125.941
2.20936,4.92926,235.436
4.20732,4.80953,226.736
3.21178,4.98702,246.111
2.91212,3.64037,107.176
4.96661,5.60543,349.595
3.63393,4.97046,243.43
4.6185,4.59448,206.723
5.16188,3.88594,145.452
3.9817,4.25458,164.155
4.83909,5.14961,279.317
5.08533,3.53702,116.559
5.53054,4.31174,190.524
3.17746,4.06164,141.98
3.8955,3.85066,127.531
3.67784,2.62168,53.9866
4.08392,3.54832,108.314
4.15001,4.78081,224.694
2.69515,5.96283,398.562
5.36222,4.61701,219.019
5.46413,2.37288,64.2142
4.09016,4.81522,226.376
3.58541,4.50587,189.175
4.78025,3.91928,143.333
3.30091,2.38332,42.858
4.0155,6.66746,553.5
3.70223,4.88915,235.908
3.17902,0.956314,15.3406
2.92206,2.89156,61.8852
3.7331,2.54976,50.1314
4.62042,4.56434,203.982
4.30915,3.42016,99.2525
2.63186,1.75285,23.247
5.29741,2.67896,72.7411
4.89488,3.95153,145.696
3.01371,3.52531,99.9805
3.50491,2.78572,61.9314
4.67843,5.35393,308.968
3.58443,3.88534,128.853
4.06773,5.5513,331.442
2.42466,3.16107,76.0825
5.04495,3.85672,140.023
3.39745,3.1554,78.1828
3.9618,3.85513,130.391
5.07493,3.9053,145.138
4.93489,3.57791,117.269
4.55305,5.53557,337.275
5.14853,4.60278,214.469
5.34049,4.3787,190.891
4.2905,2.39682,51.7235
4.63368,6.12077,440.805
3.48756,2.29832,40.3811
4.22631,3.09101,82.0371
3.38651,3.92805,130.37
5.33284,4.48874,203.555
4.57458,3.19416,87.8845
2.49085,3.36768,87.2903
4.50926,4.96291,251.594
2.02584,4.54013,187.612
2.45357,3.44014,90.8613
4.3189,2.94944,73.8414
4.64204,2.58926,59.0266
4.62695,4.83903,236.621
4.29893,4.55387,197.845
3.04794,3.66228,108.638
5.04491,3.33356,104.001
4.33005,2.94987,75.994
2.92808,4.56443,194.039
3.54178,2.82853,62.9735
4.40464,4.52294,195.31
3.14312,4.74649,212.958
4.90623,2.77113,72.246
6.95864,4.31158,223.183
3.7511,2.89343,64.9227
5.34124,3.8507,144.294
4.85371,5.24986,293.943
5.58254,4.87467,253.211
4.70854,3.68302,122.392
3.52092,4.9194,236.845
3.8487,4.06758,146.345
5.29114,3.39377,110.021
4.90667,4.78068,231.899
4.79022,3.17991,91.604
4.08996,3.44493,101.7
3.69567,3.35107,89.7535
3.50705,4.2498,162.996
1.8232,4.62094,194.735
4.4318,5.26097,289.213
2.99162,4.22239,157.306
3.477,4.79706,222.12
4.27813,4.39396,181.936
3.43872,3.14211,77.0602
3.92128,3.98682,141.694
4.5652,4.02657,149.391
5.18924,2.48819,64.8722
3.60886,4.74805,218.099
3.60495,6.05259,418.188
4.22458,3.61731,114.081
3.1786,2.73995,55.2119
4.32292,4.60443,203.551
5.15237,3.59263,123.088
4.68423,4.40779,184.996
3.29401,3.15458,79.1044
6.16068,4.15247,185.077
3.40009,4.24051,160.603
4.88694,4.6652,217.336
3.13709,3.08683,72.2702
3.96504,5.25488,287.259
3.6112,3.91234,131.177
4.30954,3.05207,79.9402
1.74231,3.47984,93.9375
3.1676,3.74054,116.231
2.74574,3.58391,103.91
2.78903,4.93826,235.771
5.48126,3.29557,106.758
3.23912,4.76899,216.066
4.9621,4.33904,182.011
4.20164,4.18481,160.118
5.74738,5.63964,369.512
6.06252,5.27821,315.235
3.82749,3.33312,91.5403
3.9332,2.368,44.9352
4.84476,3.41357,103.946
5.32876,3.52792,119.606
4.20969,4.49687,192.473
3.77659,4.33567,170.635
3.19454,4.55707,192.315
4.93186,4.54113,205.988
3.91561,2.62618,53.1086
4.41927,4.704,216.182
5.58104,3.99407,159.92
3.11199,3.1369,75.245
5.76801,4.00353,164.371
5.0035,2.89418,78.2018
4.73468,3.1042,85.6277
4.31338,4.71081,217.311
3.33952,2.74675,58.4216
3.06331,3.95686,133.048
3.43522,3.29665,86.1874
4.97777,2.80771,73.0802
3.16306,2.96498,68.1727
2.2438,2.16673,32.0218
2.35897,4.86484,228.061
3.48875,5.19303,272.379
4.99745,3.20766,94.2306
4.07873,5.18736,278.715
2.77728,3.94567,129.627
3.30617,2.29185,40.2339
4.747,3.13408,87.5563
3.47051,3.47815,97.7858
3.55507,5.80724,373.633
3.78045,4.44399,182.195
5.03383,5.43747,326.523
4.04818,5.65951,352.825
4.92773,3.90647,144.474
4.8714,3.47011,110.606
4.89567,2.9519,81.0611
3.52839,4.86778,231.059
2.92815,4.09923,145.504
3.04105,2.9983,68.4697
4.36533,5.50682,329.146
4.47622,4.42721,186.017
2.90632,1.73487,23.7089
4.25529,3.08423,79.7283
4.13995,3.32632,92.9627
3.42926,6.89624,604.222
4.61354,3.97387,146.6
5.66605,3.50486,125.449
3.16327,4.88235,230.442
0.996002,2.76218,52.4285
4.26683,3.24142,88.3978
2.99378,4.1085,145.109
4.5019,3.85863,133.341
5.65438,4.43831,203.824
3.592,4.11457,148.577
4.24636,3.75359,123.21
3.42333,2.53638,49.8169
2.41214,3.07328,69.4063
5.3858,4.68862,227.093
2.64077,6.17145,439.033
3.90517,6.16614,444.51
3.32543,4.8933,232.704
5.67696,3.16655,103.775
4.58372,3.52541,109.778
3.63835,4.02995,141.832
3.50622,2.11728,35.9471
4.05672,4.28132,168.505
5.01735,3.22669,94.6846
2.7925,3.75799,116.357
5.2566,4.18699,172.981
6.096,4.70068,242.128
3.25105,2.93689,65.3706
6.21779,4.38746,210.6
5.33822,2.95876,85.6555
3.81456,5.7701,369.171
4.66457,2.62292,63.4059
2.2506,3.3315,84.6417
4.42831,4.41123,185.123
2.75222,4.52661,187.3
5.15177,3.24759,99.6583
3.09866,3.73779,114.037
4.89341,4.0095,150.566
4.62494,4.585,205.073
5.34729,4.72439,232.478
3.47109,4.81004,223.484
6.20093,4.27069,199.088
2.8504,3.02118,67.0461
2.46431,5.45889,310.353
5.46051,3.8756,149.77
5.14367,2.90782,81.8433
2.30708,5.05244,251.774
2.80315,3.92459,128.9
4.20742,2.8316,67.1064
3.89575,2.39646,44.4888
5.26045,2.99196,87.9054
2.98384,3.8654,123.296
5.23245,4.54387,210.169
4.72658,2.96359,78.7838
4.75245,3.39123,102.946
4.61746,4.96524,251.743
5.02574,3.98536,152.539
4.18834,4.41905,182.82
3.72717,3.51258,101.383
4.88535,5.20292,287.761
4.58771,3.73346,126.642
4.6647,4.20772,166.081
4.01413,2.18767,39.7674
5.19965,2.50574,64.2744
4.02906,3.64207,112.711
3.64522,3.44175,95.158
3.25505,3.86625,126.755
5.11045,4.36588,188.702
2.61692,2.88874,61.794
2.34163,6.44406,494.761
3.14389,3.05148,71.5413
3.97669,5.18567,276.649
2.16276,4.40673,172.348
3.51443,3.96409,136.412
2.85476,4.24305,157.503
6.22574,5.86941,420.075
4.57406,2.91132,73.9981
3.51977,4.4082,178.322
2.00773,5.36882,296.268
5.49349,5.09612,281.923
3.53237,6.98547,627.927
5.99285,3.64746,140.539
6.76701,2.15665,85.4503
5.91876,4.6625,234.031
4.00185,4.88616,237.324
2.64237,4.70669,205.856
3.26586,3.96975,135.459
3.79578,3.54401,104.043
3.86424,2.58224,54.1146
3.96847,4.34101,172.761
4.83614,4.74494,225.893
3.99759,4.69104,211.327
5.11883,6.35597,496.192
5.34397,4.20842,177.085
4.31492,3.58161,110.429
3.26282,4.29884,165.131
3.0857,2.73218,58.3747
3.38759,4.5233,189.722
3.85164,3.30313,89.4403
2.36242,3.25043,80.5024
4.31011,3.06809,80.8031
4.59112,4.30601,174.66
3.77635,3.61893,109.859
2.77733,3.96597,131.703
5.33948,3.1814,97.3591
4.23183,4.16243,159.248
4.02184,4.41894,182.22
1.78568,2.87186,58.4809
4.89153,5.08259,271.702
4.274,5.29656,294.226
6.15381,1.63222,59.1704
3.34581,3.55382,102.868
3.76691,3.84217,125.435
4.87031,3.82059,134.392
5.34343,6.03287,434.601
3.51758,3.06774,71.602
5.8236,4.26936,190.308
2.85646,4.73181,210.543
5.68989,4.63789,227.904
5.13892,4.13495,167.588
5.00851,4.09038,159.424
5.85205,3.2744,111.363
3.63076,3.84777,127.451
3.20555,4.93251,237.199
3.2961,3.33542,89.37
3.29407,3.43858,94.0847
3.71199,3.21577,84.6156
3.01776,4.48693,184.613
4.36665,4.92982,244.655
4.78459,6.35802,491.13
5.02135,3.58439,119.428
3.50946,3.42928,95.2185
3.3787,5.48996,316.985
4.20586,3.57003,108.913
4.28111,2.16909,42.5251
5.23026,4.90471,253.781
6.04383,3.22349,112.897
4.82725,4.96468,253.688
4.48082,5.35528,305.8
3.75674,3.60234,109.232
3.49718,3.32504,87.2587
2.55974,4.63735,198.178
2.78176,3.62288,105.184
3.96605,4.41603,180.028
3.53341,4.59033,200.191
4.78913,4.12479,162.207
6.52068,5.63109,385.369
3.64581,4.86964,231.856
3.10646,4.59906,196.629
4.15037,4.59729,203.796
2.50696,3.15666,74.2936
4.14971,4.93957,245.505
2.99189,4.45592,180.14
5.27926,3.83417,141.977
3.52239,4.13247,150.455
5.61017,5.13565,288.873
3.06927,4.22769,157.998
4.37713,3.51118,108.707
2.2528,2.80185,57.6712
3.26369,2.97238,67.3338
3.94338,4.20663,161.627
3.64935,3.0823,75.6987
4.27853,3.35891,97.3873
4.31794,4.15961,159.322
4.64042,3.09353,83.0609
3.00279,3.18715,78.1621
5.30598,4.89979,252.174
4.15563,4.63261,207.984
5.59988,4.14635,175.626
4.25448,2.89695,71.0603
3.74745,4.60315,199.848
4.30817,4.38499,181.28
4.3785,5.42136,315.089
3.75694,4.7288,215.021
4.86787,4.45592,194.212
3.27581,3.62213,106.892
3.62898,4.89929,234.414
3.60857,0.977259,17.2116
5.27988,4.59501,214.654
3.0909,4.74389,212.186
3.90359,2.9223,69.0152
4.51948,3.30773,95.785
5.05097,4.14112,166.511
2.90789,3.49465,98.0398
3.1535,3.41079,92.6826
2.69263,2.94168,63.7724
4.69436,3.89924,139.238
3.01598,4.71058,208.091
2.461,3.84105,120.464
3.98659,3.63595,112.816
3.11773,1.62987,21.7246
3.83148,5.38711,304.994
4.92223,2.76027,70.202
2.87146,3.81741,118.592
3.66763,4.75662,218.83
1.90648,5.22418,273.063
3.32869,1.73134,23.5143
3.60181,3.43527,95.7827
3.02271,2.78593,58.2792
4.30527,3.23785,87.6243
4.99006,3.37496,105.935
3.39464,2.55941,50.9871
5.08363,2.64237,65.9238
2.43791,3.87934,124.726
6.18061,4.25139,194.758
3.96285,5.03727,255.568
6.3622,3.83214,161.814
3.90255,3.48941,103.322
5.56267,3.81048,144.146
5.75365,5.04387,279.432
5.55069,4.30636,189.03
2.88628,2.91465,63.0272
3.46031,3.87972,129.144
4.88855,6.02484,424.974
5.64648,3.39285,115.559
5.76557,4.06333,171.164
5.35022,2.93535,84.6824
3.73905,3.45251,98.7704
6.57058,3.76842,163.361
3.34156,3.12238,76.211
3.44667,3.36038,89.9479
5.88976,4.09541,177.015
3.5628,3.54276,104.43
5.22396,5.11787,281.513
3.10657,3.60114,105.33
3.42363,5.42515,308.278
4.25024,4.50325,192.811
5.51635,5.39279,324.67
5.34495,4.53504,210.265
4.15136,3.7158,121.271
3.90083,4.38969,177.795
3.44055,4.41234,176.064
3.79686,4.40481,178.486
3.44337,4.2147,157.302
5.68795,1.61588,47.0587
4.37105,5.22463,285.844
2.66244,3.23662,80.7238
4.05366,4.49541,189.935
4.34047,3.47383,103.903
6.67761,5.18034,322.164
3.46395,4.41132,177.822
5.74602,3.55268,128.117
3.6087,4.56125,192.622
4.09636,3.86201,129.693
1.86972,4.3411,165.763
5.03651,5.44345,324.801
3.57578,4.05865,145.134
4.90943,3.20888,93.7057
3.91539,3.55885,106.999
3.62304,4.55617,194.742
4.31163,6.32054,477.087
4.62821,4.04462,150.328
6.12169,2.768,92.0648
3.98521,4.31086,170.174
6.14122,3.40362,128.319
1.38505,3.38288,85.9377
3.68443,3.52714,103.462
4.63495,3.3281,97.9304
5.24956,3.92308,148.033
5.14355,2.99294,84.8608
3.42915,5.41222,305.708
2.6677,4.37344,171.842
4.62352,5.13535,275.647
4.03047,3.29544,90.2869
6.25656,4.58766,233.199
1.77067,4.3671,166.959
5.19021,3.72726,132.664
3.25183,4.99682,246.83
3.99741,3.16475,82.4266
5.34184,4.6081,218.578
3.54423,2.23882,39.2555
3.65462,4.92194,237.206
3.48174,5.37836,301.281
3.4121,3.97364,134.574
4.4465,1.85901,34.9764
2.00297,2.36875,39.5097
3.63217,4.07865,145.479
4.53525,1.74978,35.1274
3.92027,5.58661,340.865
4.06239,3.11788,78.713
4.07968,4.57852,198.715
1.12086,1.90544,25.3065
2.98449,4.38666,174.946
2.55968,5.04886,251.756
3.18782,3.33129,87.5874
6.81888,2.0584,85.8888
5.34813,3.71788,134.319
3.44711,3.82523,122.542
4.67336,4.00748,149.659
4.15125,3.43967,99.9954
3.88904,5.69164,355.065
4.62456,3.40006,101.587
4.04514,4.52359,193.789
4.78424,3.36888,102.09
5.22342,4.38463,190.557
4.25258,3.41905,97.9835
4.49187,4.99843,256.203
3.91918,3.58093,108.332
2.57998,3.6276,105.461
4.52069,5.31292,299.93
3.72322,4.95873,244.752
4.65465,4.92207,246.091
5.96812,4.22338,189.624
5.4634,4.26984,182.372
2.12272,3.73415,111.727
3.80074,5.43875,314.652
6.24624,2.81167,97.6181
5.15312,3.2207,97.2876
4.50932,3.87409,136.169
2.93273,4.87726,229.957
4.17208,5.85038,385.381
3.2619,3.15106,76.3232
4.00437,3.79566,125.292
4.18235,2.93434,70.2814
2.33837,2.98694,64.0782
6.09058,5.12877,297.979
2.63234,6.18632,441.299
3.28265,4.23719,159.187
3.59587,3.49281,100.017
2.5261,3.84986,122.835
4.15817,3.74893,121.916
4.60785,3.41467,102.95
2.30781,4.80397,217.736
3.79798,4.00609,140.162
5.0364,3.38922,106.339
4.36104,5.01527,256.365
3.66489,3.578,106.003
3.81012,4.07677,147.254
5.07705,5.82999,392.872
4.31631,3.15056,83.6048
2.14822,3.91594,126.743
3.09298,3.61158,104.52
3.55868,3.13216,76.8655
2.62558,6.26473,457.916
2.10126,5.1168,258.912
2.80179,3.83042,121.584
5.39429,3.78929,141.268
4.40793,4.15252,158.791
4.46229,3.57732,112.89
3.94364,4.92184,239.437
2.85466,4.93026,236.867
5.36062,3.51091,119.022
5.43745,5.0446,274.69
4.48534,5.31947,300.77
4.03334,4.1089,152.404
3.35947,5.69738,355.41
3.67093,3.23311,84.5935
4.24512,4.50336,193.3
3.00005,1.19815,14.822
4.22593,3.58063,110.318
3.86285,3.98252,138.458
7.50875,3.3327,165.505
5.28845,5.21647,297.064
3.76294,4.54992,196.364
3.61924,3.24136,85.503
3.89957,5.16637,272.26
2.84555,2.86445,63.1584
2.93943,4.67132,203.027
1.94746,5.04739,248.521
5.92816,3.14361,106.805
5.82027,3.77023,148.827
3.96288,5.59749,339.634
4.36025,5.9653,409.018
3.37769,4.15011,152.82
2.07759,4.96935,239.601
3.10363,4.47868,183.162
6.07458,3.81835,154.336
2.89039,5.0688,256.253
2.43928,3.83431,122.456
3.25743,4.21147,157.973
4.87466,3.71504,127.978
4.56808,5.70088,361.158
4.5708,3.49057,108.358
4.86484,4.90278,246.988
3.97187,3.03707,76.3503
4.70588,4.68556,219.133
3.8381,3.70323,115.785
3.60579,4.76677,218.193
4.96217,6.87071,613.6
3.57214,3.76132,117.443
3.44205,3.163,78.7645
4.22377,3.99431,142.418
3.24072,4.15195,153.416
3.05204,2.85831,61.5199
5.08069,5.24292,295.324
3.55103,2.79733,60.3777
4.3953,4.82173,232.091
3.33045,2.65825,53.329
5.49903,2.03865,55.7259
3.30736,2.96041,67.9942
4.58,4.22309,168.502
5.43169,3.22849,102.087
4.11192,3.96968,138.678
3.76095,2.19411,38.4475
5.12406,3.70637,131.474
2.90072,5.83192,377.199
3.55066,4.53092,191.776
2.43822,4.40544,173.197
2.90508,2.54182,47.3155
2.57927,4.11375,145.771
4.2753,3.71173,120.271
4.7777,2.08285,44.2519
3.80059,4.25928,163.714
4.76794,1.93581,42.1599
3.2793,4.15848,151.245
4.26031,4.27912,171.053
4.60242,4.53814,199.151
4.31739,4.70746,215.044
4.25049,4.54719,197.569
4.8133,4.30478,178.47
4.53038,4.86879,239.93
5.81261,3.73086,143.727
2.39833,5.96841,398.269
4.94547,3.97843,150.199
1.72202,2.45853,39.8828
4.99386,2.98599,82.2663
5.51076,4.14442,172.273
4.33225,3.96861,140.685
5.66618,3.61571,132.653
3.91885,3.37289,92.697
2.88801,3.78154,117.269
4.51089,4.34745,180.093
5.97239,3.5654,134.533
3.71684,4.8211,225.505
3.75088,2.78227,61.8695
3.59719,4.35147,171.674
2.56349,4.10442,142.385
4.83549,3.62723,119.615
5.00643,3.56111,118.9
3.47577,3.71458,114.127
4.69574,2.8305,71.3921
5.39537,2.94193,86.4357
4.28173,3.71186,120.06
1.8108,4.28997,161.289
5.77649,2.58931,76.9522
4.47248,4.67056,214.523
2.60061,1.50898,18.9242
3.76653,2.56476,52.3764
5.21578,1.95857,47.0504
4.27026,3.80761,126.947
5.34673,3.80656,141.989
3.50382,3.27767,85.4592
3.46484,2.45433,46.1495
3.17419,4.83527,224.307
3.13517,4.62154,199.907
3.45012,4.06076,144.394
3.01156,2.66977,52.2849
4.97789,3.78007,134.263
4.48198,3.35565,98.0778
4.52003,3.45995,104.945
5.70423,5.08549,284.139
3.6797,4.64727,204.473
3.27285,2.02983,31.4315
5.56347,5.13685,287.747
5.02429,3.14764,91.2077
2.96849,3.92815,129.656
6.35907,4.31948,208.689
4.21252,5.61578,346.022
4.60832,4.96545,251.535
3.72514,5.37713,305.374
4.19103,4.16625,157.937
5.04545,3.01929,85.5755
5.09438,3.84909,142.004
4.63626,5.46085,324.651
3.61574,4.83668,228.269
4.93005,5.50852,334.085
2.67419,4.46887,181.128
4.97,3.53242,115.041
4.00848,3.33297,92.7016
4.74499,4.0404,151.47
4.33487,5.96516,408.415
4.6988,5.37328,311.818
1.11614,1.85717,23.0337
4.77663,3.68235,123.51
3.3342,3.68249,113.583
4.07222,6.70301,561.234
5.17445,3.12964,91.0059
4.5865,3.98997,146.193
5.64701,3.68904,137.456
4.7321,4.29811,177.051
4.28559,4.84633,233.407
0.336464,4.81897,218.377
5.1725,5.85704,396.632
3.40271,5.24669,281.986
2.87457,4.97265,240.533
4.54828,4.70145,216.773
4.73786,4.6719,216.966
6.14168,4.51595,223.897
5.2376,3.86842,143.443
3.95507,2.89128,66.4917
3.18531,4.61864,200.809
3.58129,3.76018,120.894
3.7003,3.94568,136.094
4.78488,3.37174,102.657
3.6237,4.40821,176.482
5.25151,4.38987,192.532
3.75706,2.20987,39.4108
4.80641,3.5972,118.65
3.51544,5.90723,391.173
4.16546,3.34687,94.1502
5.61974,4.69718,232.202
6.00722,5.03047,283.054
5.77594,2.63576,79.6633
5.09346,2.93403,82.3549
3.95721,4.37297,177.032
3.86985,5.86922,387.167
3.98625,4.9459,243.983
5.43233,3.29072,106.412
4.47942,3.31822,96.2247
4.59464,3.10732,84.435
3.35086,4.29565,165.354
5.58971,4.36957,195.918
2.82654,4.86796,228.028
4.77225,2.97355,79.3156
1.99716,3.56914,99.5011
3.73229,3.51821,100.756
4.68544,4.006,150.339
4.29348,3.97439,141.821
2.86694,4.72123,209.265
2.27926,5.13627,261.539
4.54112,3.6675,120.104
4.36658,3.80444,130.006
4.80342,3.39624,102.696
5.2393,3.56672,121.387
1.9814,3.41519,90.3166
4.10604,3.07912,79.2156
3.8677,4.93074,241.341
-0.102906,3.965,128.684
3.8942,2.97117,71.2771
1.53807,4.27446,159.696
3.09669,4.50261,186.918
3.6372,3.56866,106.409
2.20226,3.6511,105.22
2.85895,3.55841,101.574
4.6198,1.59417,32.4057
6.32497,3.74623,155.531
4.68627,2.89516,74.9518
4.85289,6.05194,431.827
5.77123,3.70435,140.749
4.26585,4.57019,200.21
4.37274,3.26414,90.4691
3.27338,4.33452,170.307
4.03951,3.78036,124.235
4.04588,4.70708,215.305
2.20542,3.64556,105.751
2.83157,3.83113,122.45
4.45896,2.9948,77.3828
4.87464,2.33616,55.1177
4.06576,3.17934,84.0497
3.61733,4.18695,158.193
3.95216,2.63682,58.4046
5.58439,4.62047,222.051
4.50058,4.34719,180.259
3.85371,3.26673,86.9774
5.22498,2.86376,79.576
5.93404,3.16722,108.487
2.88972,3.27651,82.8242
3.80743,3.73944,117.788
5.32864,3.71438,132.48
4.23771,4.46831,190.177
2.77629,4.30932,164.55
4.7362,3.28215,95.5608
3.52812,4.20887,158.339
2.56441,4.17196,149.537
4.98646,3.94794,148.604
3.04103,2.72122,54.069
4.02183,3.57265,107.719
2.67173,2.86116,59.3306
2.5805,4.67058,203.016
2.48053,4.76314,215.845
5.02049,4.64654,216.837
3.20346,3.99518,137.57
5.08558,4.37926,189.96
4.80812,5.72792,369.824
2.27752,3.8517,122.872
3.6992,5.47466,320.127
4.04655,3.80394,126.573
3.46895,4.1548,152.139
3.50818,3.55073,103.608
3.23834,1.8802,28.8654
3.84519,4.13157,152.928
3.2087,4.37285,172.959
4.20239,2.99509,74.8467
3.75759,4.57054,198.32
3.72854,2.95553,70.4459
6.17953,4.70753,245.022
4.52433,4.56774,202.725
4.64182,4.78204,229.867
3.61579,5.04293,255.48
2.42413,3.32904,85.7083
3.27057,3.76613,117.01
5.03867,4.53198,205.481
5.02191,4.62054,215.346
4.84907,4.68308,220.974
5.09215,4.17434,169.918
3.21279,6.16262,439.895
2.78192,3.09623,71.5917
4.02087,4.81627,228.932
3.19959,4.32981,168.126
4.54284,4.18368,163.664
3.63198,3.54527,104.765
4.00037,2.76767,61.982
4.08813,4.78025,221.747
5.9431,5.02459,279.328
3.72525,3.73105,118.128
2.20129,2.51162,44.2518
3.78812,3.53426,103.659
4.66594,3.64638,119.749
4.67557,4.13559,158.775
2.6315,5.05127,250.601
3.99475,3.13213,80.1772
3.00392,1.89906,28.0389
3.90912,4.07379,147.997
4.79781,4.23833,170.037
4.30769,3.53715,107.39
3.65198,3.48774,99.4951
3.87399,5.18449,276.406
5.11713,2.51485,65.0374
5.19723,4.02592,157.195
3.85409,2.54185,50.5681
5.12016,2.73985,71.8393
4.67934,1.851,35.3165
4.03118,2.7144,60.4038
3.76275,4.59505,200.363
3.82276,3.21936,83.0228
3.28917,2.78866,59.2954
3.11233,4.34892,171.009
2.76433,5.13685,263.289
5.25429,4.25923,179.445
4.89744,3.01933,82.9134
4.54664,5.56251,338.153
3.88755,2.97745,71.9036
4.80337,4.3754,183.906
2.36995,4.24854,156.573
4.71529,4.45305,191.806
4.65331,3.85666,135.605
3.78485,2.12918,35.0592
2.94023,2.28475,39.6635
3.55615,4.47856,184.394
3.18133,3.28568,85.6208
3.53053,2.9399,68.913
4.51371,4.76508,227.083
2.10925,3.60268,102.871
4.2605,3.31496,93.0056
2.90493,3.40668,90.6552
3.17744,1.49082,21.4377
4.29863,2.24124,45.6255
3.37914,3.53763,101.354
5.67513,3.97906,160.516
5.41836,4.39905,195.666
3.85173,6.42427,497.393
3.10709,4.46799,182.109
4.82732,5.87702,398.239
3.50443,2.91219,66.0392
3.84678,5.14989,270.31
2.80577,5.97141,399.638
2.0789,4.09988,144.166
4.224,4.78629,224.848
3.63297,4.88934,235.459
3.32277,5.3836,302.867
3.92092,4.75982,220.574
3.68658,3.16359,79.9795
3.82894,1.42357,22.2184
5.85845,4.85439,255.309
4.27331,2.954,73.0018
4.80311,2.47967,58.1192
3.58637,3.18804,81.6938
4.63548,5.32003,300.962
3.86573,5.31092,293.421
4.43337,4.5728,201.413
3.83113,2.68953,55.1093
5.05595,4.00715,154.616
4.54775,4.03822,148.968
3.34851,4.29443,164.06
3.18919,1.82738,26.4296
3.70212,5.29698,290.071
3.34649,4.95448,240.894
3.33659,4.15945,153.874
3.47953,3.92577,133.851
3.67533,5.04452,254.782
4.2463,3.20709,87.2311
2.88024,2.91864,64.6433
3.52977,2.16725,38.24
1.09027,4.37522,166.009
4.13629,3.50942,106.438
3.74846,4.92982,240.773
5.87327,5.08947,287.874
3.99955,5.21138,280.424
4.8637,4.64979,215.028
3.73551,2.95198,69.4393
3.16356,2.19656,36.831
2.90406,3.19504,77.3296
