3
2.18185,4.96533,171.096
3.29372,2.00735,279.274
2.10979,3.71073,112.593
7.01768,4.41933,3409.19
5.03897,3.45228,1099.07
5.87154,4.08996,1846.91
4.61715,4.73872,873.918
4.11586,1.74004,552.427
5.03494,4.30051,1123.98
3.65706,2.33562,386.839
4.15476,3.45576,595.3
4.19683,4.14759,636.12
4.20976,4.36288,649.865
3.76075,3.94474,453.559
4.46525,3.56509,746.449
4.61948,3.59116,835.277
4.61603,4.95875,884.761
5.88176,4.10436,1860.02
5.13286,4.22778,1192.41
4.03805,3.82784,556.559
3.40103,1.88349,303.431
4.94404,4.89502,1085.18
2.99328,3.6085,238.021
3.11917,4.64311,302.491
2.34579,4.77714,179.573
4.58981,5.53995,905.319
4.07936,5.70807,668.005
3.0062,4.15863,260.085
4.00491,1.01953,501.971
4.18843,3.52225,611.623
3.24545,6.0059,414.568
4.19382,3.99818,628.954
3.04724,3.73865,251.165
3.11603,5.5543,354.254
3.80499,3.39979,455.365
3.59922,5.33155,466.426
3.2139,4.25091,307.764
1.02551,2.66993,30.833
4.87432,4.8541,1038.61
3.49086,2.36697,335.233
2.98699,2.23006,209.778
5.71115,2.13852,1642.13
4.57242,4.81672,854.17
2.97252,3.36079,225.479
5.96836,5.04504,1994.14
4.24969,2.04099,613.903
6.36869,4.05298,2430.21
5.23623,5.73337,1351.87
4.04958,4.61144,590.298
3.58824,4.16514,404.958
2.46766,5.1971,217.159
3.20687,3.75033,289.423
5.29427,4.35464,1322.02
4.7272,2.89198,878.844
2.63928,4.40393,201.431
5.20344,5.24894,1295.76
4.59509,4.93202,872.294
4.79058,3.63528,937.32
3.81725,4.36349,490.826
3.98755,4.87556,576.183
4.87793,4.97438,1045.62
3.3144,3.615,310.625
2.99759,2.74952,219.848
6.35281,5.17608,2461.72
2.85353,5.21963,278.475
4.61926,2.63261,813.551
4.06035,2.46093,536.092
4.84284,3.54398,970.79
4.08207,2.30473,543.832
5.36834,4.47314,1388.65
6.38902,2.7506,2423.98
2.7726,4.31368,219.928
3.72462,3.91343,443.211
2.6978,5.11679,247.423
4.20128,3.54627,619.673
4.39416,5.15203,776.471
3.86304,3.63068,482.618
4.12985,5.29362,662.25
4.15447,3.77231,603.212
4.84205,4.78253,1014.14
3.30751,3.92507,318.797
5.12622,3.47485,1164.17
4.75099,2.35436,888.056
5.25256,4.33959,1287.18
4.56262,2.88157,786.88
4.95756,4.03759,1059.61
4.37965,3.15083,694.748
5.07351,4.42203,1155.92
4.69871,4.53033,912.691
5.18549,3.42265,1207.51
3.60731,3.73997,398.454
4.2886,4.02398,672.953
3.50074,4.59685,397.524
3.33302,4.91263,368.851
4.51349,5.10199,836.205
4.46787,3.17372,740.247
4.40242,3.32245,709.027
3.89103,5.78829,595.84
3.7771,4.19837,469.894
2.5973,3.89257,176.914
3.06867,3.51305,249.499
3.88294,2.36034,463.092
4.37158,3.43055,696.024
4.27313,5.16549,718.168
5.70936,3.89733,1675.36
3.5754,3.23834,373.219
4.14951,2.87336,581.622
3.34394,2.312,294.858
2.68397,2.52404,160.292
3.96312,2.77455,500.603
5.08872,3.17022,1128.09
3.65756,4.56827,443.073
4.99415,5.32202,1145.02
4.63679,3.1701,834.416
4.41648,2.7866,706.092
3.38325,3.33372,321.729
3.76223,3.51468,442.657
4.77641,4.81117,974.632
4.20555,3.21934,612.342
5.77177,4.31061,1753.18
4.05338,2.75626,536.997
4.44594,6.20276,878.622
4.44422,5.812,844.008
5.47266,2.91274,1431.54
4.25655,3.56658,646.001
3.91061,3.06844,487.071
4.82114,2.50057,934.304
4.37315,1.82058,672.237
4.23088,3.7228,635.172
5.5726,5.41557,1618.94
2.93076,4.12174,241.926
3.85495,3.11525,465.888
3.66938,3.18062,402.452
3.16838,5.26084,346.157
4.66587,5.43488,943.595
4.94241,3.41246,1029.86
3.96647,2.5877,500.194
3.10076,3.89836,268.655
4.31539,3.96433,683.976
3.45784,5.46834,433.803
4.13698,4.19872,610.307
4.41994,4.20863,745.206
3.47849,2.5171,332.823
4.34141,3.75421,691.895
4.40627,4.45255,746.862
3.03681,2.22585,219.224
5.61727,4.19753,1597.52
3.10199,2.97425,245.63
3.28488,2.83689,286.238
4.13858,5.34209,667.635
5.13129,3.32092,1163.32
3.7103,2.32955,401.479
3.69666,6.04153,547.218
4.20983,5.31536,696.001
3.76527,4.76258,488.883
6.18214,4.4067,2209.35
4.54837,4.01625,805.048
5.03413,3.30531,1089.44
3.07759,3.58552,256.329
4.23103,3.31564,625.046
3.17161,3.26587,266.406
4.57496,3.94759,819.018
4.04846,4.2339,573.561
4.67869,3.84143,875.694
3.58869,2.82322,371.647
4.47862,3.68104,757.43
6.79082,6.25519,3158.79
3.00373,3.80082,245.505
5.47469,4.39637,1477.47
5.82445,3.65501,1785.36
2.92026,2.73795,206.887
4.10075,4.5882,610.081
2.34072,5.65719,231.107
3.21015,3.86245,294.088
3.12002,5.31804,338.196
4.54778,4.01281,806.57
4.66947,4.56266,897.412
3.40145,3.93997,344.675
3.72778,6.26351,576.935
4.74876,3.19481,900.023
4.15099,5.39289,675.049
3.77246,3.68745,452.756
2.93426,4.01702,238.968
3.96119,4.0371,531.551
4.95015,4.05633,1054
5.19375,3.53464,1215.46
4.4642,4.7911,793.324
2.44112,2.81158,129.302
3.75189,3.98594,452.345
3.03622,3.4876,243.186
4.35733,1.47627,662.445
4.45984,4.2896,770.747
6.08905,3.5387,2071.94
3.52437,3.93976,379.827
2.41587,3.96049,156.226
3.16368,3.52593,272.08
4.28684,2.73781,640.75
4.9069,2.27062,985.445
4.83372,3.29591,955.193
4.15846,3.34465,594.01
4.27229,5.22342,719.828
4.03398,3.24416,538.935
2.6436,4.17071,194.51
4.32265,3.41479,673.158
4.44286,3.72195,741.57
3.86993,2.87154,466.79
4.0115,5.4542,620.978
4.50366,2.85141,753.877
3.70425,3.69177,427.527
3.77566,3.62858,449.539
4.72773,3.72394,901.912
3.84424,3.76166,478.859
3.36588,2.3417,299.985
2.90292,2.79354,202.214
3.73903,4.10429,452.174
4.85601,2.66828,957.534
4.46632,3.40261,744.088
4.49987,4.28203,788.91
4.4529,5.74418,844.087
3.26325,2.84828,280.848
3.94994,4.00809,526.158
4.11305,4.90721,632.73
5.48287,5.90529,1568.44
3.11151,4.67238,300.389
6.05864,2.83919,2021.37
3.64827,4.15507,424.235
3.26278,5.25122,368.547
3.82869,3.92069,476.273
5.07014,3.85671,1132.63
1.32921,4.75528,102.347
4.51518,3.26075,766.657
5.04352,4.16988,1124.53
4.1507,4.34019,623.128
4.64372,3.17885,837.748
2.79397,4.06149,213.86
3.64273,4.54266,438.661
4.92807,4.28181,1048.82
4.73929,0.62812,870.612
1.82081,3.43222,82.1035
4.83463,3.07837,951.818
2.45178,4.92541,201.539
4.0192,4.308,565.641
6.38095,5.08939,2493.5
4.2585,2.22397,619.807
3.32321,4.77351,357.481
2.21941,3.66372,122.025
3.45477,3.67598,350.653
6.05947,3.37064,2032.81
5.68108,4.46001,1671.36
3.95947,1.82996,489.265
4.03475,3.4628,544.667
5.60072,4.23803,1585.17
1.18528,4.48034,85.1951
4.3968,2.99128,697.374
5.37052,5.28926,1430.46
4.2695,2.74454,633.181
4.88002,4.07771,1009.14
3.15836,4.15432,289.902
3.00533,1.93659,211.038
4.49099,5.00231,818.154
3.20518,4.54764,319.2
4.57908,4.79814,854.926
3.36339,5.30846,397.156
4.75383,4.76048,957.528
4.21623,5.75277,728.942
4.39393,2.56407,690.086
3.56114,3.52412,378.086
3.77193,3.25433,440.348
3.66892,3.3838,407.203
4.18608,4.21564,631.859
4.89264,4.26181,1023.5
2.39824,1.37814,108.427
2.59143,3.8108,174.659
2.88689,3.35028,209.849
3.73862,3.82502,445.986
3.18407,3.70413,282.242
3.44058,4.40901,370.058
3.81819,4.09359,479.513
3.61846,6.1298,530.292
3.02995,3.90077,255.103
5.22973,3.73889,1250.82
3.43739,2.67895,325.392
4.5825,3.66351,814.956
5.21696,5.12219,1298.08
4.09482,3.80371,579.674
3.94831,2.23069,487.468
3.95434,3.77961,522.169
3.52154,4.06615,383.155
5.04444,3.93482,1117
5.29656,2.12894,1270.9
4.89493,4.94943,1055.86
4.2724,4.04621,666.163
2.79564,3.3459,194.047
5.36178,4.0682,1366.79
5.94452,4.91167,1960.1
4.14099,5.34739,670.856
6.74595,3.29471,2939.82
3.10759,0.88396,230.024
3.0211,3.4481,238.289
5.29601,3.76855,1301.68
4.55417,3.20832,786.878
2.92058,4.04766,238.236
3.25184,2.54399,273.083
4.07999,4.05114,581.012
4.77174,5.38386,1002.73
3.45043,4.19706,364.771
3.4081,4.20817,353.943
4.4861,4.32846,786.574
3.36631,4.38412,350.292
4.74917,5.98879,1032.55
4.85919,3.72975,983.765
3.40834,2.63004,315.056
3.20982,4.14422,302.876
4.61284,4.17239,849.58
5.24132,2.17212,1227.61
6.3773,3.2479,2417.97
3.81316,3.64461,464.445
3.42947,4.02048,355.744
3.90823,1.82168,466.296
5.40063,5.87546,1494.47
3.06884,2.66272,233.252
4.15521,3.21433,589.85
3.08547,4.15868,275.114
4.45681,2.58115,723.295
5.24315,5.47533,1339.37
4.21225,2.57945,602.342
4.43274,3.96318,743.147
4.0325,3.96382,557.083
3.78219,4.60467,489.052
4.54101,3.05117,776.729
2.23391,3.95339,134.123
3.36287,3.40976,319.516
4.28186,3.90412,667.555
3.96429,4.66156,558.137
3.48133,4.74058,398.009
2.7872,5.07924,258.684
4.21551,3.64858,628.073
3.83589,4.61789,510.26
4.62875,4.19307,857.564
3.26317,4.0368,310.425
3.88475,5.41172,568.445
5.60574,4.66933,1604.65
3.64934,5.02843,464.669
4.55017,5.4191,875.411
3.91788,5.21998,569.545
6.06538,2.94601,2031.43
5.40139,3.97539,1396.67
3.26852,3.70254,302.332
2.5016,2.69079,135.624
4.52493,4.73305,823.517
3.83057,4.7072,509.709
2.68077,4.76834,225.912
4.02169,3.36825,538.412
5.20087,3.90287,1233.09
5.12137,4.31832,1184.43
2.86008,2.6277,193.315
3.48216,6.09171,485.392
3.10728,2.33405,236.83
4.55289,4.03227,810.001
3.11847,4.03213,277.868
5.20984,1.70533,1198.76
1.95661,4.68171,134.768
3.95791,3.8689,525.377
4.12466,4.39916,612.438
4.38981,4.48211,741.135
2.81095,4.79965,248.046
3.13386,3.70146,271.741
3.44904,4.63587,384.976
5.87202,4.07288,1847.5
2.81654,1.8645,172.766
3.18482,4.29021,302.095
5.14318,3.37258,1173.54
4.61377,3.23959,819.544
5.57838,4.74846,1583.61
3.92576,4.55761,539.27
3.45185,3.08118,336.031
2.96031,4.28062,254.529
3.39193,3.82602,338.727
2.28943,3.76532,134.436
4.8979,3.92815,1016.42
3.04367,3.5644,247.388
2.38303,5.2388,209.98
4.04934,2.92969,538.706
3.72974,4.04425,448.203
4.34144,4.20323,703.922
2.99644,3.62927,239.12
3.57916,5.97282,504.396
4.88224,4.72645,1034.95
3.11907,4.42277,292.627
3.87565,5.51521,572.352
4.55929,2.93829,782.729
6.54402,3.10947,2642.52
3.52789,4.36553,396.091
3.40414,3.61657,334.667
2.26058,3.41581,120.472
3.49999,4.50865,392.726
3.41353,4.12569,352.295
2.8445,2.90417,194.394
3.98651,4.86938,578.734
2.68383,3.56949,182.823
5.88231,4.84785,1894.01
2.74437,4.6112,227.062
4.68733,5.50529,959.068
4.14898,4.60116,630.055
3.82348,4.00078,478.096
3.18009,4.84605,327.597
5.12896,2.5947,1148.02
4.38264,4.57542,741.746
4.53285,4.3935,812.033
3.02599,2.56342,223.812
4.76341,4.86223,969.854
3.23237,4.17071,309.54
4.14377,4.09938,608.718
4.44087,4.75153,780.175
3.99009,5.17031,595.052
3.94781,4.66794,553.234
4.14005,3.3708,587.466
1.87413,3.59979,90.8881
4.52385,3.18158,770.991
3.6003,5.54347,479.483
2.59727,5.27057,239.284
4.89044,4.90389,1050.65
4.81536,4.03004,967.606
4.91735,4.64279,1055.78
5.94269,6.12996,2040.83
1.93825,1.47353,63.2194
6.10368,4.54378,2122.23
4.7784,4.26069,950.494
2.90966,4.94818,273.955
4.84636,3.16639,961.148
3.41705,2.5553,317.221
5.17957,5.69644,1306.01
3.91866,4.71476,542.438
5.23507,5.55654,1338.89
3.9178,3.41302,496.581
3.62729,3.77259,404.871
4.20922,2.33175,598.707
5.38093,4.52576,1400.38
4.16088,4.33268,625.344
3.95056,3.74026,518.965
5.37935,4.5818,1400.78
2.73749,3.6275,191.301
4.2303,4.00067,644.01
4.83396,4.68412,1000.75
2.94781,2.64528,209.344
3.71475,5.05199,487.874
4.24019,4.17846,656.857
3.30758,3.93196,320
4.0281,4.92211,597.915
3.51676,3.38691,361.778
4.39468,4.27254,733.534
3.79255,3.53309,454.633
3.71352,1.69564,400.04
3.64892,3.58805,406.395
1.8943,4.25328,114.707
2.8852,3.09079,204.432
3.4972,3.07183,347.366
3.54316,2.51112,351.162
5.17272,4.20357,1219.96
3.26093,3.31944,287.698
5.18056,4.85049,1253.21
5.32033,4.34313,1343.72
2.34348,4.17575,154.047
4.06324,2.45167,537.775
4.57529,4.48403,839.138
5.28265,4.71319,1328.14
5.27923,3.91258,1293.33
3.67599,4.79633,461.751
3.82747,4.00371,480.955
5.75576,4.25212,1733.7
4.49095,4.11023,779.372
4.80946,3.76073,952.902
4.0355,5.22093,615.094
2.2755,5.18997,193.867
3.79131,4.24593,475.848
4.28802,3.18482,650.12
4.4147,3.45247,717.621
3.45515,5.41604,427.576
4.10598,2.2886,553.964
4.37188,3.7886,707.04
3.26812,2.76261,282.041
4.52645,4.25341,805.09
3.07985,4.75516,298.646
4.55174,4.68999,836.975
2.93125,3.45673,219.841
1.83915,5.25921,159.527
4.105,3.57823,578.129
3.62087,2.44467,374.408
4.07874,3.64151,567.086
6.75917,3.45085,2962.89
2.25786,3.39547,121.276
4.2877,3.50405,657.002
4.47079,2.67084,731.841
4.06798,5.29737,633.811
2.63452,2.55737,151.48
3.78184,5.73349,554.248
3.50584,4.54662,396.974
3.91881,3.53122,499.715
2.71977,4.45545,217.166
4.25506,5.23666,713.148
3.40227,3.99632,345.622
4.40401,3.57377,716.055
5.31958,1.55254,1286.72
4.54106,5.15963,854.95
4.64592,3.80325,854.204
6.2446,3.92888,2268.88
3.18349,1.62293,247.564
0.954462,3.46971,46.4814
4.43052,6.02467,855.46
2.14453,3.54329,110.473
4.59818,4.0486,836.069
5.01858,3.46707,1085.82
3.43512,2.38428,318.396
1.20747,4.55157,89.8676
3.5753,2.60741,361.626
6.07477,3.17901,2046.33
4.42435,4.25346,748.932
3.63524,3.99275,415.969
3.24794,4.11897,309.954
4.64968,5.03727,909.582
4.59607,3.52961,816.501
5.45919,2.47286,1413.47
3.19218,5.14531,344.1
3.70124,6.2363,565.629
4.30201,3.0733,653.856
2.21574,1.94161,92.2123
4.09529,4.23671,594.65
4.10403,2.43407,553.658
3.56089,3.6682,382.96
4.46738,4.06747,765.202
5.4385,4.10249,1433.54
3.59177,3.36973,384.03
5.02056,3.25761,1081.81
3.4104,5.20364,403.639
3.62531,3.47036,394.421
5.88593,3.49133,1844.52
3.1284,3.58087,266.72
3.3492,3.43011,316.029
4.96399,3.42054,1047.54
4.32681,3.8153,684.545
4.17674,3.83061,615.291
3.9764,5.39392,601.912
5.1366,3.91019,1183.84
4.06561,6.24305,703.062
3.63744,2.98939,389.833
3.16395,5.47451,356.047
5.08498,3.93522,1146.04
3.80585,4.74812,500.958
3.30274,2.96825,293.242
3.31922,3.45968,309.366
3.54193,2.60143,352.417
3.50489,4.63487,399.393
3.06076,3.88681,260.869
4.1939,3.97031,629.946
2.93416,3.88897,233.871
3.65083,3.84572,415.287
4.08327,4.75565,611.415
5.58527,4.91157,1600.9
6.89153,3.63747,3175.65
3.66718,3.83364,419.945
4.68529,4.55925,905.775
3.8826,2.8914,471.747
4.73088,5.64308,994.617
3.40685,3.46725,333.118
3.85873,3.59905,482.515
4.43361,4.84994,780.23
2.24748,3.87267,131.664
3.16799,2.9988,260.917
4.41819,4.71224,766.313
3.17007,3.13636,265.252
4.70011,3.17736,869.081
4.25295,4.61569,680.465
3.44138,4.95961,397.575
4.08694,3.34215,563.039
5.10617,3.22614,1142.99
3.00972,4.5357,272.606
3.50263,4.61821,397.675
2.42876,6.38278,300.143
3.39518,5.49022,417.783
5.31803,3.15621,1304.16
4.86744,3.45882,982.585
3.44981,5.18935,413.474
6.20239,3.60341,2207.9
2.88504,3.32119,209.09
3.60677,3.71581,395.89
3.79523,5.93143,571.308
4.0294,3.06554,532.554
3.65853,4.10129,426.3
3.37423,4.77733,370.833
2.91428,4.28476,243.962
5.3089,3.15386,1297.28
2.96035,4.73516,271.884
4.06533,3.75827,564.779
2.31411,5.90997,245.994
3.4788,3.01587,339.599
4.06181,4.11253,573.92
3.57703,3.926,393.164
3.15617,3.08284,260.244
3.73222,5.81252,542.92
1.38446,5.65484,158.825
4.28874,2.46495,638.852
3.78268,4.08991,467.717
3.44283,5.08217,406.112
5.16154,3.7836,1197.92
3.18539,1.82957,249.45
2.59406,1.97294,141.466
3.99593,3.09115,518.701
4.4377,2.84965,716.264
3.25115,3.63831,294.038
4.56008,3.69835,803.983
3.21772,3.52803,285.985
3.75526,4.19257,461.435
5.41773,4.89922,1447.83
1.68724,4.03608,89.1144
4.1103,4.46334,609.501
3.89144,5.13235,557.517
4.28154,3.93702,667.347
3.82275,4.11098,480.674
4.49749,3.56645,767.052
4.98383,4.91153,1114.97
3.75782,4.40242,469.237
2.42048,5.58561,236.134
3.81286,2.64087,442.267
4.18562,5.12742,674.155
3.75226,3.76798,446.94
3.29444,4.41763,333.256
3.48037,3.18602,345.404
2.90687,3.61419,220.544
4.58274,3.56672,813.553
4.02025,3.91844,553.383
5.12309,4.44821,1194.75
3.89365,3.23615,484.774
5.12849,4.0437,1182.1
3.63013,3.71916,403.028
4.11661,4.10675,596.719
6.72123,4.17919,2929.12
4.8707,2.80036,972.248
3.79739,3.06539,443.272
3.23838,4.29643,315.404
3.91366,5.44688,581.102
5.4944,3.95432,1476.18
2.88057,4.31166,240.864
3.77637,3.45858,446.449
4.73565,2.97845,887.392
5.3501,5.18782,1408.79
4.15594,3.60069,598.718
4.54093,3.71331,794.09
4.29494,3.79694,671.022
4.58469,1.58162,782.665
2.97091,4.54368,266.295
3.86857,3.86801,490.756
4.08792,1.99094,542.987
4.50826,5.34959,846.565
3.70228,4.64801,463.698
5.45342,5.74123,1531.17
3.3296,4.6135,350.957
5.2806,4.48198,1317.62
3.85648,4.54139,511.78
3.97615,3.88236,532.749
4.64718,2.70684,830.295
4.40539,4.66454,759.755
3.94075,2.73843,492.969
3.38822,2.34017,305.801
2.99236,4.47418,267.794
3.66814,2.34574,389.914
3.47879,2.61268,333.341
4.08978,5.85789,681.778
3.80957,3.06452,447.745
4.03211,2.06866,518.588
3.26261,5.6248,392.892
3.94178,6.0653,638.099
3.26867,5.98906,419.367
4.20166,3.52752,618.345
3.68245,3.95223,430.163
4.55019,2.3192,770.023
3.33725,4.94878,370.097
4.38074,5.42474,787.215
2.9708,2.56031,212.582
3.11669,3.09721,250.14
5.34464,4.882,1386.66
3.86414,4.22067,502.64
3.91857,4.98655,556.299
4.62259,3.54525,834.713
3.89512,5.80776,599.37
4.70852,4.7539,927.89
6.1383,3.92327,2139.71
3.73265,3.64398,436.641
3.97667,4.64804,562.206
3.72225,3.84846,439.957
2.53987,4.23175,180.723
3.28795,3.09678,292.426
3.52122,3.93544,377.837
5.05343,3.28905,1104.17
4.37799,4.18666,724.481
3.47951,2.93549,340.36
3.63514,4.92174,456.113
4.40357,3.59062,716.926
2.55614,3.26934,155.263
4.68919,2.30701,849.863
4.14876,3.43451,591.701
2.78409,4.05264,213.483
3.1191,3.65419,266.815
5.28431,5.37703,1367
4.55754,3.44413,794.041
3.31708,5.82669,420.233
3.31429,4.66066,350.815
4.8916,4.5429,1035.35
3.62757,3.83657,407.122
3.02745,4.59662,281.172
1.93732,3.49104,92.9698
4.93508,5.27412,1100.35
3.13201,3.90874,277.81
4.36753,3.71281,702.547
4.69116,3.88825,883.263
3.9497,3.76124,516.619
3.4475,2.23891,322.139
3.32728,3.94098,326.014
2.03327,3.35466,98.711
4.18168,4.98647,664.76
3.30713,4.88576,359.084
3.76338,4.08091,460.425
4.52944,5.12224,845.843
4.38755,3.68289,711.123
3.54208,4.26638,393.49
3.86412,5.00848,538.191
3.63887,3.59506,404.193
5.1651,4.70317,1236.88
3.75256,4.23352,461.275
5.51966,5.47412,1573.24
4.81965,3.877,963.283
4.86307,3.72196,984.736
3.88264,3.00039,474.094
4.29608,3.88586,674.857
4.81675,3.47038,949.86
3.52974,1.54577,339.283
2.33439,4.39918,162.233
3.72738,4.60735,468.066
3.47513,1.93084,326.776
2.08227,3.23423,99.1279
4.35697,2.10609,665.369
4.06179,3.82069,565.707
3.53314,4.74301,416.024
5.08331,2.93387,1119.33
4.33319,4.6172,719.085
3.71932,5.806,537.424
2.13787,4.14277,128.929
2.67717,3.3351,174.872
5.67061,2.12722,1602.29
3.72934,4.80706,480.43
5.35015,4.58808,1377.79
4.44598,5.10822,799.702
3.42004,5.0046,393.55
5.44224,2.47472,1398.01
5.22662,2.34379,1218.28
2.59578,2.09212,143.831
5.56995,3.60006,1534.05
4.48443,3.50534,757.996
3.61755,3.86224,406.674
4.17234,5.04881,663.5
3.87065,2.67977,463.602
3.9624,5.10603,579.446
5.04462,6.5847,1278.82
4.9647,3.72817,1054.71
3.71515,3.52176,425.113
3.81145,5.07819,524.174
3.32745,3.02341,300.724
2.8512,4.24146,229.581
3.97951,3.70275,529.783
5.58324,3.36481,1541.63
5.09153,2.24737,1116.93
6.54643,1.81382,2627.08
3.17774,3.73473,281.373
4.53518,3.98194,798.756
3.1453,4.88549,318.819
5.10742,1.88363,1123.28
4.24713,3.43094,637.505
4.34261,3.93337,694.866
3.0886,4.4428,287.13
3.64373,3.489,402.802
2.99984,4.81453,285.435
4.46457,4.75692,790.197
3.98343,2.57527,506.932
3.66005,3.55931,408.922
3.88639,5.54602,579.407
3.33185,3.86711,323.278
1.89879,4.09812,106.78
2.95986,5.6462,323.737
4.57811,3.71229,813.836
3.62694,1.73284,369.964
4.93253,3.24719,1019.5
3.71835,3.8734,438.914
2.6968,5.03804,242.612
5.18011,2.34656,1183.7
5.40262,3.22619,1379.52
4.39497,3.06695,700.325
5.21408,5.50552,1318.66
6.18853,4.6117,2227.11
2.52693,4.8729,210.296
3.79559,4.14765,474.972
3.76804,3.19373,437.841
2.15781,4.97602,168.355
4.40244,6.22618,856.826
4.43814,3.88316,743.393
2.5306,3.44406,154.648
2.95594,4.77454,275.251
3.11072,4.06774,276.326
3.9758,3.60244,524.78
4.5543,3.17243,787.318
4.53216,3.43575,779.928
4.84577,3.97715,982.76
2.31524,2.74886,115.948
2.9148,3.3469,216.505
4.93856,4.07339,1047.51
3.77354,3.07514,436.168
2.67254,4.60945,216.781
3.84993,3.17753,466.515
2.86832,3.29936,204.957
4.70398,3.40773,877.351
4.04995,4.8943,605.869
3.44986,2.57886,326.426
2.5656,4.29857,187.632
3.9036,2.25704,471.792
4.96964,5.64432,1151.17
4.09786,4.37634,601.361
3.50952,3.10822,351.039
3.19017,1.94897,252.068
3.85796,3.11358,467.674
4.7963,2.31812,915.55
5.87614,2.24983,1810.45
3.49242,2.72909,341.778
3.18615,2.47802,256.376
4.25341,5.9828,763.051
4.84888,3.26501,964.125
3.64805,4.09177,423.725
3.22001,4.48672,320.65
4.82564,4.99005,1014.54
5.13392,3.50966,1169.41
5.11795,3.8262,1166.99
4.04737,3.68768,555.579
3.75673,3.45764,439.652
3.27856,5.07707,359.956
3.66589,1.95056,384.609
4.92126,4.26507,1043.7
4.6357,3.45294,837.681
5.59638,4.57327,1595.51
5.45842,3.75198,1440.69
3.76859,3.53214,445.463
4.21304,4.39118,653.869
2.4304,5.29995,219.276
3.07972,4.09258,271.339
4.79869,3.79891,949.07
4.00172,3.76591,539.271
4.02802,3.62281,545.457
2.92692,5.26714,295.271
2.73692,4.31414,214.882
4.72752,4.68617,937.127
3.52994,2.89055,353.855
4.00544,3.16782,528.244
4.28081,4.9834,710.605
2.42053,2.50484,120.342
4.61402,4.76845,875.156
3.08406,2.46901,235.085
4.25243,2.96777,626.733
3.21538,6.33749,436.413
5.04915,2.79178,1092.59
5.27423,4.71078,1323.06
3.97831,4.65654,564.643
4.58822,2.40754,792.328
3.21545,4.69611,326.455
4.88448,4.38945,1023.46
4.12451,3.01161,571.188
2.40203,3.65909,143.439
5.00519,5.54357,1164.02
3.33791,3.74661,321.247
5.36224,3.9439,1362.66
3.56386,2.93586,366.256
3.06053,3.72877,255.374
2.35857,5.02821,193.919
3.85892,4.15989,499.001
4.61777,4.10174,848.935
5.13023,5.75982,1272.6
3.05797,3.83419,256.809
3.93105,2.98823,493.776
4.77755,4.47359,957.686
4.78334,4.16907,950.788
3.72278,4.58678,467.154
3.56313,3.74489,382.708
3.44319,4.38875,373.71
4.88464,2.6438,977.067
4.94404,5.0176,1094.2
4.45813,3.62146,745.037
3.35009,3.67217,321.66
5.0433,4.9683,1158.8
4.71043,3.7489,889.752
4.27422,4.28623,677.424
5.29655,3.90995,1307.38
3.91692,4.86466,548.995
2.73555,3.29801,183.308
4.2601,0.852237,612.548
3.67728,4.04327,432.377
4.13454,4.85369,638.658
4.62287,3.46513,831.779
4.24727,4.07039,654.981
3.75881,4.75927,488.14
3.36429,3.84009,331.785
4.41065,4.67154,758.775
2.02096,4.70745,144.5
2.13804,3.36415,107.695
5.77361,2.51082,1709.27
4.99434,3.7072,1074.95
4.32285,2.80355,659.307
2.61668,3.14882,159.794
2.69229,4.08536,197.916
4.4877,2.19141,735.217
3.30907,4.14748,327.138
3.23335,4.74382,334.864
5.58426,2.69398,1528.06
3.03912,3.83402,255.211
5.21218,4.9711,1285.31
1.82031,4.74977,129.138
3.41424,3.79822,341.878
4.33608,2.83211,666.003
3.40443,4.5334,369.794
3.55932,4.19704,398.953
4.88822,4.8387,1046.89
3.21444,1.51907,255.317
2.41294,5.1165,204.322
5.62415,5.06433,1643.77
5.24013,4.03276,1266.37
5.33338,3.20755,1318.61
5.44261,3.51395,1418.47
3.04612,4.23504,268.348
3.99,3.64116,531.184
4.9261,4.9519,1077.47
3.95891,2.08151,490.203
2.64893,4.13897,192.003
5.62657,6.05962,1713.61
3.41093,4.28044,359.461
2.71528,5.13774,250.919
5.95845,4.04307,1939.38
5.92072,3.95345,1895.23
5.04397,3.01147,1091.98
3.20454,2.36198,259.585
3.27538,5.35611,377.608
3.97457,3.58447,523.309
4.32299,5.4977,762.331
2.49022,2.79595,134.038
3.97816,3.89047,532.288
5.7897,4.07988,1760.98
3.61862,5.26171,467.304
5.68731,5.33266,1720.53
5.11783,3.43001,1154.52
3.3323,5.20577,383.035
2.43014,3.51711,141.88
3.04839,2.66826,228.788
4.26759,4.10472,665.692
4.26379,5.70508,748.138
3.39235,4.79081,374.209
3.83172,1.94473,440.493
3.34941,5.96221,439.463
3.46174,2.58705,329.127
3.8218,5.96613,583.9
6.46272,3.04729,2528.55
2.4425,3.97013,158.382
5.38625,4.67271,1410.45
3.96956,4.6158,557.515
4.27723,3.14481,644.981
4.47635,2.80912,735.013
3.20475,2.91681,268.614
3.75456,3.1282,431.277
6.26104,4.04822,2290.2
3.56802,3.26108,373.973
4.81299,7.29962,1201.19
5.57711,4.27965,1563.61
3.32092,3.65729,313.237
2.24187,3.85084,129.509
5.04677,2.33558,1084.58
3.20058,3.70347,285.596
5.31606,3.09146,1303.36
5.61492,4.232,1598.3
4.64221,3.16764,835.277
5.0658,1.96678,1094.44
2.63782,3.73453,179.084
3.04675,4.35156,274.797
3.41301,4.62584,373.987
2.75022,4.09742,208.584
4.19207,5.29726,687.007
4.84987,3.1269,963.618
2.29688,1.8287,99.7393
5.49277,3.5732,1465.03
5.36779,4.20011,1377.64
2.14808,4.45951,141.772
4.71273,5.12736,952.518
3.46213,3.54851,349.251
3.82528,4.27927,489.839
4.24982,4.08094,656.776
3.79325,3.40883,450.894
1.96904,2.57565,76.6411
3.95958,2.69709,499.137
6.10427,3.6437,2090.43
