3
5.09061,4.7651,22.0921
4.50222,3.25064,13.7885
3.47703,4.6306,21.8555
3.52032,6.59066,42.1004
3.20825,3.53258,15.1289
4.33413,5.77477,32.0991
4.74014,4.10856,19.8297
3.48019,4.73126,21.0525
3.35109,3.94532,19.0699
2.53085,3.16438,14.2408
3.52681,4.69708,20.3512
3.54109,3.07886,12.3476
3.55864,3.70493,15.3438
3.44815,6.03747,34.1511
2.97552,5.01265,24.3937
5.10029,4.27591,19.073
3.67753,5.2663,25.4631
4.88501,4.90117,26.403
4.78625,3.2552,12.1239
6.04755,3.98919,18.6896
3.93973,3.66535,16.317
3.37016,2.9442,12.1116
4.64466,3.59101,14.398
5.68682,3.93025,17.4858
3.50419,4.86891,24.0909
3.68845,5.70287,29.9425
3.23169,3.5116,14.7402
3.10139,5.03242,24.8187
5.60249,4.56068,22.6332
3.91898,5.25634,26.7802
5.1324,5.66192,31.8733
3.79855,6.10646,35.8782
2.32059,5.18815,25.3101
3.90047,4.38356,19.143
3.60135,2.07181,8.43192
4.6577,3.16113,13.0821
5.01446,3.55969,15.3283
2.19841,4.68543,21.156
2.44045,2.53783,8.93949
2.70885,4.88032,24.6243
3.19837,4.49594,19.8457
4.39376,4.17147,18.3088
4.45971,3.78832,15.8381
4.06014,2.87512,9.75219
2.46661,2.90236,10.0197
4.02047,4.41053,20.3046
3.54331,2.6523,10.4233
4.70391,3.58422,15.4521
2.80528,4.64248,21.6444
2.90354,3.22831,11.763
3.64041,3.72706,15.3968
2.477,4.68941,22.1769
4.38379,4.27995,19.109
3.8666,3.44262,13.4371
3.44182,3.53072,14.3866
3.46112,3.69756,14.6605
4.76241,2.37616,9.48814
4.56882,3.24881,13.6797
2.16908,6.34553,36.1665
3.30982,3.92579,16.816
4.71465,3.99782,16.3506
4.27226,4.15076,18.5644
3.02477,4.75778,22.6724
6.06283,1.80798,8.02584
3.18219,4.8226,23.9276
4.81152,2.96548,12.1197
3.16199,4.14152,17.6773
5.16588,4.33664,20.2664
2.35407,4.09616,16.5998
4.71773,2.65957,11.3565
4.08038,2.66159,11.9654
4.0601,3.6082,15.3884
2.99084,5.23368,25.4834
2.99208,5.47279,29.1039
3.46272,3.82524,16.5316
4.64949,3.7559,15.5952
4.12715,4.63316,21.8006
4.49509,3.43762,15.5959
2.78473,4.83781,23.7522
3.83368,3.15984,12.7859
4.06324,2.09993,7.05628
3.64135,3.34229,11.8644
4.61063,4.57726,21.1491
2.93619,4.34701,19.1914
4.79954,6.34787,38.8521
3.54475,4.44496,20.1039
2.76693,3.19747,11.8538
3.94117,4.45998,20.3351
5.26793,2.3347,7.89302
4.22899,2.64768,12.0259
3.34047,4.99408,25.0399
3.7443,2.23074,8.31804
3.14528,5.3007,25.6914
3.53642,4.83739,23.7912
5.47663,1.81155,9.66788
4.77689,3.75548,15.9777
3.68006,4.3098,19.4063
2.24465,5.04458,23.6103
3.48349,3.29764,14.789
3.5823,4.85437,21.8237
3.57375,5.68732,31.9643
3.53361,3.96516,16.3883
2.18108,3.67164,15.1077
3.86989,5.12173,25.5498
2.44987,3.72714,12.747
2.89529,2.25722,8.25581
4.81665,4.61998,21.1821
3.92402,3.50074,14.2041
4.76798,5.59935,28.9597
4.38589,3.94783,18.0009
3.23571,4.57304,20.3928
3.16176,3.34495,13.4409
4.60124,5.02721,26.2063
3.26026,4.81438,23.436
4.11002,5.06084,25.7455
3.84589,4.35741,19.2328
5.31319,2.41789,9.15254
3.78668,3.8817,17.074
3.14205,5.36349,25.7823
5.91508,4.81381,23.9504
3.30682,3.23069,12.9494
2.68478,2.6727,10.5444
4.24106,6.65443,41.2825
4.9533,4.71781,23.5089
3.34694,5.65918,28.6426
2.8046,2.79434,11.287
3.97269,3.1863,11.0862
3.28656,4.83407,23.7177
3.52404,2.66126,11.2718
3.94259,4.09764,17.4409
4.28884,3.38998,11.6656
4.20955,4.5209,20.6148
5.06344,3.40119,14.6749
4.64261,4.46907,21.7763
4.18877,6.15738,35.3394
4.17733,3.45554,13.5426
1.81565,3.35626,13.7353
3.62403,4.38468,19.4397
3.48384,4.10031,17.9236
2.58529,4.20049,17.4085
4.9592,3.22288,14.2198
3.8496,5.47086,30.5122
4.10838,4.03095,16.4722
6.09398,2.85703,13.3792
3.95794,4.98765,24.2635
5.73947,3.94149,16.8007
4.53208,3.82532,17.8162
3.8794,3.82761,16.5665
4.31831,2.70391,11.1816
3.60467,2.94814,11.2812
3.36552,4.35625,19.0794
3.25633,2.69129,9.49269
3.89927,5.01572,25.5738
3.24899,4.48498,20.6598
3.58425,4.14506,17.384
4.8554,6.11255,33.9772
2.85451,2.9533,10.0727
4.35685,3.878,15.2724
4.03523,3.6753,16.4206
4.22295,4.02584,18.0644
5.09959,3.95352,15.2756
3.37037,4.46482,21.0055
5.23467,3.15188,14.0422
3.243,3.47913,13.611
5.62835,3.52064,14.8396
5.01981,4.11954,20.0819
2.40032,3.98623,16.6483
4.8338,3.25794,15.7374
4.02563,3.65049,16.7474
4.70017,3.12806,13.5538
4.73327,3.23795,14.6417
4.3722,4.89308,22.8214
3.70479,4.20917,17.3385
5.11792,3.92632,16.0533
4.09345,3.66706,15.1646
5.11068,3.43891,15.7167
3.59618,3.71712,14.0032
3.31588,4.64358,19.8068
2.47504,3.90569,15.9793
4.49626,4.45605,21.3165
4.35676,4.93139,22.4923
2.86192,3.93788,17.8933
3.61525,5.15102,27.6463
4.87711,3.26314,12.8845
4.25334,3.95391,16.5852
4.98682,5.61224,29.6301
3.20219,3.90724,15.6782
5.7881,3.90403,16.4538
4.04435,3.79117,17.203
4.29472,4.16514,17.4127
6.23023,3.17289,12.3197
3.82671,4.89813,23.6186
3.93514,3.23363,12.8046
3.95073,1.957,8.59486
4.86904,4.25392,19.2746
3.79943,1.41118,7.43571
4.06336,3.24558,12.7884
3.74783,2.57483,10.2658
3.33484,3.84202,17.2989
4.05864,5.20014,26.6611
3.97489,3.32089,11.54
4.57918,4.29062,19.1219
2.97985,4.88946,22.8307
3.6944,5.00416,24.9922
3.8099,5.73081,31.3396
3.4918,2.67485,9.82628
2.10478,4.52116,19.0625
5.47432,4.67791,23.0973
3.58125,3.80487,16.528
3.20653,2.92757,10.8463
4.38592,3.21559,12.8715
4.68862,5.20124,26.774
6.19813,2.43415,11.1607
4.65939,4.14027,18.7852
4.91733,5.89169,34.0829
4.16488,3.57792,12.6028
3.86246,3.94151,16.409
3.72024,3.03781,11.3345
3.43172,4.81372,23.609
4.01684,3.667,15.4947
4.29287,2.48447,10.19
4.33019,3.46751,14.6967
5.2801,3.83984,14.0836
5.31968,3.43587,13.9421
4.48074,3.57704,12.7825
3.90618,4.66031,21.2765
4.29257,4.72208,24.8969
4.82008,1.6932,8.09169
4.95066,2.14418,9.40345
4.52583,2.88434,10.9796
4.85052,4.61293,21.4217
3.25856,2.96011,12.8334
4.68484,3.96346,17.5596
5.33093,3.44159,14.9328
4.23038,3.66228,15.2056
4.4476,2.67811,9.75851
3.50942,3.73059,15.3677
3.75734,4.51607,20.1959
3.71472,3.68758,15.0322
3.63451,4.7626,24.3252
4.03011,4.79653,23.9546
3.78905,4.6922,23.0871
2.64445,6.10939,35.7458
3.21906,3.12414,12.159
3.84856,3.8917,17.4894
4.49492,4.71174,23.6753
5.54842,5.23735,28.7642
2.6152,5.04577,23.4673
4.27766,4.77418,23.112
3.79312,4.61948,22.0589
2.01406,5.53816,29.0876
1.55992,5.97038,33.8923
5.18195,3.41367,15.6628
2.52459,4.76781,21.8055
4.63073,3.34607,16.2768
4.46371,2.52394,9.56113
3.83506,2.70621,11.4148
4.35378,4.88969,25.4439
5.21558,3.91816,16.1142
3.28594,4.96188,24.6739
3.18232,4.52555,20.8786
4.88207,2.14557,9.22841
4.89852,3.74272,17.2683
4.05392,4.75583,22.6299
2.79193,4.9746,25.8915
5.36852,3.13238,13.1489
4.30789,3.67301,15.4484
5.09426,4.77365,23.8531
2.77145,4.71476,22.0584
5.53796,2.92709,12.164
2.2178,3.49635,14.4681
3.18673,3.46671,14.3201
4.34327,3.97616,17.5956
5.1936,3.19828,12.579
3.80421,5.38346,26.7965
5.07835,4.56355,22.227
3.85173,4.12785,16.9773
4.92985,3.9979,18.0092
3.84454,3.57656,15.3654
2.77539,3.10946,12.2807
3.87179,6.10282,35.8001
3.69705,6.05717,34.7974
4.94161,4.20223,19.5666
2.33613,4.87977,23.1838
4.66692,1.42535,7.24555
5.01624,4.66583,22.8999
3.52481,4.61831,20.8424
4.22767,4.96792,22.7275
4.51002,3.47572,15.1656
5.4017,3.62965,16.1405
2.38076,4.01131,16.8065
3.24036,2.13894,9.77551
6.01643,5.02398,26.4109
3.72338,3.53502,15.8524
5.1402,4.13582,16.7299
4.61656,5.0098,25.3458
4.43317,1.95414,8.39493
4.91189,4.926,23.4025
4.74848,3.44482,12.7428
5.4997,3.44253,15.4008
2.92019,2.36655,10.9412
2.65924,5.00735,24.7478
3.4429,4.04542,17.7693
4.50146,3.15255,13.7653
4.11399,3.59814,15.7207
5.85373,5.18155,26.0863
3.23241,4.30787,18.7408
4.6696,3.36361,13.8487
3.77093,6.25235,37.7214
3.47593,4.44372,21.3289
4.60799,3.00574,12.5202
4.25208,5.11039,25.0742
4.46206,4.69605,23.382
2.1715,4.68243,20.1698
3.34421,4.88583,24.782
4.89013,2.41593,9.23425
2.66543,3.12907,12.837
4.19799,1.57771,6.68875
3.73157,4.40134,20.1338
3.61929,4.02606,16.4658
5.09368,4.28543,19.2619
6.10049,4.01233,20.0634
3.82126,4.0217,16.3743
3.43806,4.52277,19.3612
4.98497,6.11145,35.2911
4.80425,2.97137,11.8076
4.29442,5.5305,30.1143
1.07903,5.79869,31.0088
3.83313,4.88798,24.2191
4.19935,6.18311,35.4724
4.14241,2.44617,9.86466
5.45296,2.69578,12.0045
3.41908,6.20598,34.5665
4.24747,4.05612,17.2012
5.44812,3.27395,13.7232
4.54865,3.61486,15.1251
4.58529,3.01037,11.4888
3.55894,4.31733,19.8276
3.83829,3.56553,13.9243
3.0227,3.9275,15.6292
6.31168,2.89827,13.1148
4.48107,5.02737,23.7596
2.47472,4.58552,20.0726
5.183,3.91916,16.7895
3.85961,5.607,29.8392
4.11213,3.26419,13.3149
4.36679,3.17491,13.1833
3.60398,3.75655,15.0259
2.58984,3.40991,11.8223
4.77303,2.95793,12.8128
5.00921,3.37726,14.7926
3.7954,3.93236,16.2715
3.86046,4.38995,19.6479
2.62274,4.26268,19.8232
4.72594,4.60434,20.6198
4.26339,2.60814,10.0979
3.4358,3.17527,12.3399
3.97335,4.10554,18.6777
3.15843,3.17777,15.1921
2.74834,4.04054,16.913
2.91621,3.33787,13.0026
1.73253,5.03675,25.1086
3.7122,2.94237,12.5225
3.8799,2.57798,10.0759
4.24521,4.85039,22.8954
4.97519,4.66593,23.091
3.00014,5.26593,24.0763
3.7554,3.24576,15.3021
3.89677,3.16154,13.9364
4.87428,3.0585,13.1315
4.61927,3.95548,17.2066
4.34916,3.04256,12.8461
4.35181,4.2638,18.4639
3.66409,3.75697,14.6685
2.93539,3.57015,13.2602
3.88789,2.8225,10.274
4.01875,4.73272,24.0029
4.46214,4.26322,20.0616
1.67993,3.97026,16.8585
4.28839,5.20524,27.1394
1.6154,3.37769,11.3282
3.84619,4.99633,23.339
4.46255,4.18947,19.2683
3.15072,4.90167,22.744
2.54169,4.22261,17.4773
4.67001,4.86532,21.4853
2.21947,4.15021,16.0984
3.15899,4.49071,21.1561
4.05582,6.18985,35.1877
4.19388,3.7778,15.107
4.65047,4.31851,19.8254
5.2483,4.18827,19.9781
5.19692,3.95862,16.9927
2.57623,5.81764,33.2185
3.13275,3.98359,18.3309
4.66175,4.81825,24.0763
5.19053,5.8734,33.392
6.371,1.57521,8.22562
2.44848,5.46202,27.3977
4.3925,4.89583,23.9022
3.59698,5.5632,29.5231
4.27134,2.75038,12.5453
4.22974,3.86019,16.9313
2.99922,3.56415,13.5799
2.86785,3.26438,14.9898
3.63253,3.87996,17.2133
4.01385,2.87186,12.7143
4.08815,2.88962,11.1832
2.52288,2.84295,9.01499
4.90043,3.34432,14.566
4.72886,4.32988,19.9201
4.77148,4.72836,23.4586
4.44821,3.92181,16.4106
3.89867,4.37704,20.725
3.5842,3.63264,14.8479
3.48989,2.23649,9.00146
4.20567,6.05348,34.2658
3.09378,2.04805,8.42434
2.85023,3.11829,13.3589
4.73596,3.2682,12.3524
3.82911,4.35634,21.0446
3.67376,5.05796,24.8292
4.49797,2.72967,9.99764
2.55667,4.70599,22.1386
4.51748,4.4199,21.5477
5.2978,3.96434,18.4727
2.90117,4.72558,22.0452
2.52917,4.61298,21.736
1.76454,3.4005,13.9434
3.28565,4.24115,18.8086
4.40149,3.37289,13.1792
5.04287,2.02216,8.73238
3.69815,4.42909,20.2941
3.64173,4.54923,20.2424
2.96183,3.82395,15.2931
3.37664,4.3157,20.5253
1.41434,4.91201,22.5742
4.02392,3.9977,15.6542
4.71222,4.1218,18.7551
3.36565,4.49826,21.3091
3.99161,3.17983,13.4085
2.40914,5.21892,25.2641
4.69405,1.22496,5.94629
3.66619,3.86932,15.7996
4.94033,2.95171,12.5534
5.6858,4.34578,20.0366
4.93766,5.02598,25.3554
5.12363,1.77922,9.22259
2.09619,2.91822,10.3645
4.98453,2.27414,9.74525
2.75093,4.40887,19.0889
1.87984,3.46569,13.4052
4.46156,4.17742,17.7072
3.4991,5.02944,22.9561
5.43449,3.2243,14.9525
5.71115,3.91957,19.3707
3.0391,3.48197,14.2914
3.43644,3.22141,13.3575
3.14046,4.28425,18.9023
4.52713,3.50243,12.8812
5.88665,2.83554,11.1637
3.03083,4.00066,17.5549
3.7432,4.7095,21.273
4.00246,2.5164,9.76954
4.37025,4.38739,20.2235
4.55849,3.05441,11.0221
2.91339,4.05033,16.8855
3.89383,3.76527,13.9878
4.38946,3.8435,16.8236
3.12206,4.5244,18.7105
3.30302,3.61523,14.022
4.58053,5.96279,34.7201
4.94558,5.05908,25.3261
4.87545,3.73977,16.5798
4.62321,4.19143,18.5041
4.47813,2.88283,12.1586
2.68898,2.26841,9.10586
4.37027,6.09088,35.3544
2.47826,4.26004,18.3258
5.26575,3.95644,19.4915
3.94169,4.00968,16.4916
3.11205,5.76648,29.8764
4.61443,3.02265,13.23
5.38084,3.40288,14.7037
3.68816,4.15846,17.9502
2.95952,5.4125,28.3747
4.49879,4.01465,17.2807
3.45644,2.76348,11.2956
3.53002,3.21979,14.1694
3.89127,3.33507,12.7004
5.02375,4.19842,20.6761
3.57989,3.94054,17.0011
2.23953,2.79354,12.3359
3.18836,4.26603,20.5421
5.07797,2.65863,10.3243
4.02436,4.31094,18.9888
1.75111,3.33943,13.1662
3.33407,4.48802,19.6039
4.37514,4.28044,18.3191
1.65001,3.84165,15.8209
3.48936,2.04394,8.44807
2.98681,3.62611,13.9398
4.32746,4.08137,19.7138
2.53589,1.26013,5.83912
2.70118,4.2861,17.8172
4.07144,3.20591,13.6256
3.76399,2.88667,10.5388
3.58134,4.03081,15.6473
5.83646,4.33933,20.3207
2.6592,4.66179,22.9892
3.2318,4.26809,18.3362
3.38033,2.84931,10.2036
5.17292,4.22338,19.6585
3.93907,4.65042,20.7999
5.38974,5.04796,26.1713
3.40675,3.78997,17.5173
3.26789,5.00488,24.2083
3.63644,4.43919,18.2941
6.5623,6.09089,34.7281
3.94201,2.87543,11.8743
4.96266,5.57675,30.5015
3.56847,4.42632,19.2583
3.54858,3.18692,13.1732
3.28786,5.78178,29.3677
3.84445,4.43283,20.0742
4.44669,4.23055,19.0763
3.94534,3.06155,10.683
3.79396,4.50193,20.1638
2.90841,3.17908,11.6846
4.39801,3.54754,15.1121
4.52927,4.68902,22.1022
5.1558,5.15942,27.4361
4.28852,4.22346,19.326
6.304,3.01391,13.1073
4.81968,5.97268,33.3988
3.77389,4.25591,17.8201
3.56998,3.94425,17.9349
3.94601,3.31609,14.0472
4.36885,2.49977,9.95756
3.14826,3.49897,13.6398
3.20848,4.31714,18.3425
4.84495,3.4914,15.9108
4.89737,3.75474,16.4262
4.8953,4.89494,25.2811
3.75562,4.10855,17.3214
3.30878,5.00539,22.9077
2.92183,4.21396,18.8428
5.55328,1.74796,10.6043
4.93246,4.82735,24.7525
2.84132,2.27248,8.54737
3.67317,3.3811,13.9075
1.45736,4.46773,17.832
2.8554,5.18351,25.5608
3.09734,4.88761,24.4477
5.46364,3.62264,16.7087
3.24115,4.39578,20.6099
4.33869,3.46361,15.7069
4.07187,2.72229,10.3864
6.07098,2.88838,11.2266
5.42771,4.30918,18.7314
5.20146,3.58158,15.1955
3.90769,5.71589,30.6846
2.7482,3.9358,17.0537
4.80222,3.6689,16.1847
2.26355,4.80207,21.1398
4.81961,3.27941,13.7283
2.90239,3.84543,16.24
5.13456,3.07067,12.4827
2.06583,3.56061,14.591
3.08035,4.18447,18.2841
4.37189,4.68848,21.972
4.84321,3.99229,18.1077
5.04173,5.26972,26.8014
1.45499,4.19001,17.9968
3.49297,4.53271,21.0699
5.00813,3.24089,14.2788
3.80443,4.15614,19.0936
4.13591,3.67849,15.0252
3.69763,3.13815,11.284
1.97005,5.30104,24.8314
4.69322,2.547,10.7739
3.55991,2.21168,9.50466
3.91322,4.08744,16.5364
4.22049,3.3383,12.5033
4.24395,3.87009,15.898
3.6723,2.70216,9.9963
3.29686,3.60028,15.0335
4.82462,4.79021,23.6608
5.84518,3.54767,16.8153
4.93371,3.51378,14.026
5.22187,5.72141,31.4947
3.59537,2.44626,8.44229
3.45942,4.52207,20.1919
5.00886,2.96702,12.7398
4.11607,1.34245,6.77915
4.16902,4.11386,19.3865
3.79468,2.00079,9.64394
4.49264,3.52431,17.7425
4.39864,4.86822,24.0183
1.23016,4.39675,18.9783
2.90894,3.20399,12.3583
3.43671,4.55963,21.498
5.43837,3.54919,15.6199
4.19136,5.7517,31.2027
3.79654,3.71215,16.838
5.2783,5.56722,29.3306
3.51691,3.0664,12.2074
2.80938,1.67147,7.27378
3.40284,2.98499,12.1865
5.32173,3.22311,15.1407
2.96076,3.63841,14.3825
4.914,4.65106,21.6601
4.21784,4.69828,22.1986
2.98958,5.45779,28.4105
3.92653,3.73889,15.6591
3.76097,5.49501,26.5751
3.8048,4.57935,20.9064
1.7299,3.91093,16.0903
3.45977,2.48436,8.05443
3.68875,4.79547,24.3526
3.26947,2.82387,9.15153
4.76092,3.88755,14.6111
3.77209,3.84671,16.6137
4.83248,5.9658,34.1872
5.61442,3.28997,13.3189
3.89901,4.2123,17.2342
3.95451,4.31917,20.1679
5.16553,5.05472,24.6067
3.23925,3.7421,16.0531
3.71449,3.19711,13.0904
3.19799,3.57241,16.178
3.95081,1.78845,7.55855
2.82471,3.73925,13.7808
4.71951,4.56191,21.6626
5.08157,3.32054,14.2403
4.86339,3.0933,11.3292
5.1959,3.87354,18.0739
3.99532,3.9479,15.8796
4.10012,4.74044,23.1468
5.38088,3.71587,13.947
2.83168,5.53895,28.2905
3.24306,2.59881,11.1821
4.41529,3.56028,14.2317
4.68349,4.66913,21.589
4.3341,5.68264,31.1202
4.60005,2.82829,12.6
5.74925,5.20934,28.0917
3.98701,3.74367,15.6948
5.37851,4.38003,18.4818
3.43759,4.68316,21.6502
3.45335,3.64032,14.6721
2.61376,3.51001,12.3276
7.21614,5.51029,30.7412
3.39951,3.74984,14.8409
2.10879,3.21242,13.5843
3.39531,4.23235,17.994
4.75899,3.47024,14.4284
3.509,2.18469,8.80832
3.33365,4.58626,20.5313
2.42228,3.69241,16.065
3.97573,3.69802,13.8752
4.24136,5.3085,28.0458
5.30354,4.6015,23.1354
2.24172,2.91094,9.10322
4.15519,5.42988,29.2366
4.40626,4.97146,24.3642
5.02193,3.09626,12.8249
5.15387,3.94512,17.5847
2.33813,4.20337,17.4807
4.59958,3.84475,16.4004
3.77259,3.74676,15.5171
4.50496,2.15407,7.6668
5.28121,3.93558,16.5529
3.05201,3.93133,16.13
5.80185,3.36571,14.8877
2.71528,4.44208,20.5153
2.96282,3.16051,13.2998
4.066,4.74952,23.9126
3.30481,5.19909,26.114
5.60157,3.97923,16.7379
4.5793,2.85863,11.5877
2.68363,3.28997,12.4036
2.92786,3.23914,13.2659
3.90806,2.63029,9.12517
2.80798,2.9156,12.3434
5.4545,2.97779,13.9325
4.46831,3.73533,16.4887
2.98848,4.52288,20.4036
3.90701,5.73908,31.774
5.06715,3.00635,13.1784
6.20538,3.81823,16.2713
3.71022,4.10985,18.4713
4.1591,4.50934,20.2019
4.2699,4.58388,20.307
4.75163,4.66819,23.0899
4.67995,3.36817,14.8788
2.96512,3.59713,15.9461
4.84934,5.41629,26.9176
3.11695,3.94128,17.7272
3.72232,2.65906,8.89626
1.61099,4.47183,19.7916
3.23537,3.26626,12.2857
2.58062,4.30969,18.7972
4.85,4.52567,20.9173
3.84862,3.97803,19.0302
2.0585,3.96251,16.2562
4.88457,4.23457,19.732
3.70625,4.80326,22.6794
5.74629,2.99323,12.6925
3.38566,4.10208,16.4083
2.59828,4.05429,19.0026
4.02935,2.45125,11.0987
5.00011,3.61876,15.8371
3.92178,4.0693,17.2606
3.64912,4.87086,23.2436
4.48624,6.16907,35.2445
4.46843,3.44058,15.7881
4.54509,3.82729,16.3195
2.58091,4.78842,23.0085
3.04391,2.77894,9.13471
6.02012,3.18791,13.8531
3.91956,3.74567,15.5427
2.35426,4.31104,18.9113
4.48456,3.26922,14.3796
3.94302,2.00993,6.11525
3.65534,4.77296,21.9525
4.21126,1.63033,8.77112
4.69925,4.61478,22.3803
2.47477,4.1499,18.2988
5.1799,3.97476,18.9855
4.01674,3.92709,16.4017
5.71538,3.63954,15.7962
3.34461,3.12971,12.8976
5.27707,4.43529,20.5948
6.12003,2.91681,10.7641
4.06467,4.57767,21.0365
6.0085,2.91601,13.6379
2.97949,5.12019,25.0051
3.44587,5.09564,25.2293
3.75792,3.71437,15.5046
3.78685,5.20519,25.2443
2.98609,3.66398,13.8775
3.94927,4.76432,24.3014
2.74157,5.20222,25.8619
4.11669,3.90903,16.2726
4.84272,4.09823,16.907
4.85165,5.95206,33.1187
3.58153,3.79047,15.517
3.49896,3.65045,16.1913
4.58402,5.24716,26.8344
4.65808,2.85924,8.94882
3.67315,3.11955,14.3389
5.72058,4.16215,19.475
4.21126,3.71653,15.4201
4.82413,5.45133,29.6537
3.5465,3.88024,18.4263
2.5947,3.82175,15.0538
2.28681,2.56276,8.43191
6.04918,3.79797,17.2664
1.58711,4.03574,17.8243
5.79463,4.70668,24.1963
4.81554,5.78034,33.2043
2.89334,3.58725,13.8446
3.52929,5.12602,26.2132
4.46086,2.60229,11.8969
3.25052,4.5204,21.9475
4.2593,3.04624,10.5337
3.28978,1.34372,6.72638
2.91443,4.66818,20.8366
2.30119,2.5856,9.14769
3.83367,3.57297,15.4289
4.53242,3.72655,15.6934
5.48675,4.89869,23.6334
4.39372,2.39805,9.97607
5.70286,3.95688,17.9692
2.16291,3.78195,17.0344
3.22982,2.52393,10.0748
5.33168,3.60062,17.0087
4.48808,5.54505,31.7959
4.00878,3.57309,16.9151
2.35795,4.02525,17.1268
3.14178,2.77019,9.50614
5.42842,5.12564,27.1678
4.26857,3.60164,13.1213
5.58698,5.73917,31.4685
2.93125,4.19951,18.6842
3.77493,4.03341,17.4368
2.66006,5.94796,31.9582
3.28471,5.55473,29.2657
4.29921,3.14525,13.5641
4.20535,4.64844,22.1248
4.59687,3.40604,13.6504
5.16398,4.52837,21.6318
4.95327,4.30838,19.5757
2.72038,2.87082,9.30338
5.00387,4.47866,22.2465
4.03665,3.46498,14.9863
3.39236,4.96872,23.128
4.26865,5.74159,31.4702
3.10823,4.23199,18.003
3.65728,4.57608,20.3121
4.30038,6.31348,35.9311
3.98835,4.50683,21.6201
3.80862,4.4836,22.5272
4.13768,5.23244,26.847
3.61418,3.54915,13.261
2.76235,3.70733,15.7154
5.41664,4.23296,19.0463
4.65827,3.68074,15.1077
4.2981,4.00068,18.4474
4.46589,5.42791,30.0744
4.3338,3.85274,15.1396
3.79269,4.58128,21.0134
3.98938,4.45304,20.4094
3.32213,5.20312,26.6504
3.26061,3.09111,11.4009
5.22368,3.68625,15.6198
3.40803,3.61321,14.8294
3.26258,3.63422,15.3822
5.81171,4.27982,20.3729
4.93909,3.70946,15.1915
4.58548,4.65287,21.3087
3.13523,5.31803,26.616
3.04685,3.48911,15.5863
5.34579,4.84451,23.601
4.54872,5.35766,28.868
4.12512,2.47701,8.52715
2.54414,3.80178,16.1869
4.68819,2.89618,11.682
1.64884,5.32292,27.6144
3.66399,3.69693,15.0593
3.78567,5.14755,25.5233
3.43053,4.42999,19.2166
3.3454,3.94708,17.017
2.80803,3.64109,15.8291
4.38246,2.78593,12.7384
3.99507,3.39886,13.7214
4.21559,3.41063,13.8596
4.38219,5.50937,29.9732
3.80606,4.5555,20.3507
3.59644,3.18631,12.0652
2.98553,2.34539,8.13624
3.17066,5.7441,30.0772
4.08298,5.09914,26.3783
4.55564,4.82947,24.2968
4.44764,5.59311,30.2631
4.07871,4.39197,20.2294
4.68053,3.9127,16.8941
1.77943,4.32182,18.3705
3.52867,5.18004,28.2672
4.47214,3.74592,15.0987
3.26354,3.75968,15.7435
4.89428,5.53124,28.559
5.79195,4.42066,18.7321
3.3535,4.12787,16.5705
4.66138,3.2366,13.127
3.90285,3.73516,15.849
4.35448,3.78652,15.8117
4.57159,4.02226,19.3384
4.89106,3.38618,14.2511
3.6324,4.61818,20.3942
4.76709,2.66516,10.1476
2.20442,3.53594,11.3412
4.23283,4.24469,19.5678
4.29036,2.25767,8.21739
4.82061,4.57163,22.5101
4.23747,4.16069,18.8797
5.02482,4.31867,16.6847
4.37238,3.58178,15.4811
3.2146,3.87453,15.1733
5.12893,3.13258,13.3048
2.84317,4.70373,21.7551
4.42977,4.58488,21.051
3.55112,4.537,21.6497
3.01095,4.35438,18.0814
4.75012,3.644,14.2957
5.65466,3.91418,17.7135
3.61544,3.31161,14.2101
3.52993,4.52753,19.8436
6.77133,5.43146,29.8873
4.54075,4.75673,23.2695
3.86161,6.35737,38.1199
4.76535,2.87002,12.5996
3.83336,4.11048,18.1507
4.913,2.87225,9.77415
6.5359,4.36036,20.7102
2.84223,6.10693,34.1849
2.23798,2.41389,7.02716
3.72327,5.09232,23.7239
1.73984,3.71252,13.8457
2.72645,4.19939,18.2462
4.69412,3.23358,13.2455
4.32795,4.23559,18.444
3.37682,2.22416,8.20862
3.84267,5.14492,26.9917
5.07975,4.06047,17.8474
2.92389,3.63023,14.7588
5.63321,4.52154,21.4857
2.71195,6.0364,33.5759
3.7776,3.08519,12.3322
4.83455,2.06937,9.59442
3.76635,4.1435,18.9923
5.13748,3.26537,13.3564
3.24207,6.02681,34.7411
3.88027,4.12907,19.4223
3.58843,3.87193,17.8549
4.28027,4.27959,18.8177
3.89798,5.81094,30.8622
4.59663,3.48493,15.5832
4.03139,3.94689,17.9586
5.25021,4.24608,18.7367
3.28071,4.99618,23.583
4.19468,3.80865,15.5481
4.09195,4.07318,16.9498
5.3158,4.17661,19.4339
3.86793,3.40077,14.7008
4.88056,2.85055,11.1364
4.89037,4.02637,19.2635
3.54469,4.56328,21.8605
3.26514,2.81011,9.61301
1.9137,4.67026,23.1545
4.3233,2.40827,8.43304
3.38767,4.99938,25.4039
2.30544,2.78821,11.2519
4.94316,4.44173,21.5048
3.32468,4.03673,17.3176
3.46431,4.59903,22.2225
3.30402,3.86655,18.6231
4.85381,5.12542,26.3296
4.04306,5.05919,24.5809
4.45454,4.61024,21.309
3.1311,2.97025,10.481
5.44056,3.64838,15.1862
3.3664,3.36648,13.6518
5.20067,5.05939,24.2301
3.13645,5.05821,25.0453
5.23845,3.2847,13.7769
4.7748,3.09386,13.6567
4.77706,5.1771,27.9311
4.85712,3.07956,15.7321
3.94413,2.88085,10.8286
4.20268,3.95855,18.2566
3.21023,4.98471,25.5277
4.49313,3.47247,14.3519
7.45357,3.83885,16.3122
5.22325,3.9781,21.0922
3.54667,4.07459,16.4809
4.91774,4.24514,18.2384
4.114,3.57887,15.4343
2.6014,4.68054,21.3372
3.64416,4.07744,17.1592
5.06744,3.30634,12.4581
2.02176,4.37367,20.2061
4.17057,3.18479,11.8584
3.0155,4.08974,17.2232
3.73481,3.26541,12.2901
3.5792,4.34064,19.6426
4.3343,2.57493,11.5286
4.44933,3.99794,17.2748
4.41205,4.19834,19.4377
4.11792,5.71969,30.6
4.63079,3.72854,15.5271
3.83726,3.75242,15.445
3.22547,3.8088,14.2291
4.44194,3.91274,16.4559
5.28071,6.58756,40.0842
4.7135,3.62417,15.6197
4.11896,4.42473,19.7302
3.61497,4.16478,16.4204
4.13951,4.30377,19.1111
3.41918,5.77366,30.9973
2.66417,5.36561,28.7332
3.84723,4.77168,23.6186
4.52858,3.8353,17.6152
2.80238,4.38859,19.0182
3.6765,4.69886,22.0148
2.36766,4.0871,18.6348
3.17319,5.46028,28.2982
4.2345,1.64781,7.53516
3.68519,3.67027,14.54
5.13833,3.2858,13.9108
3.72834,3.58725,15.0123
4.89523,2.42044,10.1017
2.49493,4.11768,16.1362
4.12077,4.85533,23.0554
4.68331,5.59801,27.8151
3.28679,4.8995,24.4635
2.7888,4.91557,22.2184
3.43457,2.80192,10.4715
3.43872,3.63325,14.8817
4.00964,5.71406,32.1802
5.99405,4.9192,25.6061
3.86373,4.51416,19.6778
3.90806,2.15846,9.78285
2.30032,3.12626,12.4954
3.16069,4.16058,16.9058
1.50419,4.86541,21.3717
4.37676,4.95356,25.0515
2.53545,4.40159,19.2592
5.18555,4.58094,21.4078
