3
3.67503,2.90821,102.211
3.65758,2.97473,100.619
3.70799,2.56737,107.854
4.31183,4.84149,204.142
3.61191,5.25518,104.751
2.38395,1.34222,22.0276
3.43795,1.77006,77.0434
3.87634,3.95465,130.503
3.37584,2.96126,74.3261
3.56663,3.55005,91.875
2.71463,2.2888,32.3794
5.41142,1.87378,513.474
5.59172,3.81926,596.006
3.8259,4.00467,124.078
3.91815,4.22544,135.338
4.0274,2.04929,146.837
3.66473,4.26643,105.63
3.84263,3.71102,127.565
4.8387,5.53608,325.92
3.46525,4.19971,87.0592
3.6667,6.11325,112.016
1.90808,3.94837,16.5044
4.54645,3.66145,247.977
4.1974,5.35027,183.445
6.33093,2.32719,1020.88
2.62152,2.72248,31.9429
4.47306,2.60099,230.258
4.62728,3.01402,262.556
3.32598,4.83403,75.0102
4.85656,4.07696,327.279
5.29455,3.92845,470.908
3.2237,3.74845,63.7898
4.7691,4.4302,304.855
4.70296,3.3668,284.356
4.82295,1.93245,312.551
2.85964,3.78336,43.7936
5.492,3.63238,549.342
5.75803,2.84031,674.055
2.56868,2.70754,29.5812
2.9805,3.41026,49.7469
4.55465,3.2784,247.346
3.67427,3.45071,106.132
3.08139,5.46826,62.9672
3.52931,2.94858,88.8228
2.95839,6.38346,57.8604
4.21304,3.78259,180.186
3.76366,4.44969,116.107
3.80897,4.35837,122.532
4.8359,3.17865,319.025
3.08346,4.36979,55.7223
4.80582,4.5755,313.539
5.79732,2.98459,694.468
4.89226,4.68876,338.832
3.44779,4.58905,83.9521
4.12463,3.10088,164.7
4.40222,3.5522,215.934
3.017,2.59775,49.8262
4.08578,2.34287,157.262
3.90345,5.6494,137.913
3.02965,5.27011,56.9894
3.65904,3.90128,104.492
4.55672,5.62699,255.765
4.75925,3.96315,298.837
3.83168,4.7706,125.412
4.54227,5.32024,250.691
3.75879,3.62848,114.482
3.6065,4.8501,102.122
4.3614,4.84852,210.351
3.67647,4.26938,108.493
2.90099,3.25549,43.8095
4.70445,3.08039,283.043
3.93177,6.29927,147.584
4.56476,4.05918,253.013
4.68882,3.11445,279.579
5.06044,3.22323,385.344
4.82896,2.43741,316.84
3.36921,2.86386,74.0022
3.35937,3.15754,74.1224
3.48594,5.12283,90.5132
5.06832,2.89561,388.077
1.67409,3.85143,14.002
4.23986,4.31837,188.049
5.09125,3.23194,396.728
3.7562,4.77573,117.245
3.35323,4.3232,76.6567
3.18045,2.65542,58.4222
3.54854,3.94531,92.228
2.89201,3.87527,44.2141
3.3434,4.77411,77.742
2.98422,4.33496,52.1759
5.99461,4.57164,807.811
4.11371,6.04192,172.856
3.54994,3.67662,93.7852
4.3032,5.20527,203.145
5.12705,5.18098,414.13
4.23564,5.0062,187.111
4.58373,4.28503,258.419
4.02621,4.07007,151.861
3.22144,4.89494,69.0717
5.94538,5.18912,779.406
3.81778,3.6363,123.905
3.17576,2.71067,60.3694
3.32274,5.276,79.2136
3.33616,3.5781,73.9523
3.43961,4.46212,83.5178
5.32743,5.23991,488.442
4.17835,2.33549,171.787
3.21323,3.4009,62.8407
3.3546,4.22987,75.6651
4.944,3.29231,349.854
4.02631,4.1149,152.381
5.29902,4.57327,477.267
4.80069,4.4751,313.181
5.01196,4.61188,374.078
5.35053,5.05111,495.87
3.91664,3.61047,134.986
3.14399,2.50359,56.7197
5.05069,5.35856,388.669
3.82275,3.50771,123.08
3.21867,6.32472,73.848
3.70775,3.90975,110.242
3.8688,4.30917,128.743
3.8419,3.79323,125.513
4.93106,4.09558,349.661
4.4359,3.4817,222.862
5.55952,4.79117,583.985
3.37794,5.76832,81.3604
4.22167,3.93049,181.736
3.36831,4.51963,79.0245
4.07614,4.8673,161.674
1.14611,6.03628,18.2844
5.68722,2.3166,637.398
4.34817,5.09975,211.299
3.09147,5.79171,62.1578
3.9405,3.06827,135.261
3.28776,2.57834,67.8023
3.87261,4.79414,132.194
3.98671,3.52934,146.072
2.96804,3.29364,47.0497
5.24616,2.75034,448.931
4.05896,3.90322,155.4
5.07946,4.53341,396.702
4.76722,4.54053,304.749
3.92236,3.07392,136.295
3.85494,2.35841,125.938
2.21581,4.47396,24.94
3.08022,3.92504,56.3725
2.92761,5.00641,51.2259
4.03402,5.78378,159.301
4.48755,3.75229,233.345
6.17364,4.19203,917.429
5.0917,4.82425,401.697
2.68022,4.05341,36.775
3.69575,5.57603,111.433
5.37401,4.54767,503.53
2.92407,5.19035,50.3516
3.36887,4.54786,78.779
2.90099,4.41192,46.9778
5.14433,3.14534,415.882
3.23947,4.08495,66.632
3.63376,4.79795,103.653
5.64759,3.56145,622.557
4.18093,5.2743,179.006
3.44039,5.7305,89.2684
5.22249,2.65424,440.98
5.27911,3.73097,464.18
2.48592,2.91701,27.0091
3.36358,5.47784,81.8102
3.79737,2.61697,118.122
4.15727,4.78435,174.969
4.64146,2.26235,265.5
4.43192,3.88733,223.992
2.52352,3.71307,28.6729
4.16471,4.03356,174.033
3.64186,4.33746,103.113
4.39536,2.66915,212.016
1.45035,4.06457,12.5493
4.31807,4.74732,202.553
5.71146,5.24435,659.097
4.68425,3.72414,281.356
5.80204,4.33347,701.306
3.35677,3.11757,73.8524
4.08497,4.74434,161.628
5.89561,3.43972,747.513
2.94998,4.05052,47.0392
4.11667,3.56176,165.061
2.19562,3.85127,20.3939
3.9297,5.73542,140.96
4.52621,3.97741,243.31
3.01274,4.21664,51.5894
5.00952,1.76809,366.24
3.98803,4.73094,146.612
3.24747,4.77157,69.6733
3.04663,2.48285,49.8947
5.98139,4.94083,803.339
5.26054,4.34244,459.355
6.22845,3.27085,949.104
5.58155,4.26211,591.122
3.15995,4.46254,61.3051
4.44094,4.96971,226.876
2.50128,3.57827,29.7976
3.85199,4.58592,128.11
4.7622,2.80607,300.386
5.33463,3.92969,486.764
5.1605,3.81596,422.416
3.75761,4.44465,116.66
5.62541,4.93371,614.207
4.96747,3.67081,357.844
4.03631,5.65591,159.604
3.56191,2.35187,90.6025
4.04456,4.07613,153.855
3.2268,4.08525,65.7752
4.98666,2.71173,361.177
4.93984,4.31347,353.727
3.76132,4.25001,117.959
4.97659,3.85517,363.318
3.70869,3.68312,110.211
2.70683,1.93058,31.997
5.35907,4.50378,497.344
3.24948,6.24552,75.658
5.7516,5.59438,677.71
1.89941,5.00193,19.6858
3.8259,5.13037,127.066
4.21235,4.57696,183.469
3.67289,4.77075,108.79
2.84423,3.6072,42.8015
3.69862,5.83699,113.974
4.77872,4.32713,308.511
3.42063,4.37398,82.402
5.16591,2.4266,420.764
3.79606,4.31643,120.045
4.34759,6.1862,213.881
3.50668,2.99224,84.7239
2.39365,4.46293,28.8471
6.59827,4.48341,1229.65
4.95219,2.41728,350.391
4.2333,4.44779,187.185
5.1775,4.12393,427.192
4.9918,3.8542,365.545
3.49912,4.7481,90.1943
3.91974,3.86587,136.555
6.87614,4.16117,1474.85
3.85527,3.75684,127.308
4.47456,3.22524,230.08
3.24518,4.5858,68.6149
2.73103,4.22422,40.6123
4.2955,3.10576,195.713
4.10478,3.7247,162.44
4.27306,4.07915,193.274
3.08277,3.48133,54.0775
2.44632,5.53745,34.8701
2.72538,2.49142,33.696
3.80158,4.57163,123.068
4.65682,3.91134,273.872
4.61114,5.62695,268.355
2.72819,4.21369,39.7452
3.84335,4.52613,126.735
0.610294,3.3822,8.15543
2.60055,3.14967,32.0295
2.8587,4.33552,44.7637
3.17359,3.69291,63.036
3.04303,3.1895,52.6885
4.14652,5.21044,175.373
2.69819,3.42292,35.4292
4.92636,3.25409,344.676
3.56574,5.43843,100.411
3.93721,4.1233,139.447
4.05149,3.04118,151.675
5.37434,3.51029,502.734
5.68845,4.2896,645.285
3.11393,4.06482,56.9927
3.77785,4.36152,117.009
4.43206,2.9379,219.646
4.05578,2.81913,152.87
4.4601,3.18461,226.41
2.9793,2.93284,48.4464
3.19948,4.58864,65.55
1.65125,3.58689,14.0767
3.37823,4.39689,79.2642
3.69148,3.71021,106.676
2.90777,2.31098,41.1418
5.23529,4.83663,452.985
3.07471,3.58832,56.2817
5.49197,6.53692,561.118
3.27019,4.36223,68.8167
6.55505,4.71855,1194.72
2.27336,3.4971,20.1184
2.64447,4.67851,36.7642
5.85353,4.58138,728.188
4.8602,3.82856,326.845
5.08992,4.37734,400.175
4.90768,4.66524,343.446
4.91383,4.3855,343.708
3.38338,2.98848,75.3806
4.89491,5.27896,343.141
4.46425,3.85862,228.83
2.72885,3.70832,38.0405
5.45516,4.05921,536.684
4.00122,4.54149,150.408
5.08718,4.61733,400.559
4.74741,2.68036,294.067
3.91453,3.54942,135.532
2.71212,4.39837,40.2961
3.44308,4.67971,85.3125
3.71411,4.21108,111.076
6.68773,3.72977,1303.17
4.50288,4.46889,239.737
5.35202,4.59774,496.558
4.69583,3.24332,282.343
3.18379,5.62871,69.5431
6.28801,3.145,991.008
3.47596,3.75926,85.8791
4.84605,3.18049,322.39
4.17824,4.52655,178.484
3.67016,3.5728,105.884
3.27433,4.41541,71.1796
3.51291,5.41711,93.4004
3.78116,4.42073,119.482
3.10967,4.70609,62.2456
4.72505,3.00161,287.637
3.66148,2.97396,101.906
5.88144,4.19196,741.665
3.80954,3.07645,119.367
4.2651,5.27118,195.471
5.20926,4.36177,440.612
2.41569,6.06113,33.7328
5.15269,5.43017,423.733
2.22666,3.63726,22.4662
4.40382,3.91332,218.06
1.08443,2.72962,7.6725
4.88184,3.6655,330.715
4.91232,5.31462,347.928
3.96446,5.0453,146.089
4.29594,3.09491,193.136
3.85793,5.11967,132.539
3.2297,3.6717,64.3333
3.76058,4.09244,116.86
2.08876,3.13625,17.1794
5.34821,5.19136,495.678
4.82262,2.49939,313.247
2.8433,2.54837,39.4269
3.31758,4.44165,73.3269
2.93301,2.73099,43.9001
4.14983,3.64547,167.566
3.49616,2.73949,83.9155
2.57765,4.1976,32.4549
2.58483,4.79064,33.7853
3.52044,5.08011,94.2719
2.32249,3.82291,23.9728
4.00803,2.70796,142.989
3.71481,3.14947,108.698
5.08759,3.07291,395.541
4.87201,2.9916,328.752
5.00217,3.86659,369.111
3.91552,3.90798,135.334
5.98835,3.09406,801.77
5.38378,5.25064,510.947
4.07777,3.96154,159.159
4.38978,4.55746,216.97
4.02385,4.64489,153.431
3.80899,4.25415,123.279
3.01781,2.91406,50.3952
3.46638,3.80909,85.9156
4.37461,3.01035,209.422
3.77073,5.95271,123.072
4.10281,2.14386,158.051
4.39615,5.1061,220.025
4.06276,5.01006,160.221
5.45589,3.77114,536.049
4.20276,5.07632,183.876
4.06847,3.99074,158.606
3.07027,4.45431,57.3584
2.84503,2.10449,39.0515
3.48969,2.81934,84.3262
3.09735,5.91729,65.292
4.16147,4.21784,171.056
3.19052,6.21669,70.7451
4.06264,4.3375,157.193
2.98502,3.79933,53.5008
4.73121,2.56883,290.182
3.80219,3.83597,121.128
5.6931,3.39943,642.778
3.65166,2.68561,101.229
3.76631,4.17055,117.583
2.98185,5.57987,56.1016
4.95061,4.77382,356.434
4.55737,3.25047,249.616
2.61299,3.01897,31.8802
4.37728,5.80298,217.528
3.15138,3.28022,56.9006
4.48464,3.68067,232.714
3.4912,3.0961,85.5698
2.65531,4.00694,33.1604
4.35561,4.39545,207.311
5.19391,2.78265,430.8
5.05017,3.16951,383.866
5.62626,5.07832,615.078
3.67882,4.01148,106.082
3.09498,3.73224,57.211
3.30506,3.07155,70.0768
4.50313,5.36225,241.562
3.82029,2.77716,118.714
5.31587,5.90089,485.907
3.7496,4.32913,116.862
3.13859,4.74356,60.3158
4.08774,3.87777,159.294
3.97643,3.94723,145.015
4.65845,2.57788,272.195
4.52284,3.76964,242.605
4.81657,3.5413,313.77
2.97265,2.59447,46.462
4.15842,3.91496,172.127
3.82063,3.97762,123.246
5.21807,4.3708,442.836
4.18164,3.96898,175.698
4.93402,4.54507,351.781
4.26072,4.05948,190.678
4.14896,3.19725,168.009
4.55602,4.07506,249.943
4.38348,4.04324,211.995
4.21427,3.41216,182.184
3.40748,4.53925,82.3975
3.60827,1.63803,92.5911
2.79172,3.00278,37.6957
3.75115,5.89131,121.19
3.05759,2.69453,51.8257
6.26495,2.60343,973.506
3.86453,1.55152,123.284
2.81155,3.52893,41.1874
3.5195,4.6918,92.5853
3.52849,4.27143,92.1089
2.82516,3.46498,41.521
3.92649,3.7282,135.995
4.43824,4.50787,226.715
5.32845,4.87449,487.784
4.93586,4.92934,351.815
3.02492,5.08788,57.8057
3.91081,3.50213,133.794
3.19359,4.21539,64.7857
3.56604,5.13198,97.4795
3.24886,4.38557,67.7165
3.73493,2.17243,107.684
4.94712,5.54676,356.761
5.06093,4.14615,387.88
5.40965,4.6367,517.354
5.0046,3.83752,369.9
3.26448,3.2775,66.2245
4.40849,2.71505,215.67
4.91298,3.84281,341.649
3.23116,4.51202,66.9895
4.29499,3.90037,197.027
2.85106,3.45983,40.8386
3.53203,4.28159,93.4023
4.83343,6.3821,328.321
5.97884,4.15019,797.413
4.63705,5.04189,274.976
1.75079,5.77123,23.2532
3.905,3.74589,133.898
4.82284,5.42767,321.164
4.75965,3.91172,300.204
4.06986,4.17475,158.402
4.32204,5.17536,205.688
2.70783,3.13013,33.1411
2.55966,5.09578,35.0013
5.17501,3.68778,426.208
4.19542,3.3935,178.198
6.24333,3.38047,960.755
1.26484,3.52404,12.2546
3.85159,2.65562,123.468
4.08143,3.84348,161.109
4.16171,3.81141,172.466
4.9378,4.73389,352.391
2.6509,5.35998,40.9739
3.73547,3.98325,112.467
2.61099,3.31244,31.828
3.89643,4.48801,132.788
5.57294,4.34107,587.656
2.60053,3.53729,30.8597
2.90267,5.47746,51.7206
3.12957,3.69166,60.1855
2.8511,5.10493,47.8247
4.50998,4.00509,240.946
4.37046,3.86985,210.555
6.24849,4.27639,967.527
3.64372,4.63875,102.342
2.95321,2.58456,44.5448
3.75958,3.5814,114.657
3.88048,3.82054,130.644
4.52205,2.8053,240.589
2.98532,4.61404,52.9557
3.10175,2.91449,54.0773
1.69216,2.80186,12.1164
4.44901,4.05538,228.528
5.15153,5.89335,425.306
4.16554,4.77877,176.342
3.84259,3.24202,124.425
3.40595,3.78834,78.517
3.9489,5.24511,144.317
2.94043,4.30774,49.3348
3.25512,4.78474,70.5815
4.26161,3.78127,190.85
5.2927,3.85875,470.106
3.50054,3.24763,87.001
5.07482,4.80271,397.246
5.67157,4.23436,635.902
4.0066,3.85945,150.153
5.53962,4.86993,573.479
3.39297,3.83321,80.6653
3.90888,3.42396,132.301
3.14128,3.86317,60.3397
4.9234,3.31191,342.568
2.60136,5.29958,37.5053
4.53812,2.67956,244.629
5.10746,3.93276,404.007
3.78784,2.83556,117.942
2.52196,2.89966,28.0378
2.89505,3.88996,45.14
3.80502,5.00207,124.804
5.21103,4.63835,442.622
3.31892,1.10702,65.2171
4.43791,3.72903,226.256
5.02997,4.57094,379.871
4.43248,4.48342,223.696
2.80043,2.90576,39.3584
2.9559,4.43991,49.4743
4.04688,5.3608,159.839
2.06796,3.77871,18.7655
4.53514,2.89911,242.694
2.13019,4.9144,25.6389
4.26061,4.70876,192.521
5.07386,3.26005,391.387
3.05806,3.19967,52.8801
3.735,3.59333,110.53
5.14066,4.94998,417.773
5.3329,4.50986,487.232
2.72209,6.02515,46.0753
3.9784,3.76781,144.428
4.71626,5.06366,293.513
4.703,5.34697,289.792
5.26113,5.05462,461.5
4.40775,4.89182,220.118
4.77204,4.38851,304.084
3.82185,3.8674,122.459
4.64378,2.47003,267.989
3.15064,3.95737,61.3052
3.441,3.65005,82.4678
3.39712,4.14102,79.151
3.85092,4.19969,127.917
5.73005,1.91224,658.111
2.66897,2.97198,33.0313
4.20083,5.22625,184.767
4.03948,2.30783,149.651
3.61041,3.07653,96.2068
4.98757,3.47979,362.356
3.56253,4.21958,95.3826
5.40192,4.12844,514.394
3.85445,2.91687,124.355
4.0573,2.79259,154.545
3.36289,5.44826,79.6305
4.33005,4.59975,205.728
3.0801,6.05194,62.8427
5.02642,4.08028,378.271
4.00169,3.36121,146.174
3.62026,4.85604,102.626
3.98693,2.22603,140.398
3.60428,3.79111,98.0687
4.50873,4.68298,241.495
3.7613,5.45586,120.816
3.34456,3.67538,73.282
5.3412,3.74741,488.986
2.95919,3.05036,46.6108
3.05622,3.82769,54.4037
4.19371,4.29539,178.712
2.64999,5.19,38.3875
3.89073,4.03553,131.638
4.61527,2.16359,257.869
2.06355,4.2501,20.4874
3.97533,3.9403,143.456
3.57762,4.55413,97.8332
4.33433,4.62199,205.084
4.35324,3.92065,206.407
3.82939,3.43949,121.374
5.64622,3.75039,622.134
3.72965,5.17312,115.572
2.25723,2.61533,19.7624
3.74655,2.71292,111.615
2.72925,2.18699,34.8366
4.48408,4.40904,235.658
4.02718,2.88334,148.784
5.4433,5.15175,535.766
5.57493,4.55262,590.533
4.03575,5.59681,157.824
3.60469,4.05847,97.7794
4.57445,3.55459,252.977
5.22275,4.61031,444.441
3.97162,4.58346,145.953
2.40138,3.61916,26.5567
4.04363,3.72786,153.486
5.59235,3.14296,593.811
3.55227,5.38092,96.2915
3.73046,4.58259,113.244
4.08671,4.42116,162.56
4.76684,4.57099,302.594
4.20745,2.56492,177.5
5.93283,4.23883,772.735
3.49946,4.27821,89.3415
3.47636,4.10765,86.1161
2.48842,5.26653,32.6094
4.18094,2.0711,171.821
4.21753,4.30559,182.283
2.88418,2.80295,40.6582
1.51034,4.91646,17.1056
5.28137,4.66561,469.039
3.05371,4.78441,56.253
3.61947,3.00415,97.016
3.58758,3.67368,97.864
5.25308,4.01463,456.471
1.91356,5.9985,24.9219
3.60689,3.74717,97.7907
3.41305,3.45404,77.7587
4.93793,4.68949,352.032
4.46192,4.33578,230.478
5.06011,4.96856,391.394
4.96767,4.49383,361.325
3.38208,3.55258,75.3319
2.34755,4.46263,26.347
4.50075,1.87616,233.114
3.62961,3.41368,96.2783
4.19014,5.12228,181.681
3.02055,5.38488,57.4005
5.25286,3.41807,454.204
4.09017,4.69478,162.599
4.99937,4.89138,372.438
4.08539,6.50864,170.807
4.67922,5.21286,282.852
4.5884,5.64596,265.554
3.9577,6.33282,148.699
3.48137,3.32192,84.2269
3.40984,3.34217,78.9271
4.56534,2.82555,249.848
4.09261,4.2616,161.53
4.97592,2.33932,357.305
4.72342,2.7185,287.417
3.81203,2.31395,119.574
4.217,4.59604,182.265
5.0109,2.88586,369.127
3.73705,4.82952,115.613
3.88938,5.43255,136.239
4.59194,4.68122,261.369
4.34787,2.8845,203.948
4.90342,4.36512,341.73
3.57027,6.12255,102.329
3.40604,5.82028,86.8821
4.56965,3.31898,250.818
5.4625,4.56804,543.693
2.39557,3.45482,25.0309
4.56856,2.06232,249.009
4.16167,4.05525,173.784
1.98841,2.98912,15.2606
3.50075,3.63674,89.078
6.15007,4.67869,902.923
4.73614,4.583,296.624
4.31794,3.29409,198.352
1.52308,4.33378,14.6482
3.63482,5.25756,106.363
3.57865,1.23735,90.848
3.58203,4.58925,97.655
3.52488,5.61851,95.8464
5.2273,5.16947,449.523
4.45694,2.61524,225.756
3.85977,3.21583,127.224
3.50361,4.21695,90.5457
4.10627,3.24959,161.207
5.13031,5.92696,420.741
2.55036,5.55908,38.0122
4.32261,3.79946,200.936
4.87302,4.91263,336.48
2.87269,4.26093,45.7062
4.5361,3.86001,247.016
5.40402,5.36949,518.657
4.59961,2.36539,256.547
3.67055,3.94509,104.326
6.13523,3.45321,890.161
3.22045,2.29574,62.6523
3.15054,3.40146,57.4426
1.97462,5.4603,23.3207
5.135,2.79498,411.22
5.15264,4.74476,422.542
3.48633,3.56393,86.4738
5.22129,6.9893,455.864
4.74429,4.08682,295.308
3.16889,3.57094,62.4197
5.21899,2.90427,440.218
3.47362,4.86455,87.8842
4.39177,5.19729,217.264
5.51774,3.10995,560.103
4.57656,2.80958,252.875
4.45043,3.86717,225.506
3.52141,3.28458,89.3797
3.33346,4.08548,75.1226
2.84936,4.06125,44.7123
3.90515,3.69854,135.688
3.78795,5.23726,123.592
5.59183,4.67272,597.759
2.96749,4.35307,50.8841
3.9557,4.53038,142.743
5.15839,3.55687,421.102
4.47206,4.87523,235.691
3.86189,5.89474,133.911
3.00664,5.70371,57.7899
3.87637,3.85771,129.933
2.61518,3.40015,32.8929
5.52238,5.36667,568.628
3.54571,4.67283,93.2342
2.19492,5.78801,27.8538
4.23187,3.97612,186.1
3.4243,2.33523,77.0604
1.55252,3.478,13.133
4.13948,3.62345,168.233
1.48863,4.46693,13.7704
5.95259,3.53769,780.404
3.08422,4.39768,59.1833
5.35682,2.26157,491.023
3.5679,4.41596,96.6963
2.32953,4.3734,26.0441
5.76359,3.51761,679.093
3.09401,3.87275,58.1419
6.09979,4.48078,870.205
4.8559,4.33088,327.13
3.84596,6.90233,136.898
2.24011,3.58103,21.7766
2.88311,4.04709,45.6959
5.28399,3.43118,466.438
3.53448,4.68706,91.4137
4.16415,3.17768,171.15
6.25397,2.93759,964.909
3.79584,5.44238,123.908
4.14033,4.59062,170.202
4.37091,3.44501,208.316
3.48898,5.37915,91.741
1.83424,4.69192,18.7443
2.58393,4.65119,35.4024
4.68103,4.6387,282.647
5.73477,5.30431,667.432
3.58904,2.82002,92.9985
4.3109,4.01434,198.372
5.30683,3.41988,473.856
4.62862,4.06756,267.543
2.96818,4.17344,50.2198
1.25631,2.61808,9.00232
3.89694,4.62821,137.321
4.48192,3.50253,230.671
3.3737,3.44301,76.4327
4.11431,3.65927,163.619
4.35225,3.03032,204.28
4.79305,5.21435,311.234
3.29271,5.69021,76.9782
3.00994,3.98629,52.7893
2.02182,6.04691,25.8966
3.25217,4.65032,69.3106
4.9137,3.95497,343.127
5.46223,4.99817,542.074
2.64274,4.18555,35.2527
4.48515,3.84624,233.881
3.70875,3.22384,107.604
6.11292,4.2414,877.814
4.28781,3.49828,192.337
5.04928,3.32822,383.776
4.84472,4.9002,324.935
4.53978,3.85613,245.805
6.13065,5.45729,895.181
3.40681,5.79586,86.7418
2.45402,5.14862,32.3368
4.30417,3.88609,199.049
3.89222,1.728,128.003
3.4012,2.75544,76.1135
4.367,5.51635,215.205
2.37047,3.19245,24.1143
3.89721,4.85986,133.257
5.02012,3.22811,374.003
4.53228,3.93677,247.572
2.21969,4.97814,26.476
4.33595,2.24498,202.843
3.02112,3.57344,52.3594
5.32467,3.75457,484.152
4.79858,4.3702,312.384
3.8037,2.91437,119.134
3.27912,3.61098,67.2829
3.50822,3.94908,90.0952
3.81247,3.54764,121.532
4.13287,5.32981,172.92
4.61181,2.98437,260.384
3.07091,4.85383,58.9335
1.89758,3.03588,14.8627
2.54772,3.46104,30.7123
3.02044,3.99705,52.625
4.13576,4.73256,170.283
2.68423,2.89108,32.6818
3.02738,3.87088,53.1433
6.23498,3.94838,956.677
3.93213,3.39758,137.06
3.03852,4.3804,55.2964
3.59007,2.88534,95.1171
3.66378,4.33398,106.494
3.6531,4.17981,102.654
2.88092,3.51034,42.5325
4.44842,2.5662,222.633
3.6516,4.21319,102.869
2.88884,4.70385,46.5796
3.8936,5.15602,137.786
4.20725,5.29077,184.431
2.77227,4.09671,40.2155
4.43204,4.74307,224.599
3.5767,3.38131,91.6278
4.75783,3.41247,296.949
4.66441,5.71648,282.182
3.37866,1.31381,73.0673
3.3625,5.4659,81.1611
4.18067,4.32895,177.842
5.24874,3.50273,453.197
3.91829,4.40896,137.651
4.8858,4.9468,339.498
5.3145,2.34519,475.291
3.67696,3.81657,106.019
4.47418,3.06531,227.761
4.35914,4.37567,210.026
4.16986,2.37572,172.773
4.9876,5.63164,371.941
4.23601,4.72847,186.066
5.05428,4.59283,390.315
5.61214,3.48753,605.307
2.91878,4.55624,50.227
2.8864,4.52023,46.8644
5.0625,4.25429,389.844
4.86207,2.97579,325.189
2.78288,3.78581,41.0903
3.19445,4.14105,64.0851
4.55944,4.6624,252.382
4.91865,5.35876,347.882
4.16849,2.50842,170.996
3.82374,3.4342,120.862
2.88221,2.06619,40.8953
4.83145,3.30005,317.277
4.721,4.31672,292.226
4.32694,4.88573,205.952
4.94802,3.20291,350.81
3.16514,2.5696,59.2205
4.60694,5.17699,265.529
3.11015,3.56844,57.592
4.6601,4.31331,275.629
2.83783,3.29185,41.9145
4.29088,3.50068,193.353
4.1368,4.22716,168.004
3.85074,5.31388,131.498
3.7199,4.61222,113.139
5.03264,3.36438,378.361
4.54907,3.67281,248.305
2.20048,5.74967,28.2662
3.52509,3.91809,92.2772
2.11158,3.12827,18.4231
4.34001,3.93922,205.632
4.57693,2.74263,251.017
3.9835,3.85866,145.882
3.8808,3.87623,131.134
4.51068,3.03363,238.234
1.85627,3.69014,13.854
4.4766,5.18476,236.83
4.03895,5.17184,157.93
3.79362,4.58334,122.649
4.13896,3.75733,167.576
3.98353,3.67718,143.186
4.35771,3.55793,206.635
4.26198,3.5452,189.467
3.598,4.19676,97.3038
3.66562,4.11578,105.158
5.08103,3.96566,394.141
4.34526,5.9029,211.733
5.3258,4.55237,484.274
2.65084,4.66297,37.1272
3.55478,2.92548,90.3155
1.62016,4.0613,12.7809
3.86969,2.96713,127.745
4.32256,4.0443,202.499
6.07817,4.63485,858.464
4.40584,5.77677,222.782
3.73968,4.26744,113.804
4.21407,2.99108,178.008
3.45992,3.57097,82.0989
4.78899,1.5895,302.472
3.79938,5.58161,125.495
4.7982,3.38061,307.774
3.57675,3.19269,94.2428
5.73514,4.70273,667.867
4.37559,2.72286,210.307
3.28107,6.05381,77.1345
3.89748,4.01249,133.789
3.2296,3.66034,65.641
3.2636,4.88494,73.1808
4.10358,4.20973,164.102
3.55591,4.18738,94.7025
3.31891,4.4007,73.7889
4.01585,3.00291,147.674
4.91117,4.4682,344.179
3.5926,4.69551,99.3852
4.22199,3.48906,183.741
2.82636,3.56363,42.4855
3.81139,3.39292,120.569
4.10157,5.04961,167.432
3.36554,3.69469,74.1502
2.85005,4.83989,46.965
4.90479,4.43576,342.334
4.13425,3.27312,166.818
4.35435,3.49546,206.753
4.35935,4.1391,208.504
3.26557,3.70391,68.2831
1.95421,5.31351,23.0619
4.89125,3.68559,337.17
2.27032,3.76644,24.3707
4.7299,3.29639,291.156
5.79708,4.9247,699.359
4.2776,4.0335,193.111
5.47744,4.28328,546.157
2.92954,3.99083,48.0196
4.89604,1.13995,332.749
4.35898,4.12351,207.793
4.34589,4.41893,208.345
3.093,4.20634,57.9351
5.73459,2.08549,661.255
3.68586,2.42568,102.762
2.57556,4.09978,33.0471
3.40879,3.76114,80.545
2.98796,3.25945,49.792
3.08774,3.04235,52.3212
6.11871,5.33074,885.548
5.43723,5.0476,532.178
3.98901,0.502496,140.377
3.36955,3.7225,74.6726
5.27689,2.87476,460.824
2.50317,5.08371,33.8437
3.8601,4.40198,129.72
4.4738,4.62038,232.363
5.65053,2.82872,619.266
5.37429,5.20908,506.549
2.77449,2.81413,36.4599
4.15301,5.58715,177.073
1.89189,3.15036,16.0631
4.87293,2.062,327.839
5.45759,2.94487,535.395
5.0897,3.42141,397.825
4.4465,4.43937,227.396
5.80766,4.22979,702.062
5.22684,3.87404,445.275
3.73987,3.85932,112.483
4.65746,4.07796,276.243
3.60418,3.60572,96.2505
5.6583,3.5692,626.287
3.69026,3.26243,103.743
3.70943,2.58043,106.367
6.21127,3.49308,939.128
4.22863,4.68361,186.599
2.19728,4.68458,24.4697
5.16226,3.58186,421.832
2.90717,4.05198,47.1924
3.07032,3.67092,55.5125
4.00546,5.46185,153.765
3.36823,3.89332,77.3523
4.72003,3.37127,287.461
5.30324,3.3381,475.034
4.75102,3.64402,296.284
4.10436,3.88014,161.688
4.32807,2.76198,199.152
3.28488,3.72593,68.0148
3.66179,2.98349,102.185
4.79322,4.06339,310.342
2.72809,4.76468,41.2993
4.89557,4.07948,337.382
2.49525,5.69003,36.6651
4.27269,4.11396,191.767
3.51539,2.69806,86.0933
2.84932,2.56027,41.0582
4.93334,3.64526,348.14
4.98388,4.21306,365.054
3.36374,2.76408,73.9585
5.24831,3.91747,454.546
4.06289,4.50965,157.309
3.79515,4.60416,124.256
5.90357,4.29314,754.629
6.06396,2.7034,845.088
1.46672,2.54818,10.4216
4.48629,5.09135,239.877
1.76219,3.15324,14.1865
4.29453,2.95569,193.261
5.48766,4.58686,548.652
2.68296,3.45825,35.0972
4.14357,4.0455,168.921
4.75072,3.55868,295.823
2.01598,4.35091,21.1814
2.96879,3.98848,49.6012
4.63737,3.9064,268.277
5.22848,4.10758,447.264
