3
3.16074,3.05207,139.677
3.77172,5.60062,1057.12
4.78872,4.78503,616.516
3.62763,4.04269,351.168
5.06887,5.68934,1115.9
5.02325,3.49945,219.204
5.21288,3.01253,134.601
3.49734,5.05671,743.54
3.77964,6.63067,1910.34
3.44863,3.04776,140.997
3.93238,4.61547,545.795
3.01403,2.71505,98.0923
3.3759,6.40406,1688.98
3.66798,4.17288,389.834
3.58146,4.51944,507.327
3.66732,4.1618,383.796
4.18983,2.99059,132.355
4.47406,2.84376,115.249
2.94439,3.45742,207.869
4.10746,3.23571,169.037
3.78303,5.89339,1261.23
5.50416,3.52636,223.776
2.72868,5.35333,903.075
2.26376,4.44248,478.712
6.35267,4.64469,556.964
4.92502,3.7819,281.069
3.99778,3.65684,252.726
4.68664,3.46758,211.959
5.65449,4.02173,343.644
5.02126,5.16477,799.683
3.52253,4.35181,447.207
5.79129,3.01424,135.696
3.84787,3.58569,234.355
5.93613,4.05065,350.918
2.01793,3.00799,135.948
3.73544,3.8059,285.781
3.45261,5.24735,845.735
4.18557,3.84834,297.625
5.58752,2.61034,90.3459
4.13112,3.60266,239.664
4.4029,5.47237,976.152
5.18222,3.62122,242.991
4.9958,3.95222,324.341
5.14239,4.95687,693.047
5.0061,3.62248,244.368
2.49676,3.39979,197.304
6.0789,2.87992,119.118
5.11596,1.26478,14.3778
3.18964,2.71266,96.2827
3.89984,5.62429,1073.34
4.31255,5.96697,1317.82
3.41887,3.80958,287.851
3.95922,4.5038,501.026
5.84353,2.94642,127.164
5.19935,3.81156,287.753
3.24007,3.76657,278.017
5.26253,4.30325,430.723
5.46101,2.73891,100.471
4.34079,4.89561,666.656
3.83445,3.65011,248.045
3.9788,3.5886,238.035
2.39535,3.91533,313.853
4.96112,4.42088,469.869
5.4941,6.14408,1461.58
5.09846,1.39449,18.7435
3.339,4.33459,439.833
3.82716,3.43312,204.137
4.92194,2.5529,83.7175
3.86394,3.88132,303.311
5.90977,4.48878,496.869
4.70256,2.73896,100.55
3.50791,3.69743,257.851
3.86341,2.71088,96.7467
4.52138,4.88983,663.406
5.15819,4.71831,587.376
3.92713,2.71479,99.3218
2.84595,4.04817,349.107
4.48752,4.77445,612.37
3.89983,2.80233,108.881
4.56766,3.67904,256.43
2.97753,3.82642,290.606
3.37459,4.13972,377.481
5.58209,4.11921,371.691
5.57355,3.38448,196.289
3.54181,3.02191,136.017
3.71963,4.71013,581.526
4.37963,3.77271,278.117
3.46086,3.92058,313.469
4.60907,3.10215,149.664
4.86855,4.50937,504.035
1.95434,3.61055,240.075
4.56025,3.17224,160.492
3.32011,4.75855,603.005
3.96453,6.15287,1467.86
4.83497,5.97219,1324.43
3.44531,4.3411,442.702
3.58496,2.65656,91.6729
5.11148,5.3087,877.822
4.31154,3.684,256.196
3.41816,5.37908,919.03
2.87228,2.86019,114.194
3.24621,2.80523,107.365
5.25307,2.94926,126.381
4.58966,3.2924,178.636
2.34412,4.02559,342.996
4.57983,5.01591,723.29
5.23052,3.29667,181.449
2.78701,4.64268,556.225
3.24903,4.95699,693.05
2.54585,4.19826,396.541
4.02668,4.63443,551.24
3.75824,4.6303,551.503
4.30473,5.96942,1320.19
5.6435,4.25652,416.186
3.31009,3.59169,238.489
3.70647,3.34926,190.062
5.32969,4.02403,345.595
4.33511,5.29505,870.674
2.95142,4.1351,377.277
3.38255,4.33416,442.94
3.30596,1.75606,29.7518
3.52629,3.52745,223.583
5.35846,3.4744,212.63
4.45002,4.21134,401.772
4.19763,3.93203,319.823
4.38243,2.63068,89.3851
2.07994,4.89074,660.5
2.55169,3.98963,335.53
4.05754,5.3688,913.697
2.64974,3.61159,239.14
2.86271,3.16937,158.104
5.68139,4.1798,391.506
4.88207,3.87985,304.281
4.7966,4.46516,489.034
4.08977,4.66004,564.128
4.1392,4.36791,452.373
4.88636,4.27047,420.632
3.57453,4.31059,432.399
4.50804,4.83987,640.667
3.05382,5.40184,933.514
3.49982,4.99984,714.969
3.05636,4.21607,400.404
4.35527,3.42741,202.441
3.71377,3.85809,299.21
3.86073,3.09474,147.383
4.48543,4.0709,358.747
3.40358,3.38711,195.93
2.62947,5.04285,736.399
4.78151,5.52813,1012.09
4.37501,5.35382,904.748
3.22113,3.69547,259.956
3.7315,3.3133,182.6
4.77636,3.9514,323.059
2.18858,3.11494,151.45
4.36061,3.87708,303.925
3.53581,4.50699,503.232
3.93116,4.20062,398.043
3.70712,3.22609,165.793
5.21741,2.04366,45.3174
4.24853,3.77244,278.436
4.05566,5.88951,1259.12
4.6868,2.9981,133.922
4.81292,3.55425,230.069
3.02379,3.84833,297.958
2.84313,4.74178,596.379
4.08289,4.87594,655.709
2.67162,4.21099,399.665
5.14286,6.20767,1514.73
3.21056,5.66429,1100.34
3.18094,3.38575,194.673
5.14523,2.66116,93.4292
4.28322,3.82769,292.484
3.94708,3.9007,309.996
5.41537,2.73015,101.141
2.66365,3.83347,293.747
3.18235,3.36364,192.103
3.44974,6.02563,1364.26
3.25867,4.97171,700.757
5.68091,4.43408,477.649
3.28701,2.37487,66.4289
2.89906,4.89548,665.083
3.76639,4.38127,457.094
2.96516,2.83119,110.871
5.99564,2.52232,80.6435
4.91593,4.42905,474.47
5.43395,3.45036,206.919
3.59942,3.38501,195.009
3.2537,4.99171,710.867
4.60804,3.73119,269.216
4.40134,4.07138,359.184
4.24914,3.36846,191.023
3.13472,4.53382,514.418
4.51265,3.89997,310.341
4.59908,5.78585,1186.17
3.9363,3.84248,294.425
3.02766,3.33484,186.865
2.49538,3.81585,288.125
4.32383,4.10634,368.473
3.4398,4.62966,550.778
4.48951,6.10047,1423.63
2.53574,4.68213,571.033
5.034,4.37025,453.184
4.05547,4.55938,524.9
1.3283,3.5924,235.512
4.76814,2.62265,88.5611
3.23099,3.64965,249.96
3.10245,2.9289,122.944
5.04747,3.69802,259.506
5.15323,4.22898,404.362
2.23214,3.04868,140.753
5.75364,7.65869,3185.08
3.36449,4.1889,393.694
3.53077,5.09147,761.51
4.45271,5.3491,901.497
2.13659,5.0923,761.35
3.21553,2.51983,78.8329
3.86715,4.91261,672.736
4.68126,4.58317,531.215
5.16546,2.85272,113.871
3.92609,3.71477,263.53
4.08692,3.68453,260.302
3.88009,4.24035,410.456
2.87512,4.96464,698.427
4.12158,5.15736,796.455
4.6519,3.50679,220.633
4.00624,3.46887,209.598
3.85076,2.99613,132.914
3.30681,3.63139,245.601
4.05858,4.01602,343.141
4.87014,2.48193,76.1724
3.95687,6.50823,1788.01
5.61554,3.65342,251.022
5.89902,2.59971,85.1954
5.10535,4.64418,556.96
4.70548,5.24493,843.048
2.6147,4.99691,714.058
3.64054,2.201,51.9217
5.20819,4.2561,415.44
4.43697,3.85679,298.681
1.91873,5.45559,964.676
4.35277,2.45112,73.1336
2.01799,3.8217,289.802
3.64663,4.55581,520.289
5.16748,4.78504,615.967
3.47076,4.0117,339.64
4.51947,3.28741,179.263
2.5265,2.39721,66.8067
4.27385,7.19349,2547.15
4.22119,5.53267,1015.71
2.52127,6.4577,1738.68
2.05589,1.98826,41.508
4.07073,3.85264,297.15
4.21705,3.77608,279.273
2.71168,4.79615,620.477
1.33495,4.37946,455.329
4.30248,3.32587,183.331
3.20777,5.09864,765.181
4.20297,4.03654,348.472
4.40448,4.65484,560.997
4.62005,1.55326,23.9867
4.55927,2.99854,133.75
4.32917,2.49174,77.1765
2.54492,3.15799,157.606
3.5734,4.69671,577.289
2.81187,4.41798,470.91
4.51147,4.2606,414.477
3.03296,5.0965,763.546
4.60467,5.02979,731.189
6.26183,3.85817,299.591
4.70095,5.53316,1014.4
3.43799,3.80638,286.857
3.55261,3.92675,318.462
5.11256,5.66035,1098
2.49685,4.34929,445.196
5.01949,4.062,354.355
1.75656,2.91206,118.896
4.7275,4.02021,342.378
3.23149,4.66054,562.958
4.95418,4.26224,417.508
4.93224,3.45615,209.406
3.92919,2.17026,50.8264
5.05698,3.78571,281.251
4.64792,3.64933,250.39
3.97903,3.78668,281.869
4.57575,4.28655,422.633
6.03652,4.76563,606.837
3.59059,5.26524,854.684
3.59696,4.52147,508.606
4.00202,4.87152,653.294
3.69712,4.24178,409.375
3.85035,4.47334,490.436
4.5769,4.88965,664.912
3.38209,4.52187,507.859
5.30326,3.45,208.082
5.10008,5.59488,1052.83
4.7541,3.98218,330.986
5.10988,3.79214,286.709
4.63571,4.34302,445.369
1.29134,4.67526,568.809
3.99011,2.98426,131.257
4.64331,4.81012,627.577
3.0307,1.85449,32.6075
4.81855,3.18065,161.614
3.57799,3.10654,148.36
2.28934,3.2199,166.352
5.0644,3.59678,237.76
5.20181,4.32846,437.618
3.65433,3.19386,162.8
3.54865,3.3821,196.108
3.84715,3.91261,313.283
4.70691,5.02733,730.507
3.58489,4.40207,465.455
5.96493,3.983,332.845
4.29184,4.16767,387.456
4.8104,3.27295,176.039
3.63404,4.63742,552.23
3.20753,4.85218,645.323
3.82356,5.94439,1300.15
4.17077,4.46347,486.492
3.89711,3.04189,139.358
3.0011,3.45333,207.566
2.98873,4.77001,607.277
3.48165,4.17895,389.858
3.93684,2.14436,49.0192
6.19073,4.26154,418.155
3.35404,2.88397,119.565
5.23319,4.05981,354.792
4.8384,2.04948,43.012
3.90833,3.43777,206.544
3.02351,4.38732,458.418
4.12606,4.51455,505.357
4.26232,4.44534,479.355
4.96125,4.62162,548.524
5.68598,2.8811,118.357
2.91226,3.98498,332.951
3.98068,4.17189,387.987
4.12284,4.09294,363.59
5.74286,4.5036,502.876
4.85621,3.86458,301.507
4.68937,4.2411,409.04
3.04992,1.98565,39.8692
4.59743,3.21498,165.636
4.1592,2.21924,55.4121
5.13806,3.02022,136.495
5.22575,5.26253,853.519
6.07367,4.42496,473.202
5.66692,5.5073,997.833
4.96806,3.33137,186.333
4.39789,3.60412,240.156
3.49313,2.57409,80.7821
4.62115,4.94667,688.822
4.55887,3.81217,288.855
4.35138,4.5938,538.291
4.76727,5.18078,807.608
4.27686,3.72264,266.413
3.13308,4.18559,391.276
3.58303,3.62766,242.683
4.9953,5.78496,1184.29
5.1104,4.3895,460.964
4.38559,3.45205,208.013
2.47503,4.60734,541.384
4.63985,4.44903,481.603
4.88301,4.22471,404.82
4.93585,4.14589,380.399
5.23265,4.49298,497.569
4.72199,3.13425,155.75
2.98331,3.03003,137.256
3.83219,4.46443,486.197
6.58661,3.35974,193.48
4.82743,3.98479,333.239
4.65817,2.8502,114.666
2.89863,3.36399,192.015
3.59811,3.86924,301.988
5.71664,2.53446,80.7963
4.35204,2.01796,43.3179
2.72682,3.12533,153.69
3.92977,4.93997,685.18
4.89634,2.98919,132.366
5.40109,4.18764,394.493
3.18539,4.62606,547.991
5.2093,3.08807,146.924
3.82984,4.5085,503.966
5.31945,3.85217,297.013
4.53537,4.13401,377.638
3.29761,3.5571,229.465
4.60783,4.09712,366.466
3.3252,4.77241,611.283
3.30693,2.25939,58.7081
5.35477,5.32571,887.547
3.02212,6.15833,1472.18
5.06172,2.6555,91.6862
3.24724,3.91068,313.363
4.13539,3.40875,201.627
4.13704,5.57684,1040.77
4.15347,1.98238,42.1628
1.44222,2.7889,106.144
1.87663,5.2561,847.756
4.38761,4.35836,449.169
4.56959,4.39742,463.006
4.64514,2.90492,121.229
1.5901,5.13817,786.388
3.20268,5.31076,878.991
3.41088,5.28405,864.769
4.52544,3.25416,172.96
3.48412,3.26736,175.471
2.92127,4.29524,426.39
3.6478,4.60643,542.947
3.96402,3.8303,292.641
3.8473,2.96429,127.995
3.15813,3.39411,195.819
3.65447,3.97038,329.465
5.16733,3.29664,180.821
2.65534,5.09786,764.003
4.52799,4.5419,516.661
1.98813,2.13887,49.4415
3.81193,3.56139,231.497
3.13153,4.52533,511.601
2.97674,6.34573,1635.24
3.8449,4.09327,363.621
3.39682,4.78023,613.68
5.1257,3.78061,280.597
3.82252,3.73966,271.929
5.62621,5.08078,757.731
5.65836,4.53597,515.197
4.70643,3.99722,337.31
4.96202,3.50555,218.986
4.14231,6.18081,1490.24
4.41036,4.01008,340.495
4.48099,3.1598,155.933
4.18986,5.03798,734.675
3.997,3.09209,143.79
4.44678,3.45174,209.242
5.12857,5.36433,911.02
2.97728,5.78349,1182.85
2.70899,2.64955,89.4139
2.81295,5.32647,888.477
2.77023,3.2078,165.773
4.45277,3.67256,254.296
5.21397,2.92172,123.589
4.77567,4.12878,374.445
4.52268,4.78024,615.27
3.18889,4.70067,579.179
5.77984,5.99732,1342.37
3.95629,4.81995,632.414
5.39384,3.35871,190.374
3.47795,2.90436,119.156
4.60839,4.23634,409.162
4.63345,3.50053,217.737
3.72174,3.05463,143.079
3.62638,2.62526,88.5912
4.92062,3.21785,167.159
3.22483,3.22086,168.159
4.33599,3.36043,192.244
5.4308,4.19974,395.558
3.28742,2.55464,82.5512
4.5818,4.47834,491.853
4.76912,3.16036,156.689
5.76451,4.45762,485.699
4.09568,3.7574,274.538
3.4879,2.76767,103.899
4.09482,4.84481,642.142
4.76433,4.22448,405.114
4.72001,3.05193,141.699
4.3127,4.82818,635.469
2.61882,6.0076,1350.9
2.98981,3.69489,259.763
3.51549,5.46385,970.107
3.73829,3.10602,147.243
5.48584,4.1529,381.737
5.44932,4.69493,577.413
2.84078,2.19262,53.034
2.08312,4.7357,593.725
4.07604,3.86082,300.526
5.16799,3.19815,164.697
4.32493,5.00524,718.448
3.2055,3.35533,192.171
3.49282,4.03699,348.046
3.74258,5.44802,961.782
3.42802,5.26042,852.978
4.61147,3.53714,226.138
3.23284,4.4876,495.498
6.24089,5.52732,1010.31
4.36687,4.08913,361.578
3.64482,3.77119,276.735
3.34157,3.7863,281.361
3.05233,3.95701,326.522
2.36864,4.46264,486.947
2.92028,3.49205,215.732
4.44849,5.35138,903.557
4.14336,4.66716,566.903
4.22347,3.40689,199.808
4.73674,5.00792,720.199
4.29572,3.76372,275.529
3.89188,3.11801,152.158
2.86268,4.99938,713.607
4.1761,4.0779,360.112
5.66419,4.43504,476.468
2.54562,0.678456,4.95407
2.31042,4.60027,539.151
3.55515,3.81336,287.706
5.99296,3.065,144.123
3.01845,5.40583,934.731
5.16013,4.27964,424.847
2.72561,3.41737,201.288
3.70085,5.66241,1098.85
3.88701,3.8965,308.568
3.69039,4.37548,455.789
5.57273,3.87841,305.213
4.85896,2.29142,59.3032
3.26651,5.0985,764.73
4.94385,2.29791,61.4263
4.06582,3.75849,273.737
4.5136,4.72374,589.648
3.19152,3.36249,192.013
2.31352,5.35104,901.978
2.34387,3.44727,207.111
5.13215,5.11873,776.895
4.30409,4.2596,417.356
2.62503,5.80784,1200.59
4.5276,3.65721,250.717
5.70067,3.95517,324.698
5.45612,3.2772,177.953
3.49245,4.07047,357.925
4.86637,4.54563,518.875
4.62808,5.35629,907.301
4.3619,4.0847,363.19
5.32505,3.24614,172.306
4.91004,3.83435,291.669
3.2716,4.00445,338.572
1.7684,3.95249,324.782
2.91719,4.89394,665.463
5.06106,4.09126,364.058
4.62061,4.90657,670.065
4.39668,3.34064,188.389
3.79942,2.23839,57.9585
4.44814,4.46905,490.449
4.61489,4.78298,613.987
4.50951,3.21011,164.232
3.65728,4.07321,357.852
4.2571,5.44933,963.063
4.47296,3.60678,239.351
3.96451,2.80254,107.546
5.21462,5.61298,1067.89
3.90435,4.93202,681.154
2.94957,2.14555,49.8524
4.06846,3.30191,179.989
3.84621,4.41693,469.39
3.88335,1.80974,30.9527
3.36117,5.65846,1095.49
5.22174,4.24886,412.479
3.90287,5.28546,864.437
4.50534,3.96088,325.889
4.81775,2.84147,113.984
2.65689,3.47465,212.585
6.30381,4.89669,666.068
5.36263,2.34347,63.4865
3.17891,4.32355,437.04
4.37836,3.93932,319.657
2.81152,4.22343,405.15
4.63783,1.97975,40.8377
5.68265,2.06786,45.295
5.11075,4.90645,670.575
3.442,5.47142,976.428
3.58697,4.15919,384.481
4.17407,3.33036,185.013
2.94645,2.18578,51.7858
4.42767,2.75522,102.122
4.22529,5.88272,1256.71
2.30585,4.30246,430.484
3.86304,3.79285,282.516
3.12086,4.30894,431.418
2.73927,4.32971,438.211
4.26949,2.09501,48.2664
3.90314,2.29674,62.8364
4.21134,4.55442,518.93
2.29262,3.33163,185.637
2.56494,1.89437,35.7216
4.54846,3.02845,136.128
4.47002,3.79257,282.048
3.34611,4.12678,371.468
4.229,3.30511,181.153
4.13926,3.83993,294.657
4.73139,3.26681,174.619
4.90647,2.97297,129.614
4.7825,2.2753,59.1666
3.89915,3.88294,306.095
4.70027,6.26067,1559.9
4.39085,4.08227,361.122
1.93371,4.8607,648.676
4.69431,3.87925,303.928
4.34152,4.24574,411.89
5.84435,4.12153,371.861
2.27661,3.46974,211.725
5.00332,4.84004,641.566
4.16579,3.20007,163.154
4.56013,3.78381,279.707
4.50347,4.78634,616.862
4.16542,3.65517,250.092
2.92671,4.65745,560.85
3.41599,4.01988,344.266
5.66058,4.51918,510.108
4.69017,2.91921,123.005
4.40139,1.66057,26.3102
3.64604,3.08157,147.158
3.32203,5.11362,771.817
3.0315,5.08491,756.446
4.0441,4.37293,454.493
3.64291,3.57577,233.378
2.25386,4.01657,340.687
2.13369,6.34783,1638.14
2.87076,4.92689,679.599
4.66074,3.23182,169.956
5.08219,2.90081,121.618
4.44072,5.25691,848.891
4.98677,4.92758,681.543
4.8423,4.03757,347.755
2.88391,3.46777,212.372
3.04807,4.1299,374.835
3.94404,4.64623,556.543
5.72125,2.61471,87.4433
4.03388,3.55708,230.252
4.81994,4.16623,385.595
4.60432,3.02247,137.576
4.36465,3.42309,203.047
5.0914,4.6468,558.361
4.46343,5.36197,908.925
3.02793,3.57057,231.931
5.04601,3.71096,265.164
4.6563,2.94153,125.935
4.09025,4.18951,393.987
5.10023,6.12711,1447.38
3.58206,2.14865,48.9435
6.75676,4.35818,450.2
3.85287,1.54597,22.0814
4.47021,3.81044,287.257
6.04676,4.86988,653.958
2.70306,4.86462,652.239
3.49632,5.70747,1128.75
2.4858,4.29866,428.302
3.59068,4.51483,505.618
3.42481,4.467,487.485
4.74199,5.14271,787.799
4.73869,3.04247,140.753
0.819374,2.67892,94.5261
2.32608,4.54742,517.363
0.640359,5.26897,855.023
4.51304,2.97386,129.631
6.00165,2.68147,95.9909
3.36054,3.07677,145.11
2.63862,4.39304,459.276
2.48745,4.87507,655.227
3.85278,4.72901,590.45
4.57793,3.21337,167.014
5.70537,3.59019,237.377
4.97182,3.03352,139.001
4.32864,4.4146,469.678
2.92083,3.72101,265.567
5.08658,4.94326,687.977
3.81858,4.52639,508.312
2.91451,4.90744,670.306
4.32158,4.8122,626.249
4.00514,2.69446,94.9645
2.8309,4.2647,414.075
4.19005,2.23912,56.964
3.5887,4.37963,458.262
3.25612,5.15307,793.26
5.48313,4.69084,575.122
4.79358,3.33462,188.163
3.9801,4.62593,546.791
4.50793,4.98429,706.291
5.00767,3.59637,236.126
2.9541,5.10334,767.686
6.06726,4.86119,649.605
2.81482,1.80482,32.3136
4.97419,5.55693,1030.89
4.57329,2.91238,121.941
3.24627,4.67569,570.08
3.3167,2.90116,119.264
5.48595,3.93557,320.502
2.64263,4.01231,340.762
5.55833,5.67061,1105.44
3.35152,4.76843,609.749
4.06012,2.84552,113.042
3.23414,2.61933,88.0562
5.07394,3.16344,158.678
4.83011,5.14685,790.609
3.56969,2.84231,113.583
2.64845,4.69764,578.34
4.39368,2.3031,59.3363
4.5337,4.73912,595.064
4.89895,5.59298,1055.09
5.22646,4.05739,354.235
4.75906,4.70752,584.341
4.03976,4.57352,528.054
5.46582,4.36232,448.507
5.26548,4.04989,351.459
3.23649,3.50985,218.896
2.9992,4.50626,501.472
4.59266,4.79755,621.954
4.31242,4.44584,479.869
5.83215,3.55021,230.089
3.7919,4.38343,458.9
2.33598,4.14639,379.277
2.89164,3.27641,175.39
4.98688,4.81231,629.525
3.63137,3.21293,165.795
3.92613,3.16971,157.959
3.36579,3.51746,223.673
4.22229,4.07667,359.507
2.79026,3.50287,219.872
3.70478,5.12728,777.471
4.69552,3.73107,269.249
4.67202,4.22921,406.073
3.25093,4.02253,343.836
4.86993,4.22028,403.718
3.38315,3.66991,252.589
2.0285,2.7976,107.999
2.2647,5.28253,864.848
5.00739,2.98016,132.649
2.74701,5.00874,718.616
4.13076,4.81159,626.452
4.21238,3.4082,200.023
2.83566,1.49895,20.505
3.26194,3.13411,151.821
4.95809,4.11348,368.767
3.43649,4.46528,486.832
3.66208,2.38674,66.9614
4.18374,4.37815,456.35
3.8788,6.94904,2253.47
3.91885,2.87078,116.764
4.05828,2.90529,122.597
2.97805,3.8873,305.927
2.90343,3.31923,184.419
4.67152,4.78419,615.791
4.84997,5.05743,743.831
5.09917,3.64247,247.846
2.64473,3.50898,219.396
3.40115,4.96936,699.321
3.38527,5.12862,781.773
4.07431,5.18136,807.713
3.69859,2.42117,71.5077
4.64844,3.58529,234.822
3.64955,5.40454,935.135
3.6974,4.176,389.83
5.04984,2.81064,109.503
4.19529,5.1263,779.474
3.28904,3.44126,206.678
4.95971,5.09685,765.005
4.10384,2.76428,103.698
3.66471,3.29296,179.658
3.56294,4.84999,644.892
3.24758,2.81665,108.362
1.65309,4.75576,602.473
3.7996,4.24178,409.98
4.20788,4.63534,551.279
5.92773,4.90121,670.205
2.59244,5.07046,751.194
5.23647,2.67249,93.7121
4.51511,4.41493,468.347
5.71423,4.8518,648.347
1.95873,3.81424,289.655
4.58401,3.10046,147.233
1.43628,4.89832,666.939
5.46217,3.09277,147.364
3.85571,3.50484,220.548
3.65426,5.54425,1022.12
4.07791,2.81241,108.615
4.93367,3.25147,171.713
2.56121,3.7335,269.494
2.86652,5.29236,869.981
3.5886,3.37276,192.201
3.23779,2.91713,122.88
4.83148,2.68984,94.926
3.63912,3.99785,337.677
4.36392,2.48584,76.4425
5.84187,3.38189,194.906
3.49594,3.01876,136.425
3.70067,4.24778,413.044
5.40782,3.46718,213.013
3.82127,3.31409,182.122
5.26378,2.94721,126.392
6.00945,4.47476,491.285
3.67616,3.67203,256.758
4.56128,5.1905,812.49
5.4557,3.98334,334.815
3.79373,3.31416,182.049
3.89478,4.53505,512.684
2.04604,3.57613,234.768
5.12706,3.87067,303.714
4.07786,4.1305,374.706
5.97812,3.4488,207.681
3.80701,4.33119,439.554
2.51746,3.36275,189.769
2.70183,2.84492,114.293
2.61714,2.83735,112.27
2.63655,4.22626,406.01
2.79258,5.19829,818.183
5.76705,1.00663,9.23361
3.5461,2.80386,108.911
5.13118,3.89691,309.485
3.19801,4.65341,561.496
3.69022,3.67392,255.66
1.92061,5.7947,1191.44
4.83034,5.23358,836.068
4.43613,3.00921,135.022
2.72766,4.65426,559.612
1.48068,4.51937,506.359
3.97627,4.01815,339.995
3.61272,3.23768,169.327
4.99998,4.30623,430.705
4.15031,3.3154,182.267
5.45755,3.91597,315.942
3.44292,4.06264,355.499
5.95067,3.22298,168.134
5.01959,3.74257,270.792
2.88509,3.01182,135.39
4.85179,3.88602,306.302
4.27497,5.61475,1067.9
6.05262,4.41555,469.317
2.42692,3.90023,309.313
2.97222,3.55613,230.54
3.29949,4.85274,646.778
5.15385,4.39503,459.739
4.71354,2.55052,82.8754
4.48181,5.71082,1131.68
4.28843,6.06902,1398.16
3.16408,3.61835,241.605
4.32414,3.51925,223.168
3.36377,2.96803,129.72
3.58901,4.81413,629.151
3.46057,5.37186,915.615
4.22873,3.53522,224.113
4.78286,4.65221,559.826
3.46026,3.58249,233.921
3.107,3.99434,336.469
2.8367,5.23237,835.615
3.25149,3.31465,182.307
4.41745,5.0134,724.837
2.61595,4.65493,559.442
5.47623,5.87002,1246.4
3.40591,4.67593,569.497
5.21302,3.41738,204.015
4.14868,4.68509,572.553
5.48309,5.38489,922.264
3.82928,2.1871,53.572
4.64644,4.9731,702.994
5.91207,4.52956,511.698
4.61778,4.55627,522.21
4.44547,6.05772,1390.94
5.13187,3.2549,173.332
2.81473,3.27977,177.751
4.0475,5.68329,1113.34
4.63046,3.68354,258.2
5.69674,3.76047,276.418
5.64011,2.21187,54.5619
3.83628,4.88694,659.846
5.62084,3.96983,329.231
2.00141,3.88863,306.828
5.45438,3.84571,297.196
4.46804,4.66642,566.81
3.21421,3.81707,290.004
5.9108,3.9355,319.667
5.35709,4.36427,452.666
4.44112,4.12777,375.668
4.46411,3.34975,187.857
7.45729,6.08728,1414.2
4.3672,4.53094,513.632
3.539,3.04527,139.321
4.80595,5.02287,724.986
5.50598,3.48072,214
2.16716,3.43769,205.785
3.99293,4.8988,667.453
3.35443,2.58472,86.6674
4.12003,3.96574,329.281
5.39959,5.0574,744.905
2.7098,4.04922,350.586
3.8165,4.10063,365.36
4.80387,3.91604,313.963
2.41529,5.09049,759.789
2.72568,2.75132,101.658
1.74254,2.80699,107.445
4.44364,2.54848,81.0069
2.4393,4.8554,647.731
3.03492,4.24611,411.892
5.86838,4.76253,604.86
5.16698,5.11297,773.658
4.24081,3.67238,253.966
2.81261,4.64343,555.31
4.48696,5.2304,835.31
2.69233,3.52021,222.783
3.79794,3.56905,232.835
3.93513,2.58911,84.4368
4.02767,4.40515,466.056
3.3034,3.18721,161.583
4.77675,3.09394,147.569
3.70936,2.88434,117.622
2.74359,3.71351,263.218
3.6306,5.10482,767.168
3.78074,2.9123,121.417
4.17077,4.1613,385.917
5.20761,3.95006,322.92
3.8136,4.67191,568.224
5.60006,2.47864,74.2275
2.67902,4.70972,582.246
4.9138,3.91867,316.176
3.82022,3.08676,146.952
1.89314,3.75309,272.654
4.99575,4.87014,655.665
3.16559,3.3756,193.931
4.51962,4.42489,470.593
4.67788,3.96499,328.939
2.97896,5.13575,784.141
4.94458,4.78316,614.89
3.69507,3.43734,205.284
4.21044,4.05497,352.329
4.83326,5.11512,773.554
3.74366,5.70988,1132.36
4.78235,4.14826,379.486
4.86359,2.73306,102.361
5.05033,5.40963,938.981
4.31548,5.14507,788.64
2.32081,2.01297,41.0056
4.67789,4.91109,671.938
3.13155,4.49239,496.34
3.34261,3.60686,239.439
3.9902,5.55635,1028.58
3.4487,4.46424,485.755
3.1383,4.87781,657.257
4.74708,3.9471,322.609
4.53391,2.82571,112.489
3.60414,3.17288,157.362
4.3631,4.81658,629.724
3.92488,3.51382,219.664
3.32635,4.19819,396.669
3.34781,2.56911,82.5847
3.90246,4.06672,355.809
4.54484,3.4955,217.559
2.68716,2.82488,111.802
3.4217,3.0291,138.221
5.46016,5.61029,1064.57
4.96724,5.17348,805.066
2.58715,4.83882,641.317
3.64071,6.26192,1560.82
3.76171,1.34225,16.5248
3.1741,3.0423,136.86
3.48327,6.72523,2007.23
3.78077,4.88726,662.31
3.95608,4.689,576.024
5.45842,3.82361,292.567
5.69049,2.53487,80.7466
3.36823,4.41945,471.282
5.40148,2.0572,42.9802
2.34585,3.51687,222.603
2.61029,4.10068,367.439
3.66094,3.89403,308.388
3.24385,3.90463,312.192
5.83202,4.56505,524.295
4.07172,2.59291,87.9149
4.22116,4.47361,490.837
3.15739,5.17846,806.753
3.34058,4.28331,424.175
3.76012,3.65198,249.691
4.48568,4.95312,693.077
4.33343,4.95176,691.861
4.30169,2.29466,60.7298
5.60307,2.51013,77.2122
3.44306,2.10663,47.8778
4.01258,3.6039,240.588
5.2366,3.42232,202.716
2.45525,4.44725,481.127
4.071,6.15859,1472.44
3.72599,3.25217,173.42
3.69057,3.79976,284.478
3.22234,4.71677,584.07
4.28273,4.36383,450.949
4.66694,4.07701,358.082
2.6175,2.95767,126.288
2.75173,5.31961,882.953
4.86046,2.31847,61.8326
5.04582,3.25084,171.671
5.70022,4.55827,521.529
3.35446,3.54909,226.906
5.04021,3.94172,321.102
3.50523,4.21136,400.312
3.15531,3.89529,308.05
2.96182,4.49788,498.509
4.15985,3.45917,211.969
3.27327,4.38989,459.973
2.95383,2.72938,100.322
3.94544,3.58927,237.464
5.57604,5.00737,719.94
5.61909,5.53198,1013.84
1.36387,4.55058,519.51
2.87515,4.54737,517.269
3.29665,5.74124,1153.76
1.40432,3.42279,200.773
3.54895,6.81187,2099.96
3.80437,2.48374,75.7743
3.95387,3.8325,291.998
2.35203,5.24238,842.252
