3
4.64732,4.31663,1594.25
4.16534,3.57912,983.706
5.02218,3.79378,2253.13
4.30009,3.43743,1131.28
1.42818,4.17693,25.6134
3.07083,3.88007,270.016
3.76929,3.68277,637.493
4.18207,4.47431,1002.05
2.7055,4.20172,163.56
3.11087,2.40469,281.805
4.16843,3.92381,988.264
4.26957,3.2481,1098.33
3.12062,3.20748,288.689
4.11098,3.77302,931.423
4.95448,4.08772,2119
3.35798,5.17872,394.881
4.93817,3.927,2089.48
4.19652,4.03013,1017.28
4.10429,4.1452,923.065
4.55641,1.68905,1456.57
4.19373,3.02222,1011.65
3.62586,3.04636,540.353
4.06398,3.5408,882.729
3.78193,3.26429,647.944
4.67965,4.30814,1645.21
3.07064,3.66675,271.749
5.10001,5.8893,2416.57
4.42958,4.22508,1290.75
6.00658,4.25821,5053.9
2.37157,2.59175,95.458
4.57818,2.18634,1488.44
3.41034,4.87058,417.902
3.49547,5.36105,468.48
4.18622,4.67928,1008.19
3.12762,2.96562,291.065
2.98387,4.83789,245.081
3.99657,3.39066,822.775
2.90278,3.87397,214.608
4.1527,3.99274,973.086
4.69716,3.09937,1670.13
2.22236,4.94417,81.2244
5.56516,3.96326,3573.95
3.45103,3.9495,437.571
4.79254,4.04486,1827.99
4.79676,5.87977,1840.1
3.55392,2.81574,496.156
3.27692,4.36906,355.985
3.91804,2.21951,751.537
4.11098,3.2975,928.564
2.93998,2.17154,225.954
3.68375,1.97882,577.122
3.73418,3.71153,612.97
2.96073,4.1752,234.842
3.53842,4.23852,489.534
3.82237,3.39105,680.072
6.23374,2.66911,5984.23
5.3434,4.2649,2977.95
3.29443,4.11734,362.89
2.88452,5.07241,212.77
3.15484,6.2706,307.218
1.97663,4.94966,58.1217
4.53456,3.30447,1428.32
2.94271,4.22958,228.387
4.03233,6.98709,862.252
4.28471,4.00108,1112.56
3.72448,3.96001,607.82
3.46827,2.36047,445.726
5.10998,2.82081,2431.74
4.61211,3.63733,1542.52
4.522,3.94934,1411.53
5.72261,3.69417,4056.59
5.49451,5.07488,3375.58
5.22008,2.3024,2676.68
2.95017,3.75887,228.36
4.76257,2.90688,1776.39
4.0225,5.01513,847.364
4.19063,4.01359,1013.08
2.76824,4.182,178.768
2.31066,5.24784,94.0594
4.31917,4.30887,1157.26
4.72237,4.27396,1712.04
3.69884,3.49062,590.126
4.12319,4.53884,943.961
4.61302,4.38783,1544.39
3.33344,4.56993,380.146
1.62007,5.72432,35.4921
3.38311,4.05658,402.42
3.91977,3.53584,754.925
2.73974,5.35723,174.163
3.98711,3.54908,813.249
4.41361,4.20583,1268.25
3.42542,3.91241,425.994
3.3264,4.59566,378.606
4.18176,5.43994,1005.57
6.04859,2.32528,5214.55
3.58151,2.332,510.386
4.50814,2.52746,1391.11
3.36447,2.91101,392.508
5.84963,3.7491,4480.22
4.00571,2.24503,826.008
4.66721,2.18788,1621
3.28578,3.15242,359.036
4.36734,3.05733,1210.58
4.41977,0.823218,1272.61
3.24509,1.73161,338.04
3.03139,4.46072,260.991
2.99751,5.04588,246.802
4.9508,5.40533,2116.22
4.57265,3.5484,1482.64
2.88196,4.97374,211.887
3.46747,4.48481,449.8
5.48422,4.65353,3346.86
4.47031,4.73718,1345.49
3.68121,3.71044,576.942
3.5909,4.68698,521.401
4.39317,3.67088,1244.13
4.02508,4.84475,850.4
4.39305,4.58429,1244.42
4.94727,3.89118,2103.27
4.23373,5.47402,1058.85
4.5521,6.45986,1460.33
4.49071,4.00653,1369.7
3.68315,2.18753,573.925
3.94972,4.2244,782.141
4.89847,5.36774,2017.85
5.1365,3.9476,2490.82
3.57233,4.70304,510.488
4.01637,5.55666,842.886
2.52049,4.1563,125.537
4.05618,4.14193,877.393
1.75979,3.32504,36.0121
3.80435,4.19308,664.668
4.65178,3.99186,1603.1
3.09121,2.90789,274.203
2.99562,2.79844,244.336
4.62642,4.18937,1564.18
4.38863,4.6601,1239.55
3.54421,4.42568,492.929
5.31743,3.71506,2912.12
2.61539,2.18454,140.796
4.90114,4.99007,2023.41
3.83109,2.22799,682.623
4.52446,3.5564,1414.73
3.72581,4.64759,610.271
3.42769,4.30718,428.567
4.11797,4.26523,938.23
3.52309,5.24861,481.958
5.26915,4.20255,2795.96
4.95051,2.40867,2109.59
4.38871,4.46786,1239.55
2.75825,4.13755,176.516
3.92995,3.28857,763.681
4.62642,4.50167,1562.83
5.14066,4.40022,2501.52
2.61579,5.10199,147.424
4.8134,5.55345,1866.9
3.23769,4.14927,337.08
4.09489,2.41219,912.989
4.0556,2.2856,873.407
4.77154,4.8656,1794.99
4.04058,5.19621,864.045
3.18037,2.38763,310.298
5.4356,2.96981,3213.25
4.19066,5.25682,1013.87
3.99513,3.38398,821.131
3.94216,3.9261,774.752
4.91672,3.44527,2047.47
4.86546,2.49222,1950.9
3.23303,1.87237,330.185
5.0391,4.89101,2287.18
3.06162,1.18437,262.562
6.35128,5.05027,6522.58
3.57696,4.054,511.544
5.81164,3.85165,4349.67
3.3162,4.64372,375.295
5.20239,3.68197,2636.22
2.53562,2.36148,123.363
3.99765,4.76949,824.967
3.57436,4.53343,511.925
5.39342,2.82281,3099.98
2.75363,3.11122,174.598
4.1516,3.55524,970.295
4.07073,2.46011,889.086
5.34387,5.26194,2980.93
3.5399,4.60802,489.856
4.47174,4.28583,1343.58
3.7865,3.6474,651.301
2.71059,4.27059,165.414
3.02798,4.06109,256.734
5.01357,7.17233,2242.91
4.14874,3.53156,966.982
2.78693,3.30264,182.383
3.61566,4.82489,538.706
3.60342,5.58832,531.085
3.76945,4.87624,641.476
5.8458,3.55818,4467.41
4.05872,5.23388,883.309
5.01137,3.39082,2228.66
4.34029,3.03442,1176.6
5.09748,3.5331,2405.77
4.91493,3.83942,2045.6
3.94959,4.49686,782.28
3.90719,4.21948,748.139
3.93562,3.95915,769.557
3.3253,2.70622,373.755
5.02382,3.71829,2256.01
5.70671,2.29251,4002.82
4.98866,3.05461,2182.12
3.68292,2.50674,576.724
4.45056,5.26996,1319.19
3.09692,4.1797,280.22
5.20139,3.22525,2633.01
2.76474,4.1874,178.785
4.36349,3.79284,1207.85
4.61548,5.49844,1548.86
3.48193,4.7503,457.379
4.38931,3.84788,1239.46
3.42351,2.84294,422.341
4.77379,3.43415,1793.86
6.30303,3.11556,6295.58
2.69037,4.12015,160.252
3.43037,4.00622,430.134
1.70769,4.16117,37.2369
4.54481,3.82942,1445.43
5.36927,3.39402,3038.85
5.48667,3.10012,3350.89
3.75347,3.84844,628.054
3.01571,3.67338,249.671
3.54661,3.70667,491.955
4.60877,3.25284,1533.52
4.19564,2.84541,1015.4
5.21501,3.94924,2667.64
4.67983,4.58696,1645.06
1.88987,4.7441,46.9474
3.09012,6.63298,284.566
5.02239,2.45194,2249.93
3.27103,4.10072,348.836
4.16253,4.54183,982.377
3.58641,5.20689,519.809
4.24122,3.27902,1064.31
4.01112,4.72095,836.804
2.62428,3.86349,144.806
3.15961,3.09416,305.681
3.44627,3.71394,435.493
4.00639,6.05354,836.904
3.15628,2.60946,302.253
4.40715,4.30928,1262.54
3.89403,3.76216,735.519
3.99574,4.41889,824.266
3.75166,4.22784,627.303
2.71571,3.7108,167.012
2.69485,3.25267,159.39
3.9836,3.49012,810.172
4.8294,4.96618,1893.72
3.42531,3.52321,425.161
2.7038,2.82377,161.334
2.39206,5.76448,106.696
5.25954,4.22341,2771.52
4.59759,4.16457,1520.99
2.42,3.06885,105.702
1.56629,4.43693,28.2628
3.44916,5.69411,442.969
4.79137,5.20783,1828.43
3.16667,3.82655,308.095
3.66113,3.83956,562.697
3.70308,2.65987,590.785
4.2269,4.81391,1053.16
5.50411,3.07259,3400.94
3.77327,2.41303,641.553
2.41813,5.2875,111.789
4.13191,5.23349,951.202
3.15554,4.02743,302.979
6.23358,4.54971,5988.78
3.86824,5.0802,716.177
4.86513,3.94061,1954.48
5.10146,3.60565,2415.78
5.19755,3.75007,2627.28
3.11827,4.10457,288.349
4.52917,3.37145,1421.5
2.93635,2.0989,223.365
2.28005,3.10495,85.616
4.09263,3.5187,913.83
2.14332,3.41421,70.5804
5.55201,3.30208,3535.93
4.6596,4.74764,1615.37
4.44201,2.54142,1302.99
4.66083,4.93972,1616.95
3.96781,4.5684,799.23
5.17298,3.62722,2572.37
5.24041,3.5959,2725.77
3.00448,3.6768,247.068
4.81451,4.62872,1864.84
2.99267,5.09586,247.403
3.73302,5.04128,616.726
3.36308,3.88889,395.612
3.00252,3.2894,245.193
3.33604,4.11578,382.15
3.99421,1.99239,814.466
3.95217,3.59757,784.82
1.9138,3.58815,48.1519
4.82523,3.9296,1884.41
4.51933,4.66137,1412.1
4.16763,4.84657,989.104
4.81456,4.56469,1866.95
3.70601,3.62076,593.087
4.65188,5.36684,1604.76
3.95543,4.28322,787.628
1.88514,3.29877,46.1544
3.25445,5.21444,345.985
3.33554,2.44368,379.164
5.43237,3.94669,3205.25
1.52749,2.96881,26.7799
3.35495,2.59955,386.666
1.69233,2.90401,33.3306
4.5649,5.14819,1477.09
4.42639,3.39285,1284.72
4.70113,4.34184,1679.03
3.69498,4.58899,589.365
2.80692,3.93068,188.471
4.17882,2.86802,997.661
3.28085,3.99281,357.036
5.06414,4.51098,2339.68
3.86747,4.93388,715.262
4.08881,3.14305,906.472
3.7535,2.31594,624.994
4.07099,4.52424,891.51
6.02808,4.25476,5138.36
4.44031,2.12138,1300.87
4.41866,3.72087,1275.49
4.12526,2.98503,942.257
4.45597,4.28773,1322.42
3.29795,3.62442,362.815
5.15827,2.66029,2536.68
2.99646,4.26372,246.307
4.45381,4.44549,1323.12
3.78233,4.83238,650.616
0.85643,3.87463,12.495
3.88716,5.02597,732.736
3.24009,4.96256,338.337
4.03982,4.97275,864.679
5.02983,6.62986,2273.25
5.5922,4.10369,3653.16
4.17665,5.12836,999.383
4.70734,3.7292,1687.52
5.77305,6.76321,4225.58
5.14656,3.9691,2513.05
2.93338,6.11179,230.322
2.99129,3.05399,243.202
5.16004,1.62115,2539.04
3.99849,3.07905,824.416
4.3421,4.25005,1180.79
1.88281,3.22797,44.3683
2.6172,4.67466,144.604
5.06614,5.40423,2345.4
2.18044,3.875,74.2899
4.76649,2.13993,1781.99
3.35998,3.99573,391.139
3.99266,4.69996,819.628
5.33462,4.28328,2954.19
4.19366,4.0621,1015.84
3.96374,3.68123,795.196
3.42538,3.49008,424.371
4.38419,4.62111,1235.15
4.96596,4.21656,2142.08
4.81621,5.60932,1871.59
5.36025,3.63163,3017.92
4.69785,4.1891,1672.71
3.53686,5.6933,492.098
1.98418,3.54371,53.3158
3.60921,3.98709,530.426
2.85578,3.79574,201.507
2.98301,5.82867,244.841
4.24767,4.60526,1072.91
5.52178,2.37289,3447.77
4.15957,4.80161,981.013
5.56768,5.32918,3584.15
2.45079,3.29435,111.168
4.37705,4.47534,1226.18
5.03286,4.77925,2274.28
3.70987,3.88927,597.766
3.95871,4.0902,790.16
4.59511,3.82422,1515.27
2.95275,5.03827,234.301
4.44211,2.90417,1305.4
3.4692,4.48309,448.098
4.98382,3.3393,2178.05
4.31517,3.55752,1147.99
2.67789,4.78396,157.292
4.31944,3.98777,1155.34
4.09265,4.18456,912.812
3.39134,2.45211,405.211
5.91055,4.02892,4696.56
4.45891,4.65072,1330.87
5.44975,2.37084,3248.59
3.74082,4.52221,620.636
3.70731,3.54039,595.464
2.36879,4.60297,99.3292
4.57938,2.27706,1490.23
3.02055,5.50621,256.663
3.43476,4.23858,429.795
3.67934,5.06589,579.946
3.76559,3.76278,636.99
4.58821,5.48456,1510.6
3.96402,3.67069,794.591
3.19956,3.76357,319.385
2.82492,2.59849,191.103
4.52894,4.07302,1422.53
2.36114,3.32813,98.7346
2.85638,3.7937,202.632
3.00951,5.3019,252.59
5.70504,4.16975,4000.67
4.1927,4.74911,1015.79
3.58256,4.95193,516.401
3.70401,3.9806,593.667
4.9186,5.75381,2055.21
2.99675,4.41323,246.968
3.53274,5.2185,488.993
4.73666,3.44895,1736.57
1.30102,5.53165,21.9427
4.49938,3.98752,1382.49
5.29235,3.6592,2848.48
4.55697,3.21845,1460.19
4.3869,4.54547,1237.26
4.21985,2.6617,1039.23
4.52968,3.58493,1421.24
3.89806,4.67868,741.785
5.46757,2.56855,3296.61
2.56387,3.53278,132.278
3.68526,5.1115,584.444
6.01111,2.78882,5069.63
2.31337,4.57034,91.9901
3.95835,3.19173,787.208
2.49507,5.13385,120.76
3.61796,1.29621,531.857
2.15687,3.16716,70.1134
3.9588,3.28167,788.201
4.97932,5.18323,2170.59
2.27301,5.22991,88.3437
2.85516,4.35036,204.348
4.50794,3.66542,1394.18
4.38037,4.41259,1228.24
4.5199,4.48635,1411.36
6.05586,5.29081,5250.04
4.63767,5.0217,1583.22
5.18403,4.78745,2598.55
5.61061,2.56074,3705.14
4.58948,4.24891,1508.65
4.16679,3.95255,988.025
3.715,4.54058,601.271
5.53428,2.93794,3483.07
5.28252,3.75094,2823.01
2.92197,3.42518,220.981
5.75794,3.29258,4169.03
4.17088,2.99671,988.787
5.45587,4.05766,3268.6
3.85061,4.66375,702.192
5.75371,3.21409,4155.38
3.42797,6.2496,430.595
4.83278,4.03627,1897.13
3.68017,3.12698,574.246
3.72301,2.43063,603.892
5.06976,4.41681,2351.18
3.35234,5.32706,390.817
4.06793,3.83455,887.636
3.8196,4.92814,677.359
4.36619,4.75534,1211.58
3.29135,3.71595,360.534
5.26988,3.37875,2793.28
3.60298,3.25684,525.263
6.19897,3.70445,5835.65
3.30809,2.28335,366.505
4.40376,3.86909,1257.22
4.65211,3.60765,1602.4
4.29851,3.32616,1129.62
4.39759,2.96338,1246.12
3.85962,2.46833,705.844
3.267,2.80441,347.64
4.92032,3.21057,2052.69
2.68452,5.09367,160.869
2.61465,5.00717,145.006
4.2586,3.85364,1084.21
3.75942,3.09265,630.675
3.19946,4.12727,322.282
3.30999,3.49399,368.084
4.3989,4.96409,1253.56
3.15189,2.35458,298.276
4.58897,3.78991,1507
4.02177,5.1146,847.621
5.09116,2.72459,2391.11
6.1552,3.02287,5650.14
6.40248,4.1143,6765.12
3.83092,2.83494,683.246
5.19331,3.20437,2616.26
3.69417,3.88455,587.025
3.11071,3.90003,285.571
4.11993,2.91221,938.103
4.04782,1.9458,864.307
2.58691,3.91387,138.447
2.07389,4.95022,66.302
5.01408,4.506,2239.05
4.04764,2.67947,868.144
5.44323,4.65477,3236.08
4.64592,4.54006,1594.85
4.41224,5.14141,1271.51
3.91712,4.77228,756.326
4.16703,3.68499,985.479
3.43412,4.21409,431.799
2.81919,3.2263,191.742
2.79385,5.10747,187.486
3.83958,4.44712,693.828
4.73052,3.47496,1724.86
3.69452,4.88515,588.578
3.31401,4.70237,372.103
3.95652,5.08988,788.805
3.69716,5.76261,591.831
2.07192,4.10184,62.6225
4.5669,5.54822,1478.99
6.16482,3.00613,5688.89
3.97159,3.9815,801.255
3.00547,4.15614,249.634
2.97073,4.08823,239.08
3.79931,3.9751,660.42
1.81175,2.85163,38.7234
2.90139,3.34841,213.005
3.53328,5.31436,488.309
4.88165,4.16662,1982.78
4.41836,4.94598,1275.74
2.93932,4.99464,229.335
3.17786,4.03828,311.843
4.17061,3.87819,991.54
5.84978,4.62666,4483.04
2.66274,3.01416,152.938
4.0429,2.86487,862.845
3.35501,3.4622,389.982
3.17473,2.217,306.648
3.17655,3.15958,310.761
4.07765,5.22077,899.138
5.21798,2.76744,2672.52
4.48561,4.02229,1364.14
4.86837,2.97759,1958.79
3.06823,4.01184,271.279
3.5959,4.17948,522.551
3.93588,5.26055,772.043
3.49072,3.27857,459.575
1.76507,2.04084,33.7853
3.60288,5.47742,529.454
5.01774,2.75351,2240.84
5.81576,3.43672,4364.09
4.9686,4.46658,2148.77
3.47483,2.59461,450.181
3.54695,4.40719,494.998
5.37918,2.255,3063.17
5.06675,4.88413,2345.83
2.50305,4.93156,125.806
4.87547,4.46279,1973.96
3.93866,3.84098,771.236
3.49529,3.24074,463.463
5.84982,4.10914,4482.39
3.36364,4.6709,394.823
4.4969,3.51584,1376.98
4.12876,5.94357,954.622
4.46438,3.79693,1334.1
3.67074,4.73273,572.427
5.20385,3.53463,2638.69
3.72217,2.84783,604.452
5.34583,2.80253,2981
2.86319,3.55376,202.297
5.58532,3.02379,3631.13
4.02187,2.60057,843.884
3.90111,5.03092,742.135
3.9965,4.23297,823.861
2.43101,4.14689,109.804
3.62988,4.01924,543.715
4.17709,3.24479,996.293
5.11297,3.56724,2440.2
3.28005,3.6401,354.302
4.43616,6.43091,1302.27
3.69652,3.36069,585.779
4.45465,5.67135,1324.43
3.64799,5.38728,559.396
5.32147,3.59796,2919.19
3.00271,4.07296,249.404
3.36136,3.95393,392.986
2.58162,3.913,135.392
3.05057,3.23506,262.092
4.85994,4.22667,1946.4
5.19208,4.66556,2616.38
3.95468,3.11292,784.558
4.73444,4.17241,1732.1
4.17562,4.31424,996.223
3.18571,5.05972,317.311
4.47457,3.98822,1348.59
4.99446,4.62698,2197.37
4.43568,4.05337,1297.97
3.4485,4.29924,440.732
4.49762,2.94869,1376.22
3.52061,2.57146,474.906
2.19116,4.9435,76.4897
4.91454,3.55088,2044.88
3.70666,3.72538,595.207
4.13075,4.26612,951.646
4.61168,4.23393,1542.96
3.89512,2.70066,732.369
4.87109,3.19043,1965.62
3.39442,4.97535,412.096
3.67063,4.23381,571.095
4.34641,5.66975,1190.58
5.19827,4.4613,2629.65
5.15509,4.50183,2533.67
5.20982,3.64779,2656.41
3.71045,2.91656,596.145
4.06775,4.90421,888.293
3.65855,2.12637,559.704
5.26813,3.63461,2790.9
4.89893,2.83128,2015.72
4.21994,3.57415,1041.3
3.77735,2.49407,643.519
4.80722,2.73076,1851.93
5.23495,4.39277,2714.54
4.83481,3.67743,1899.14
4.36367,4.82895,1209.27
4.69419,3.40491,1666.25
3.14967,3.30578,298.674
3.97174,4.5685,804.173
3.31251,5.02075,374.462
3.3597,3.08722,391.377
3.48632,3.757,459.623
3.47742,5.17952,456.233
4.74612,4.52796,1753.79
5.60192,4.31617,3683.77
3.91776,4.2743,755.991
3.27373,3.157,350.65
1.79391,3.27464,37.6032
4.88787,3.89528,1994.43
3.16815,4.74143,308.298
3.25568,1.82168,339.183
4.56225,1.50444,1465.77
4.42319,3.5547,1281.58
3.83938,4.35649,693.167
2.54172,3.84466,128.951
2.7313,4.44232,170.524
3.78028,3.05456,647.813
4.39407,3.27837,1244.05
7.19591,4.15007,11578.2
4.84383,3.96347,1917.5
5.46533,4.31773,3294.36
5.01528,3.88124,2239.94
5.52402,4.18324,3456.1
4.53915,2.23452,1432.42
1.57868,4.9935,31.4525
5.15847,3.65204,2538.19
4.74144,5.35214,1745.95
4.12935,5.12602,949.621
3.00532,3.93807,249.934
3.452,2.81876,437.722
3.40229,5.70054,415.228
4.64144,5.15198,1587.19
3.33551,3.60252,379.311
3.41317,3.84277,419.791
1.29945,5.22448,23.9892
3.45128,4.11331,440.693
6.051,3.72266,5224.57
4.01484,2.9476,837.221
1.9686,3.22807,51.414
5.49494,1.96916,3371.84
3.79847,4.63994,661.307
3.72691,4.5935,609.423
4.10999,3.87429,929.335
4.37435,2.41909,1217.13
4.07151,4.68829,891.932
3.09379,2.38206,277.268
4.9048,2.05092,2022.68
3.57477,3.55163,510.558
3.82986,2.85682,682.33
3.80092,3.12151,659.822
2.3426,5.91739,100.138
3.32204,2.87539,371.67
5.08274,2.47152,2374.68
4.58615,3.20774,1500.63
3.23128,4.05284,333.548
5.76563,3.93547,4196.76
3.97129,3.90702,800.48
4.22736,4.4951,1050.27
3.39655,4.02655,411.463
4.0586,1.31418,876.435
4.14358,4.43558,964.504
3.36821,4.85205,398.93
3.30187,3.60563,366.479
4.80411,5.17983,1851.68
4.93899,4.24269,2091.67
3.76355,3.69419,634.388
4.61899,3.8585,1552.17
5.12426,3.4342,2464.5
3.86836,3.7181,712.89
5.24748,3.10639,2740.21
4.33454,4.68414,1173.07
4.70366,2.94935,1678.49
3.42892,4.52374,426.972
4.44159,3.48419,1304.48
5.75763,3.09569,4167.22
3.49067,5.31786,464.292
3.90944,1.92665,746.531
4.30984,3.53081,1142.26
5.40142,4.07283,3124.11
3.54119,5.25025,493.931
3.86473,5.41583,715.051
3.74797,3.7799,623.527
3.83487,3.81055,687.343
3.36742,4.15693,397.96
3.92377,4.55032,763.439
3.33849,3.96779,380.214
5.30607,5.19076,2885.37
3.3355,4.6368,384.438
4.39446,3.57024,1244.81
4.74195,5.13437,1746.66
4.10979,4.5295,930.821
4.7374,4.76672,1738.48
4.02431,3.67686,848.131
3.68096,6.25149,583.25
4.32449,2.90765,1159.98
3.64548,5.67685,558.721
1.69078,5.17331,37.3064
4.31868,3.39741,1153.27
5.03134,2.94885,2270.23
3.40426,3.57781,415.009
1.72669,3.6332,36.5841
3.76085,3.80983,634.307
4.86729,3.32573,1956.65
3.37739,2.63648,397.072
3.86295,3.48016,709.69
5.9003,2.32203,4656.46
3.5504,3.56767,495.106
1.89014,2.56731,44.7023
3.68996,2.31568,579.462
4.09694,5.24252,919.178
3.44434,3.69726,435.192
4.43156,5.01815,1294.25
3.93107,4.21757,765.451
4.14706,4.88848,968.565
4.28887,5.59719,1122.5
4.73803,4.61671,1738.75
6.34945,5.57495,6515.41
3.21441,5.35588,330.823
4.08781,4.72825,910.591
5.83728,3.45286,4436.9
3.53219,3.14426,484.094
4.04823,3.06124,869.475
3.24378,3.77358,338.854
4.42658,4.44317,1286.64
2.78351,3.76288,182.595
4.71961,4.5006,1709.76
3.13659,3.64768,294.5
5.31358,1.62682,2896.53
4.84948,4.22483,1930.09
3.8358,4.51205,690.236
2.32941,2.9481,91.9194
2.30443,5.36243,92.5667
2.78996,4.17427,186.667
3.90102,3.99405,739.153
3.62042,5.34269,543.806
3.22034,4.19209,330.196
2.76008,4.14221,176.488
4.94983,4.16774,2112.39
3.53564,3.50573,486.806
4.46138,4.41841,1331.74
5.9045,5.30219,4679.81
5.31659,2.73268,2905.51
3.96162,4.05494,791.154
3.82349,5.38402,680.493
3.73743,5.51559,620.052
3.99291,4.44472,821.705
3.34056,5.24684,386.344
2.84622,2.53938,198.704
3.41292,3.96669,419.946
4.12308,5.5708,946.243
2.49794,2.17451,115.834
3.01836,4.76377,253.92
4.07232,3.42246,890.585
4.72028,5.53608,1711.92
3.38037,4.87106,406.471
4.71193,5.64627,1698.18
3.83019,4.61831,684.722
3.70594,4.16319,593.947
4.02731,4.79059,849.758
2.80764,3.45617,188.416
4.21001,2.71085,1030.7
2.83586,3.50178,195.383
4.30165,3.80973,1133.58
4.63826,3.35533,1579.43
3.42872,3.40945,426.198
3.27913,5.23555,357.379
4.52918,4.35529,1425.12
3.67257,4.09809,570.926
4.56709,5.44562,1481
3.22067,4.80489,332.018
2.82378,1.58481,188.008
2.58882,4.22288,139.656
3.53037,5.27227,486.884
3.57321,1.54997,505.036
4.91807,3.42739,2050.65
5.52587,3.80115,3461.27
2.03285,4.75326,59.7418
5.11431,4.29364,2444.03
4.06174,3.89846,881.735
4.67834,2.62326,1639.72
3.42999,4.02533,430.061
3.73541,4.05061,616.109
2.01419,4.70916,60.4659
5.12349,5.1354,2465.68
2.8357,4.26939,196.734
3.43243,4.53258,430.469
3.30634,3.00356,365.748
4.03405,3.27128,855.956
3.64342,4.20923,551.796
3.31002,6.16548,374.244
3.179,4.54509,313.074
3.97586,4.81003,805.618
3.71179,2.70709,595.552
2.80879,3.10303,187.335
4.0377,3.25359,859.223
3.67954,5.15045,578.71
3.14052,2.24915,294.825
3.85529,4.25986,702.598
2.27184,3.30749,82.7454
3.86622,3.48886,712.586
3.77308,3.36438,640.096
4.03371,3.92983,855.715
4.37753,3.2797,1223.49
4.39427,4.77619,1245.68
2.20005,3.06357,73.9097
4.10338,4.81801,923.904
4.20056,4.2473,1022.83
2.68797,3.30528,157.394
5.10962,5.91888,2436.77
5.04656,5.31683,2305.45
3.69408,4.32019,586.231
3.90245,3.28761,741.343
4.0064,3.35022,831.129
4.44303,2.23014,1304.09
2.86092,4.44404,204.541
2.64954,1.11761,145.474
4.10073,4.26063,921.743
3.18481,5.43504,318.695
4.9348,3.5773,2080.64
4.77181,4.44317,1794.6
5.11863,5.47268,2457.67
3.87444,4.48578,719.287
4.52237,3.05655,1414.05
3.59798,4.32373,524.331
2.16867,4.4313,73.3652
2.98351,3.69839,237.375
3.72051,3.11334,600.387
5.81104,3.45109,4345.79
3.65753,3.81856,561.588
3.94461,5.33042,781.902
4.77317,4.70028,1796.73
3.81498,1.71011,667.716
2.65323,2.3335,146.4
3.77489,5.19863,643.452
4.34959,4.04891,1191.2
4.23416,2.58493,1055.92
5.32548,4.3245,2930.05
3.05039,2.1976,260.74
2.93523,4.49797,227.367
4.88254,2.88482,1984.42
1.79395,4.62624,42.3858
3.73794,4.03446,615.572
2.78496,4.26767,183.402
4.47322,4.51107,1347.97
3.75612,5.84123,632.763
3.61816,4.87057,539.574
6.193,3.80803,5809.15
3.17713,4.56037,311.796
4.18135,4.7469,1004.64
5.37243,3.99472,3051.4
3.12703,3.82574,290.727
2.24509,3.36578,80.7109
5.69795,2.6093,3973.2
4.6403,4.86536,1583.63
4.07486,4.97231,897.173
3.39593,3.73238,409.852
3.95514,3.61354,785.087
3.93971,4.1711,774.763
5.17464,4.04888,2575.93
5.46554,4.74989,3296.78
4.79195,3.60654,1826.77
3.77306,4.26782,642.84
3.07863,3.48382,272.467
5.80672,3.35486,4332.83
3.1832,3.31993,312.191
3.00015,3.97096,246.325
4.90713,3.54475,2030.56
4.00075,3.52341,826.43
3.42604,4.66289,427.518
1.83268,5.01625,44.8937
3.73271,3.41774,610.261
5.28702,3.83319,2835.2
2.86812,3.83418,205.621
5.33951,3.6158,2965.22
5.10699,4.56915,2427.66
4.77332,3.61051,1795.92
3.93283,5.45948,769.505
3.6064,3.5464,528.009
4.16953,2.3707,986.358
6.1,3.5976,5422.83
3.73609,3.82124,615.981
4.23588,3.18676,1057.46
3.59306,4.51095,521.858
4.34503,2.18371,1183.73
4.00185,5.3174,831.84
4.78481,3.30769,1815.61
4.04645,3.48373,867.026
5.62138,3.28245,3738.81
2.6304,5.00478,150.982
5.55986,3.18506,3556.24
5.12128,3.40035,2458.25
4.34555,4.51103,1184.96
5.04908,2.92647,2303.54
4.10414,4.2561,924.157
5.50491,4.28832,3403.46
3.53274,5.87358,490.481
3.85188,3.02982,699.731
5.06242,4.00584,2334.16
3.49023,4.2906,461.58
4.77127,3.64897,1791.72
2.28803,3.40236,85.9306
4.42817,1.24627,1284.14
4.56867,5.95789,1482.19
5.04807,3.38474,2303.82
2.80521,2.79126,186.437
4.26394,4.85458,1093.82
4.17465,3.87497,996.765
6.15242,5.22705,5642.29
2.68608,5.3224,162.994
1.43041,3.40215,22.6581
5.48109,4.04572,3335.66
4.02913,4.40106,853.267
4.88513,2.32857,1987.89
4.3698,4.23934,1218.42
3.93906,3.41078,772.687
4.23366,4.15442,1058.71
3.61147,3.95535,531.771
5.07193,5.09549,2355.6
4.81424,5.63461,1868.57
4.02937,5.36128,855.399
5.82062,4.81963,4383.77
3.92541,5.04404,763.773
5.41441,5.29495,3160.25
3.61003,4.51091,533.436
3.46942,4.61986,449.331
4.55941,3.50035,1463.46
2.83381,4.16151,194.66
5.43054,4.6526,3199.54
4.99016,3.60656,2187.55
3.84234,4.87947,697.973
3.86715,5.01054,715.565
4.39007,4.03869,1240.06
4.08383,4.02891,904.478
3.9914,3.13081,818.303
2.46744,3.1981,113.109
4.53796,4.80355,1435.65
5.17951,4.20592,2586.88
2.21796,3.29354,76.9157
4.14741,3.2737,967.144
4.48779,4.93177,1366.27
4.21303,2.84478,1034.52
4.14297,4.90191,964.541
4.8421,3.63625,1912.82
4.25455,4.41615,1080.38
3.18598,3.04679,314.859
3.98492,4.30179,812.755
3.68501,2.91221,578.757
4.12321,4.04211,944.182
3.64194,4.14863,553.756
3.78643,4.39893,653.741
2.92443,3.25916,219.783
3.37647,3.38076,399.193
3.91433,3.06106,751.298
4.1301,4.00512,951.229
3.96359,4.74979,794.774
5.34543,4.95635,2982.3
5.86814,2.14318,4542.52
3.70152,3.58173,590.258
4.52563,3.2904,1416.96
4.20682,4.88843,1030.86
4.6554,2.54644,1603.04
4.64617,3.55555,1590.52
5.55665,3.34007,3548.7
3.72546,3.31789,607.464
5.77674,3.30023,4232.05
3.50706,4.74176,473.276
2.77291,4.66545,182.426
4.28584,4.36014,1117.22
2.70525,4.50821,165.7
4.08644,4.01265,907.173
3.49833,5.05156,468.687
4.22846,4.18153,1051.53
4.70776,4.42841,1690.21
4.08259,3.23161,901.754
3.38813,4.60768,407.558
