3
5.34164,3.66933,28.0898
5.04746,5.32855,58.3257
4.47862,2.61061,15.779
3.49661,3.60961,25.542
4.08435,1.74542,10.5709
4.14441,5.17505,53.2285
4.22391,5.56198,62.1698
5.36583,4.2245,35.7255
4.50892,6.00219,75.4433
4.93124,3.09186,21.274
4.33398,4.64662,41.8733
5.61111,3.68001,28.6794
4.87305,4.73482,45.6833
3.87488,2.87626,18.7484
4.03569,3.82559,30.4287
4.08307,4.60807,40.8565
3.27295,4.01913,33.1244
3.68836,3.3391,22.8215
4.52028,4.54379,40.8436
3.43599,4.54732,39.7596
1.21438,6.05692,71.245
5.46265,3.86079,31.5384
4.22576,2.74564,17.0529
5.17226,4.32013,38.4729
6.09255,5.05427,51.3507
4.00138,3.28356,23.424
4.68596,4.5235,40.6067
3.18264,3.73598,27.6373
3.12775,5.5236,60.2499
4.28727,3.52944,25.6783
3.60005,4.32701,38.7541
4.83864,4.02472,33.2457
5.42743,4.04822,33.6227
5.02555,2.63194,16.7823
4.51652,3.29365,24.3994
4.85001,2.12834,13.3807
4.39714,4.70749,44.3073
4.6333,5.08166,52.2366
3.17964,3.18839,22.303
2.75339,4.78361,44.2619
4.16908,3.97431,33.5658
5.47939,2.74263,20.608
2.29396,1.95013,10.2283
4.73047,1.71372,12.7786
2.31735,3.03819,19.0502
3.81467,5.60124,62.9951
3.95941,4.78912,45.7889
3.94115,3.62709,26.3113
2.82587,5.2584,54.6013
3.90369,4.32509,36.7218
3.79364,4.7547,44.2447
2.72342,4.75078,43.7759
3.43434,2.38776,15.6784
3.75597,4.827,45.5635
3.75646,4.31299,37.8962
2.87622,3.76544,26.2383
3.35552,4.77209,43.5605
3.94147,4.54217,40.5679
3.23244,4.52062,39.6689
5.09496,3.56851,28.1995
3.05654,4.10076,33.4632
4.06864,3.44793,24.3205
4.32216,4.74517,44.22
3.97544,3.41823,23.6534
4.05946,3.10166,19.4294
4.04493,5.69068,64.0479
4.01163,3.80747,30.336
5.39768,4.70709,46.5602
4.97463,4.44638,42.3354
3.30444,2.15966,13.9472
3.70663,4.24613,35.8454
1.51145,5.06441,48.1465
5.29737,4.40077,40.5865
4.89253,3.79101,28.6734
4.64967,3.81013,30.9994
2.67325,5.73136,65.1145
4.27822,2.29964,14.1211
2.43283,4.63683,40.3575
5.41269,4.25513,38.2572
3.4881,2.83331,17.644
4.90207,4.42002,39.3006
3.33071,3.20384,21.3695
5.1271,2.55729,17.9506
3.04719,3.11768,18.1407
5.25071,5.04321,50.2672
3.82689,5.238,55.3269
4.40944,5.98291,71.431
4.64397,5.55652,60.6737
2.39738,5.13636,52.269
5.54309,2.77058,18.9036
3.95303,3.31337,23.1568
3.42161,4.82481,45.6763
4.96087,5.10581,53.4407
3.4004,3.00922,20.1678
4.17744,5.87488,70.2697
3.74197,1.94793,12.1539
2.1216,3.27083,20.7879
4.18979,3.71399,29.923
3.67404,3.93577,30.6023
3.48469,4.43203,37.0694
3.53407,3.67523,25.0387
5.07238,4.35741,37.8019
3.66498,5.47261,58.1348
4.56312,4.84427,46.7748
5.05033,4.31238,37.3115
3.94806,4.06228,33.8204
2.52846,4.65401,39.6685
4.55286,1.59931,10.4251
3.90834,3.64999,26.2445
5.02776,3.61996,27.6059
3.87641,3.86599,31.4147
1.41407,4.58924,39.9503
5.19302,4.09416,36.9203
3.56151,4.36975,35.9649
2.64263,4.3013,36.7242
3.26946,3.3366,22.5575
3.37369,3.98904,31.3391
4.2343,5.4485,58.6271
4.2213,5.21187,52.6989
3.39732,6.27359,81.6429
4.7471,4.07049,33.2417
4.42178,4.19327,35.2272
4.12157,2.9474,19.8778
3.94786,5.21542,52.549
4.78273,3.71533,28.6498
4.5549,3.38699,24.1158
2.70844,2.91804,18.9783
3.7649,3.74289,27.4213
4.17835,3.17558,23.1092
2.94853,6.34162,83.6975
3.177,4.46834,39.1675
4.04494,5.97242,73.3079
4.10392,2.46008,14.5466
2.40944,4.45993,39.0931
2.93939,3.76841,27.671
7.10751,4.70785,44.766
3.69915,2.44844,14.0119
3.67598,4.90875,44.9604
3.06262,3.38203,23.7552
5.00874,4.46358,39.2568
4.99549,4.31181,36.724
3.78098,3.44841,23.8555
3.56369,4.65575,42.5332
4.37615,4.8324,46.1372
3.39421,4.80971,46.759
4.45211,5.37256,55.9388
6.4871,4.16508,36.9377
2.8173,4.37037,38.2297
3.1325,5.39458,55.2402
3.46332,4.1328,33.8829
3.88595,6.03829,73.2965
5.28548,1.89086,12.7611
3.74223,3.54095,23.4335
3.91887,3.8015,29.5072
3.03394,4.33987,34.2399
3.87602,3.69774,27.71
4.78711,5.25454,55.9026
2.71248,2.80283,16.7119
5.00787,6.77001,97.0139
5.56003,3.58848,28.1839
2.87861,6.02218,73.0204
2.9914,2.17435,12.295
5.59079,5.8029,70.0559
4.19961,2.27684,14.9882
3.56646,3.08653,19.4554
3.46106,2.23233,12.4888
3.82126,5.72528,64.9794
3.60436,3.64827,25.0239
4.0108,3.24358,23.6354
4.49601,4.46393,38.901
2.92625,3.27441,21.1167
4.28186,4.04986,33.407
3.2315,4.56984,41.4946
5.13938,4.71077,45.1498
6.20056,2.91734,21.1567
2.33744,3.53229,23.9866
4.7516,1.97435,10.8077
2.90343,3.64761,25.6946
5.28967,4.80195,48.3595
2.53247,2.99553,18.835
3.60727,3.10204,21.4883
4.0413,3.64468,26.1018
4.54627,4.95732,48.4577
3.73285,3.86149,31.6702
2.02194,5.13586,51.8885
3.71108,2.3718,15.9483
4.68438,3.96999,30.8871
3.58226,4.98813,48.5366
6.19807,3.97112,34.7319
4.20482,3.60297,27.8664
2.83111,3.54426,24.503
5.29549,2.91898,19.6596
4.34983,3.02132,19.9087
4.79765,3.32079,25.0923
5.17304,3.0473,19.9491
4.98191,2.51976,15.4658
3.58063,3.45033,26.1523
4.01855,4.18795,36.4952
4.05291,5.82829,68.022
5.53532,2.43096,17.4571
4.75473,4.12323,33.713
4.90076,4.34931,38.8177
3.25248,2.82437,15.2186
4.59317,3.61364,26.5165
2.72509,3.61806,23.8476
4.06756,3.13987,21.2672
5.39305,4.24127,37.4629
4.46108,2.91519,18.7892
5.28016,5.75501,66.5841
5.95962,3.23211,25.3503
4.64024,2.88598,20.1971
3.11813,5.91748,69.7573
2.28844,4.29492,34.7381
5.36957,5.24766,56.7313
2.46197,3.6291,27.6317
4.93464,3.28236,25.1835
4.5189,3.26426,24.32
3.63793,4.58542,41.621
3.40186,5.13638,52.6618
4.52696,5.11532,51.8365
2.76284,4.62446,41.7084
5.51548,3.07991,21.0476
3.90039,4.68378,44.0098
5.99397,4.60378,43.6019
5.51055,4.0565,34.2512
4.19389,4.98008,50.6449
4.00578,3.29444,21.9325
3.77795,5.75944,68.307
2.50431,2.85265,16.9149
5.55482,5.70869,68.618
3.70482,5.76602,68.1215
7.27337,4.50607,44.5116
2.6501,3.412,23.9951
4.33304,3.83396,31.0644
4.77099,4.13609,33.9212
4.40379,4.77841,45.3506
5.05786,3.24251,24.1571
5.97223,3.84011,30.9515
3.14926,4.14764,32.3131
4.56049,5.71236,66.6308
3.74571,3.59409,27.0761
3.93795,3.38851,24.0212
3.13819,4.76643,43.8305
4.80253,3.79086,29.5199
4.39005,4.2507,36.4751
4.79526,3.65626,26.9889
5.93696,5.20885,55.7368
4.10396,5.01362,48.7201
4.69737,2.79397,18.5251
3.35993,1.52243,7.30479
3.95354,5.14142,50.9762
4.35114,3.3965,24.8458
5.4422,4.07206,33.9686
3.67942,3.95132,30.6009
4.89764,3.22806,23.3868
3.68235,6.39611,81.9124
3.75289,3.86534,31.097
3.18812,4.05678,31.9188
3.70915,4.87392,46.9424
3.34054,4.36124,37.3615
4.26896,3.10366,20.8448
4.34223,5.4173,58.3899
5.864,3.76956,29.5576
4.26456,3.56898,27.109
3.29634,1.88092,10.0785
2.20878,3.27365,20.2549
2.85309,4.79919,44.5654
3.58913,3.9606,30.7083
2.35998,4.78729,44.607
6.6175,2.82369,20.8024
3.48496,3.05317,20.5313
4.72064,5.53529,60.0493
2.48514,3.97913,29.6417
3.44528,5.0034,48.517
4.57387,3.99888,32.2432
5.46277,5.17844,55.6202
2.66071,5.22747,52.9849
5.11708,3.34264,25.3336
2.24166,4.44055,37.7315
3.97197,3.48789,25.1768
3.09059,5.49237,59.1484
4.46121,3.67153,27.5865
5.0395,5.14837,52.714
3.13587,2.99168,18.9345
4.38928,0.945759,7.86469
1.76904,4.27814,33.9765
4.40508,3.79204,29.3071
2.96115,5.46578,60.6279
4.11538,4.35754,38.2172
3.84871,4.5778,42.728
3.55989,4.81426,44.8989
5.00949,3.45591,26.0234
6.40641,3.26337,25.22
4.09453,4.41971,37.3204
4.02378,2.49599,15.3177
3.20002,3.16725,21.4675
3.28887,3.92821,29.9628
4.67448,2.20625,14.9267
5.2963,3.14123,22.765
3.04397,4.79308,43.3749
3.82103,4.32116,37.4271
4.58315,3.59004,23.6944
4.52772,4.82523,46.9345
4.39575,4.60046,42.678
4.63997,4.27036,35.6087
3.281,4.2967,35.0983
3.76043,4.08617,32.7812
4.38993,4.28324,37.0001
4.07612,2.22173,13.1263
3.73424,5.8286,67.783
2.9271,4.08498,32.812
2.63972,3.25024,22.1543
2.25051,6.19187,75.567
4.95741,5.15366,53.3286
3.36082,4.48859,39.4005
4.47642,3.45837,24.886
2.96105,2.48638,13.5755
3.925,4.28412,36.2948
4.72398,3.69861,28.0324
2.80704,3.60926,27.3743
5.9405,3.41993,25.6596
3.62221,2.7348,17.4671
2.62832,4.25525,35.4128
3.02053,5.56833,59.7364
3.20079,3.581,24.2726
6.21444,4.30281,38.9364
4.31876,3.89948,29.7339
4.55864,3.74286,29.2732
6.27975,3.33983,25.1002
3.25096,5.28111,52.6473
2.87469,1.62267,9.10382
5.02858,2.08131,12.7331
4.7446,3.02684,20.0423
3.4842,4.47796,39.2561
4.47919,3.9675,32.3422
3.27593,4.80883,43.4378
4.40353,4.33885,37.8774
3.78834,3.95437,30.3325
4.30527,5.81491,68.8978
3.97329,6.29088,81.6735
4.31555,4.07317,34.4463
3.38744,6.07516,75.4835
3.69507,3.16882,20.9255
3.62022,3.60172,26.0468
3.72913,1.95806,10.2357
4.06163,3.51616,25.6437
2.54352,2.29425,12.0334
4.23035,6.0532,73.0671
4.1783,5.75714,66.4055
3.78839,6.12727,77.0112
3.7839,4.62553,42.8706
4.46857,5.0355,49.784
4.43564,5.02568,49.4627
5.18604,3.96086,30.1648
3.19934,4.03956,32.9186
3.61555,4.35507,37.7562
4.29112,3.71424,27.9113
2.66323,2.93688,18.7282
3.6785,2.70656,17.3557
5.77573,3.92894,32.1844
4.89122,3.61047,27.2127
3.71641,3.57857,24.3589
4.00417,3.6075,26.4522
4.86982,4.03424,32.9386
4.53214,4.99861,49.7651
4.30885,3.96957,31.69
4.81773,6.36649,84.3055
3.44336,3.93144,29.7206
6.2293,3.66979,27.991
4.26769,5.23366,54.1498
4.57027,6.63723,92.3576
3.6043,4.62318,43.5403
3.12209,5.25593,53.717
1.91265,3.64832,25.2513
3.40371,3.16713,20.7345
4.2833,3.03589,20.1361
2.35873,2.68323,14.9715
1.85884,4.25415,36.4156
5.35851,5.21891,55.2055
3.66643,4.80839,44.1975
5.29131,5.34547,59.315
2.537,5.79774,68.5141
3.63129,4.46505,40.5365
3.61504,4.84373,45.7801
5.84914,4.34346,40.132
4.43886,4.12239,34.6067
4.42299,2.8,17.2079
5.09865,4.59818,43.0633
4.74133,4.30834,36.0428
2.52956,3.81762,28.1656
4.36011,4.21581,35.9805
3.47391,4.12076,31.5063
3.94565,4.24232,34.146
4.89659,4.15206,35.2085
3.10026,3.9847,32.4895
3.28005,3.73372,28.5449
4.31931,3.78291,30.1797
3.71428,2.47837,14.7808
4.45231,5.56576,62.4216
3.19685,2.76481,17.4101
5.57255,1.84388,12.8115
3.60068,1.78056,11.1819
3.61852,4.6386,42.5866
5.2673,4.25285,35.9155
6.1356,4.53599,43.9043
4.89038,3.43986,26.6374
5.58638,3.45556,25.6356
4.62274,4.5467,41.761
4.36306,4.56359,42.9763
2.26722,3.65192,25.6912
3.34934,5.49579,59.4619
4.22863,5.73158,67.5752
5.04274,2.04576,15.6682
4.62998,3.40454,23.1433
5.27004,4.04612,34.7739
3.28977,4.06047,30.9913
4.35303,4.71644,44.7909
4.32792,3.6353,26.1072
1.76792,2.83796,17.5892
4.53212,4.17737,36.9988
3.83718,4.66096,41.9829
4.57233,4.15576,33.9963
2.92969,5.54321,61.5376
2.07838,4.62714,39.8082
2.11035,2.97017,15.939
3.32148,3.22941,21.8364
5.10888,4.42169,38.3391
4.17307,3.45611,26.4328
2.85644,3.84176,29.3396
4.24738,4.30825,37.8838
3.60601,5.34446,55.9691
4.71891,1.72071,9.74252
3.82993,4.48391,39.7799
3.52809,3.88021,29.3917
4.23168,4.26789,35.3358
3.46995,4.53935,40.2683
4.07102,3.73485,27.2862
3.26135,4.85176,47.1116
1.8866,4.3186,34.1629
4.67832,5.2498,55.3308
4.07765,5.39635,56.9647
3.98019,4.28443,37.7511
4.97904,4.16036,37.1052
4.26189,4.74573,43.6523
4.35182,4.30281,38.063
4.71977,4.8698,46.8292
2.91477,3.94718,29.0822
3.81582,3.40018,24.2101
3.41642,2.95053,19.0116
4.62955,4.98158,48.8314
3.34319,4.67431,42.2636
3.88752,3.75273,29.0219
5.72363,4.33057,38.5181
4.80072,5.55574,63.26
2.252,4.60799,39.0917
4.97981,3.74119,29.4408
2.19326,2.73864,16.7568
4.04809,5.05734,50.8437
3.89337,4.22631,33.6581
2.21883,3.40179,23.2069
3.27264,3.6268,25.1199
5.45818,3.91266,31.7971
3.84907,4.17661,34.4067
2.83716,4.2069,33.7228
4.99374,3.82682,30.1186
4.88875,3.92764,32.1461
6.18853,1.28673,10.1269
3.16332,2.62722,17.0084
4.46591,5.41774,58.6756
3.00869,4.83885,43.7053
4.68793,4.27137,37.7862
3.0707,3.88344,30.1763
3.92248,3.85932,31.1622
3.84727,1.89781,9.92397
3.99855,4.58281,40.5538
3.90226,3.93204,29.1507
4.85853,4.80975,46.7411
3.67575,4.28902,37.3984
2.61693,2.76901,17.0701
3.08973,4.6865,42.414
4.73487,5.11986,50.3848
5.4016,2.35978,16.3513
4.80328,4.07813,33.1812
4.23721,2.64576,19.8168
2.79957,4.25569,34.2158
4.59203,2.73631,17.8413
4.94385,5.0832,51.7753
5.68324,3.3259,24.3379
4.05509,4.93391,49.3975
5.90327,3.77602,31.7785
3.91832,3.57513,26.1098
2.48404,3.71851,26.0254
4.0132,3.90554,29.8832
3.91321,3.60851,25.7704
4.46634,3.91585,30.231
4.93493,3.70028,28.5258
4.72169,4.69647,44.0628
4.49216,4.79632,45.2282
3.32915,4.56209,39.9668
3.94002,3.57979,25.2216
3.63931,3.60507,25.2194
5.81891,3.52682,27.3014
3.10782,4.48582,40.7656
3.77865,2.77094,16.0348
4.4978,4.00832,30.6871
4.28391,3.10349,19.998
4.63776,4.15199,34.9077
4.23486,4.12912,35.7558
3.00083,1.43049,7.88519
4.51472,3.78014,27.489
4.65636,1.79834,12.2795
2.61503,3.06838,20.1516
4.09434,4.66246,43.7883
5.60867,4.21957,36.0932
4.74517,4.83118,46.1209
3.08501,2.77755,16.0884
3.31191,4.69223,42.9326
3.31826,2.99363,19.3774
5.23861,5.80011,66.9569
6.14061,3.56649,27.3334
3.24663,2.89726,16.3268
2.12617,2.42889,12.916
3.6009,4.26917,35.876
4.36365,4.38201,37.1625
3.45956,2.95381,18.6209
2.79962,3.13446,21.3329
2.13448,3.19698,19.9742
5.75704,2.91851,20.494
2.67192,2.41061,14.4143
6.02457,3.41162,25.8826
3.91008,3.75654,28.8136
3.09841,3.6476,25.3569
1.6064,5.4558,56.3472
4.2005,4.26403,37.6926
3.57929,3.53173,24.91
4.71871,3.65471,26.2354
2.39083,4.30328,34.3689
3.60088,5.20885,54.3879
4.68265,5.4101,57.5597
3.65302,4.93078,48.2906
3.20762,2.76244,15.8474
4.48315,3.87779,31.4049
2.93021,4.30138,36.3492
4.5134,2.55065,16.6467
4.50095,3.05287,21.3364
3.47292,3.1434,23.0237
3.62284,4.61883,41.8202
4.49288,3.21938,21.6002
4.37189,4.49748,38.9267
4.42424,3.37996,24.1376
3.57486,5.74598,65.7635
4.94988,5.02286,50.235
2.87334,5.46039,58.4664
5.40724,4.47124,39.3024
3.82531,4.3663,38.3682
5.0932,4.05042,33.6629
3.80579,5.12476,52.4606
2.92136,4.28382,34.8214
4.0512,3.96934,31.216
3.9523,5.78694,67.6499
4.50475,4.88315,48.1757
5.64015,3.46987,25.6938
1.95579,5.5784,61.9565
5.02958,3.10792,21.3161
4.87842,3.22834,22.5342
4.38436,2.76797,18.3317
4.03482,4.16256,33.9068
1.05776,3.67785,25.0143
3.86604,4.94524,48.973
3.71121,5.99426,73.1047
4.88662,4.34011,38.9602
3.88665,3.89772,33.0692
3.08942,4.15331,33.8746
2.01631,5.83811,68.2253
3.06957,2.34949,14.2783
4.89821,4.22825,37.7922
3.68579,2.19308,11.7107
2.93397,4.3453,36.6451
3.52776,4.77168,43.9276
3.07759,3.09126,20.0889
2.89056,4.54604,38.3519
4.88228,3.98668,31.2883
4.05873,4.78914,44.4742
2.78233,5.38949,57.353
5.78483,4.04391,33.7866
4.08766,2.93409,19.1389
4.00109,4.15159,34.1055
4.07853,2.19178,13.2746
4.50987,4.6242,45.1128
3.46117,3.95132,31.5604
5.01274,5.3765,59.7234
3.18877,4.05232,32.2738
3.02464,3.95051,30.3611
3.93031,3.07109,20.6927
2.88853,5.68184,65.5378
3.90001,4.32254,38.0779
3.72645,4.51656,41.5587
2.89293,5.28662,54.795
2.74973,2.74132,16.9035
4.27737,2.61367,16.4238
1.98149,5.49516,59.1051
4.39037,3.65321,25.3694
4.90029,3.90353,31.7442
5.16434,5.85452,70.6264
3.73014,1.89004,13.0542
4.36359,5.15847,51.6091
3.6346,3.75247,28.1146
4.14739,5.92326,71.541
3.9262,4.2739,33.4652
6.66095,5.22458,57.0485
4.55775,4.51552,40.327
4.43145,5.59268,62.2412
4.05664,4.44123,39.5738
3.65542,4.58196,41.8749
3.34383,5.35836,56.3401
5.45918,3.90414,31.0899
1.73703,5.1212,48.8148
4.15166,2.52269,16.3569
2.84091,4.569,41.5678
5.93709,2.57268,19.2144
3.78862,3.91422,30.4509
4.38577,5.82966,68.6416
2.712,4.67718,43.1652
4.20139,4.49473,40.2031
4.81818,5.73661,67.4704
3.71527,3.90949,31.792
3.69207,2.96847,21.1252
4.86331,4.63562,42.0817
3.86961,5.49038,60.1019
2.49948,4.18024,33.9803
5.37109,3.98124,33.5467
4.16343,4.1581,33.6301
3.17757,4.8916,46.4091
3.3868,5.50152,60.1168
3.36711,3.26641,21.4655
3.6816,5.12454,52.4219
4.32501,5.0839,50.8606
2.91058,3.46397,23.1675
3.70936,4.38716,38.4968
5.02585,4.73992,44.3162
4.14967,0.819744,6.46978
3.12882,5.60831,62.9808
3.90208,3.46586,23.0753
3.72073,3.94289,30.06
4.29124,5.59532,62.6575
5.25688,5.1904,55.3893
2.89513,3.51131,23.5363
3.51645,3.456,22.5552
3.20701,2.94525,19.5693
3.72343,4.5122,39.763
5.60727,5.05617,54.0242
3.23055,5.24054,54.0696
5.16705,4.81164,46.2259
3.50897,4.018,32.0569
4.09583,4.96484,48.1292
2.66053,4.41476,37.5325
3.86632,4.31301,37.4713
2.88811,2.78493,17.437
3.49098,3.32023,22.6734
4.22112,5.17728,53.1923
4.13106,3.69829,29.8796
2.58439,5.28162,53.6592
4.99918,3.08987,19.5302
4.32433,3.51425,27.0382
4.20488,5.61617,63.4149
5.14548,3.52343,27.4512
3.98012,4.5472,38.6612
3.22336,2.98929,18.8383
3.18023,4.0536,30.9193
4.14153,2.60545,17.0072
2.93005,3.87377,28.9586
2.26632,4.20176,34.5206
4.50812,1.99448,12.5782
3.78457,6.11669,77.5134
4.75072,5.94072,70.0108
1.77064,2.22982,11.6081
3.55011,3.80287,29.3388
3.5378,4.85147,46.2591
4.09536,4.39571,36.172
2.3889,5.02135,48.8472
5.87658,5.23338,56.8175
4.22167,2.98375,21.7588
4.34881,3.81805,28.9732
4.23892,4.34541,38.199
5.017,3.90331,30.277
3.00436,5.74278,64.3519
6.43396,4.80821,47.6043
4.20177,3.77765,29.9823
3.85603,4.67995,42.8763
3.74266,2.88383,19.3223
3.53372,3.77181,28.5665
4.96929,4.4166,40.1314
4.12571,2.34157,14.7101
5.20134,4.45347,38.753
4.0113,2.84986,18.6215
5.28413,3.88433,32.6171
4.53515,3.11668,20.2425
0.610509,4.60335,39.4315
3.21471,2.96565,17.4777
4.49436,3.63045,28.0727
4.82039,4.36921,38.6657
2.88844,2.24396,12.2908
5.15475,2.7874,17.5361
4.35909,2.47237,16.0525
5.95287,3.92038,32.7684
2.83175,4.09766,31.4468
4.70991,3.25241,22.6292
4.22711,4.38724,38.3023
4.72423,5.57949,61.9828
2.34951,3.41382,24.3728
4.11022,3.03398,21.067
2.90686,3.72192,27.526
3.59739,2.84543,17.1979
2.99382,3.36731,23.461
4.4771,4.08914,34.8014
4.2795,3.29714,24.4458
4.00074,5.68776,63.3165
3.60659,3.2408,21.6023
3.55186,4.82467,44.7458
3.96202,3.89929,30.0516
3.64341,4.0296,32.2115
3.28235,3.18521,22.3441
4.18005,3.95162,30.3816
3.23825,5.25654,53.8064
6.5123,4.60519,43.8622
3.54664,3.61241,27.6769
5.49851,2.32924,15.0664
4.35599,4.46253,38.6316
4.86558,3.96553,31.3133
3.90126,4.67892,42.1683
4.19286,2.36019,14.7547
2.68448,4.58604,39.3771
6.27194,4.27255,39.332
4.74085,5.54293,62.3128
5.59029,3.51008,27.0571
4.07658,3.77678,27.2811
4.86799,2.61564,16.8057
2.11438,4.36915,35.74
2.83806,5.34554,55.6837
2.69895,3.27607,21.9958
3.51903,3.75562,28.1616
3.70438,4.18688,33.4874
2.21813,4.61478,40.5673
3.64662,3.57123,25.3953
3.88148,4.7287,45.0594
3.33064,4.7553,45.3168
2.54998,6.99631,103.233
3.49686,5.02968,49.792
3.98592,3.19952,22.009
3.26456,3.5167,25.0602
4.2262,3.02454,19.6132
3.96828,3.88691,28.104
6.00188,4.16875,37.0637
3.50586,4.82812,44.7569
3.14767,5.02856,49.784
2.86236,3.87682,29.6355
5.29166,4.13118,34.4242
3.94225,2.56603,16.1118
4.49376,3.65966,26.7286
3.29937,5.39984,57.3056
5.21581,2.59801,16.9368
5.85988,3.33694,24.0261
3.60819,4.11332,32.207
4.83736,5.39427,58.8836
3.78809,5.16088,50.7238
3.54723,4.91677,49.5764
5.74407,2.84953,19.7707
2.66216,2.90039,16.9244
3.91939,3.79146,29.0277
3.52505,4.03397,33.3172
3.5631,4.93213,47.1048
3.02965,3.23316,20.8194
1.50232,4.86084,44.1765
5.77858,2.39732,17.5666
4.03825,4.16104,34.0357
2.76325,3.48739,24.9083
4.2025,4.88545,46.8435
4.64983,2.81919,19.1156
3.04802,5.14911,52.5567
3.44835,4.09138,33.2575
4.51239,4.61117,41.1056
4.56453,6.41195,86.7077
4.10177,5.25796,54.7183
4.88301,5.02026,49.5297
3.43677,6.05116,73.3928
4.27137,4.65224,44.802
3.9995,1.25313,8.64017
3.44688,3.86374,31.1302
3.04955,3.81854,30.5523
3.77274,5.82834,69.18
3.53862,4.47373,38.5556
3.20245,3.9247,31.9732
4.99692,4.52603,40.9616
3.1254,4.17712,32.0499
3.52782,3.33694,23.0481
4.00214,4.96029,49.7265
4.07594,4.22249,35.6532
5.51137,4.1745,35.6486
3.29333,6.02345,73.6495
3.50636,5.1294,52.309
4.48982,4.55792,42.8736
5.19306,3.2137,23.8205
2.89821,3.85263,29.2077
2.71413,4.32996,36.3857
3.83945,4.31469,38.4325
4.3992,3.08703,20.6184
3.2567,4.35338,36.1074
1.92391,2.67762,15.9606
5.74291,3.26567,25.4777
5.41767,4.06816,35.3254
5.04581,4.72976,47.1217
4.43101,3.5965,26.3863
5.15177,4.77397,47.1037
2.98352,3.4188,23.5057
4.8571,4.03834,34.0592
4.86276,5.54149,62.3093
4.92414,4.21697,37.2114
5.15668,4.05236,34.5257
1.67603,5.85814,67.1526
1.58063,4.9345,47.9223
2.56632,3.27889,23.5506
3.2711,2.81379,16.2667
4.88277,3.96324,30.5308
4.4374,2.5618,18.0007
3.52809,3.13114,20.0119
4.4638,4.43808,38.3164
5.33728,3.41194,26.0919
5.55865,3.28286,26.1485
5.03404,3.50071,26.2614
2.94358,5.28159,54.6887
3.06594,5.42505,58.7829
3.77112,3.98714,31.964
3.80414,3.49623,25.9343
3.67193,4.28306,37.4561
2.3033,2.68436,14.8092
4.30156,1.63388,9.03455
4.48105,3.42389,24.7629
4.9692,3.90701,31.2146
3.64459,2.83156,19.0021
6.00134,5.27005,57.8439
2.86007,4.3349,36.7515
2.43565,2.20335,14.064
2.15652,3.81468,28.9914
3.77303,5.49743,59.3355
5.8508,5.20568,54.7166
3.79621,3.58665,25.3397
3.36361,2.54418,16.2793
4.29847,4.5613,40.3565
5.50846,4.22484,36.4752
2.77033,3.68724,26.4484
4.63434,4.84474,48.3093
2.06112,4.60353,39.0254
5.08943,4.87829,46.4985
2.00458,3.38211,23.0117
4.75519,3.28682,23.7818
2.4005,2.7801,17.9439
3.74826,3.6163,27.2426
4.72049,5.38525,58.9567
5.09409,5.24296,55.7027
3.45846,4.98281,49.9171
4.66321,4.35089,38.2938
3.88395,3.62225,25.0615
2.93964,3.54481,24.8093
4.63736,4.52717,41.3323
6.22158,3.47403,25.5333
4.3852,2.10624,11.3558
4.84007,4.88067,46.7775
2.96817,5.37849,56.2678
3.72812,6.29221,81.1735
2.46037,4.72431,42.5695
4.52404,4.4802,39.2748
5.19658,3.51068,24.9543
4.98495,1.94845,13.7163
4.12225,5.72154,65.4718
5.52443,3.59478,26.866
3.68895,3.52033,25.3666
4.55914,4.31605,38.684
6.74681,3.14428,22.7707
2.86572,4.17246,34.6314
2.93314,2.6342,16.6537
2.71803,3.36144,21.9017
3.9828,2.76151,17.5563
3.87462,3.29794,22.7166
5.66329,3.56969,29.3005
4.84422,3.08638,21.5895
5.01577,3.58436,28.8384
1.86069,3.29349,21.2209
5.52462,2.0396,15.9053
3.15983,3.46505,23.1984
3.42626,3.48761,23.8251
4.88966,4.12,34.9207
3.08862,4.9676,47.4648
5.55089,3.97997,32.2015
3.04503,4.58713,38.5669
3.42311,5.19863,51.7185
4.71751,4.88291,48.8033
4.66999,4.33087,37.469
3.09539,5.04215,49.053
4.17166,4.33979,37.687
3.46435,4.82471,46.934
3.67093,2.57018,15.7879
4.336,3.77622,28.4205
2.60258,4.94632,47.5131
3.80788,4.7477,46.0134
4.57978,4.81761,46.0648
4.15243,4.48107,40.5022
4.18017,5.34597,57.1242
4.29314,5.1079,50.3123
2.58064,4.39601,36.7475
5.2748,4.79279,45.4874
4.58544,5.06998,51.5237
3.00646,4.21317,34.4242
5.43228,5.66782,65.6637
3.24771,3.39438,23.9964
2.6091,5.68538,62.863
5.62438,4.71104,44.7427
3.37469,4.47389,40.7392
4.76616,4.38167,38.016
4.20966,4.97592,48.7567
3.99596,4.52337,39.8481
4.82764,4.91798,49.7906
3.27099,4.68379,40.3014
4.30734,2.06369,12.7877
5.0894,4.02313,33.3126
4.88803,5.1341,52.7751
4.79684,2.99603,20.355
3.35657,2.0727,11.1994
2.85661,3.52477,26.055
3.91766,4.26673,36.3874
3.54906,5.29322,56.4935
4.89077,4.36899,38.5127
4.40497,4.00949,31.8792
2.93446,3.00665,19.7556
4.04867,3.39339,22.8981
4.19939,4.49153,41.0206
3.87817,4.36887,36.7983
5.57253,5.30044,56.7356
4.87035,5.54858,62.9413
3.55339,2.74342,17.1141
4.09745,4.15315,36.1055
4.01172,4.37024,38.7938
2.91642,3.02608,18.5673
2.48095,5.59255,62.2727
3.61287,3.0477,19.5643
2.80752,2.74091,15.0299
3.68967,4.19446,36.0637
4.45135,5.25266,56.1579
4.78678,2.63271,17.8692
4.75934,4.04661,33.1109
4.5228,4.44197,39.0927
5.93458,4.42647,40.9034
5.20092,3.41344,25.4278
5.60326,4.73322,46.1202
4.76053,3.19814,21.3681
3.38205,4.65657,45.0037
4.07447,3.05062,20.287
3.79003,2.54908,14.7498
3.22709,4.69047,43.5911
3.32488,2.64801,16.0743
3.78104,4.88994,47.55
5.06858,3.46623,25.5524
4.46488,4.10944,34.8823
3.74046,5.96506,73.1591
5.41393,4.32002,38.3972
4.03848,4.43796,39.0827
3.38653,3.30589,24.0124
5.06214,4.75683,46.1972
3.44064,3.58048,27.7059
3.07025,4.1836,32.3776
3.24882,4.07347,31.0752
3.24489,5.51296,60.7518
3.29771,5.1193,50.4106
3.44206,2.39576,13.17
2.75853,3.02223,18.8474
2.8154,5.34501,55.1975
5.16064,4.05089,36.0321
5.09747,4.59599,42.9971
4.05298,4.86781,47.627
3.04632,4.09843,32.3671
3.45776,4.49699,38.6698
3.70125,4.1485,33.9499
2.91244,3.29324,22.1979
4.28958,6.02969,72.8955
3.39117,5.73467,65.311
2.75992,3.70931,27.292
3.82157,4.73439,44.529
3.67576,5.00256,47.8482
4.00128,3.58525,25.4199
3.9398,4.16725,35.071
3.8731,4.84676,47.4518
3.09816,4.50525,38.3026
2.35145,5.48715,60.1959
2.46716,2.70082,13.3658
4.5367,4.76726,45.2925
2.74186,3.41965,23.3232
3.88156,3.72061,26.6671
4.52177,1.94727,13.1083
2.28981,4.9048,45.3323
3.66914,4.18071,33.7458
3.69053,3.93854,30.8409
