3
3.97246,4.66563,273.201
5.37328,3.87193,221.009
4.01893,3.34293,123.874
4.81027,5.29421,416.03
4.08024,2.72022,88.3428
1.55914,5.44216,386.036
1.89716,5.48996,397.953
2.51692,3.73054,126.759
4.46009,4.98329,343.072
3.66414,3.43476,121.414
4.77551,4.20353,232.926
4.61183,2.07859,80.3136
2.87548,4.18561,182.616
3.04576,2.41454,53.1871
3.14356,4.55332,236.441
5.78887,2.86228,165.12
5.29233,3.60714,189.87
1.68973,3.73748,123.348
4.46854,3.98435,196.498
4.48803,3.12601,122.389
2.35909,4.4885,217.057
4.01364,3.49084,133.193
1.8235,2.4208,39.3583
3.36972,3.15433,95.9675
5.95199,3.51637,216.494
5.07903,5.39489,448.858
4.30917,2.05247,69.6032
4.09533,3.51754,138.789
3.76158,3.79218,155.134
3.09024,4.30031,200.732
4.94006,4.23004,241.96
6.14713,3.71916,246.344
4.30408,5.75861,508.332
5.01909,3.58853,176.869
3.65316,3.92285,167.403
3.0283,4.01606,164.702
4.95434,3.80975,196.262
5.07782,3.90758,210.334
5.12705,4.84464,341.234
1.13234,4.48871,209.152
4.16047,3.18028,116.591
2.23349,2.50527,41.8382
5.83868,3.90747,247.366
5.44574,5.0653,398.841
2.60305,4.70999,253.485
5.22315,5.49094,475.638
3.66087,3.90706,164.98
4.67265,4.04383,210.55
4.98605,3.32251,154.048
3.29086,4.83532,285.597
4.2802,3.92434,183.093
4.2175,4.33448,229.555
3.72228,4.03092,178.997
3.87485,2.96187,95.5294
2.78099,4.622,242.009
4.18273,4.61443,271.095
3.35392,4.41947,222.129
2.74698,4.54887,227.504
2.94685,4.71528,260.893
4.42487,3.07164,119.452
6.2269,4.28456,315.104
3.50485,2.37447,59.5886
3.9437,3.80515,160.964
4.78919,3.95761,203.353
3.2921,3.77333,143.395
3.56397,3.24152,105.676
6.32482,4.05769,293.289
2.7542,3.42854,104.996
4.39322,4.18425,216.394
3.02543,3.19749,91.4057
3.05474,4.914,295.885
4.26253,3.48276,142.892
5.87149,3.46388,207.198
4.83812,4.26738,242.923
2.6831,3.6765,126.443
3.56758,3.71916,143.015
3.06174,4.92721,298.065
3.82105,3.42711,123.641
2.74498,3.51146,110.903
3.8384,4.86773,301.149
6.239,4.21165,307.309
4.84782,3.87181,199.221
4.73874,4.51438,273.153
4.14537,3.84329,172.109
4.33103,5.09527,358.503
4.27289,4.89106,319.32
4.67169,2.73762,106.857
4.32301,3.84937,176.523
5.33673,4.34143,271.691
4.34427,3.46812,144.168
3.20175,2.78888,68.7995
2.74936,2.95781,74.3615
4.52588,4.04638,205.342
3.54315,5.1164,342.205
2.7859,3.87415,145.716
4.05275,2.9978,103.34
3.39697,3.25322,102.017
3.12509,3.8156,145.339
6.81499,3.66974,288.667
3.28884,4.44746,225.406
4.6612,4.78171,314.311
4.75051,2.07694,85.5779
2.10596,5.00032,299.322
5.12355,3.25573,156.278
3.82639,5.5185,435.968
2.87631,2.78501,65.7897
5.64341,3.6304,210.485
5.5217,3.42953,186.756
3.69927,5.08206,340.108
4.13637,3.49339,140.656
4.20085,4.73598,291.29
3.14049,2.30715,51.8238
3.10861,4.55675,234.427
4.14429,3.8091,167.532
3.73532,4.43222,231.003
3.16064,4.96026,307.122
5.25298,2.55059,120.895
5.54182,3.6083,202.155
3.51459,4.51457,237.606
5.0528,1.69945,90.8413
3.79054,2.75736,83.4891
4.14092,4.23855,218.451
4.97925,6.24647,669.403
3.73464,4.50072,240.139
3.98688,2.05277,61.4656
3.8226,4.7408,281.198
3.46454,3.30524,107.194
4.45707,2.41558,87.5828
3.38397,2.10929,49.5055
4.13297,6.72594,806.019
3.19725,6.33275,647.297
5.52256,5.41072,471.817
2.19755,4.46204,211.572
3.48681,4.2807,205.147
3.85691,4.42777,235.39
5.15863,5.99216,603.7
5.42363,3.46779,184.84
4.31242,4.57316,269.431
2.49835,4.16704,177.399
2.51877,3.86315,141.485
3.15195,5.80451,491.998
2.92446,2.73025,63.4712
3.92299,1.97052,57.9527
4.58395,4.59148,279.848
4.15497,5.76179,504.398
3.80938,5.81602,509.445
3.86003,6.63246,763.518
4.2158,5.10579,357.77
5.46355,2.53535,131.153
3.99628,5.21041,370.492
4.16489,3.17527,115.818
3.6708,5.33102,390.611
5.07788,4.05231,226.865
2.07717,3.2081,80.3079
4.75519,3.13452,135.494
5.39914,5.07434,398.377
4.35979,5.35613,415.439
2.20688,3.66123,117.875
3.7791,3.77878,154.49
3.23672,4.21963,192.664
2.60114,4.61869,238.496
4.82236,4.04392,216.21
3.10254,3.6682,131.944
2.62168,4.78131,264.306
4.16963,4.70259,284.773
3.37537,3.32551,107.784
4.37937,4.0881,204.388
3.68463,5.0296,329.62
4.43043,3.5833,155.962
3.01203,4.1139,176.11
5.57637,4.6471,330.938
3.23696,3.92989,158.961
5.62134,5.43652,484.233
2.96934,2.92814,74.3172
3.97972,4.33439,225.16
2.92064,3.75445,134.816
3.57081,3.74095,146.814
4.49578,5.21241,386.874
4.53926,3.42879,144.788
2.84544,4.82858,276.554
2.65289,4.34104,200.19
3.85828,3.82361,159.545
1.96119,2.68328,50.9871
2.35504,3.94555,147.677
3.72638,5.07253,336.989
4.40186,2.21354,77.8786
2.32231,4.77718,262.829
3.85346,1.94368,55.0462
6.24488,4.6426,368.031
3.80441,4.88981,308.179
4.81781,3.58037,168.534
4.25359,4.71635,288.261
2.66893,3.05851,76.6109
4.26263,4.08064,199.887
4.19567,3.41003,133.813
4.3756,3.73897,167.179
3.31299,4.85286,288.422
4.17712,3.2546,122.321
4.66489,2.25769,90.0882
5.77806,5.00231,404.685
4.03425,3.04002,105.47
4.63881,4.78669,312.299
3.81198,4.81405,292.607
3.41913,4.35957,215.03
4.26167,6.03641,583.851
2.6184,3.94503,151.976
3.6437,4.01696,176.045
4.28463,3.97699,188.241
4.21107,4.95977,329.545
4.37843,4.27879,229.297
3.46868,2.62212,67.0482
3.52054,5.63745,455.369
2.91934,4.31907,200.621
5.90686,3.87656,246.89
4.96978,3.42539,162.851
4.16113,4.48743,250.161
4.98618,2.2006,98.4573
4.60179,3.4204,148.037
3.85802,4.40281,230.189
3.42668,3.27166,106.029
4.53217,3.03784,118.526
4.65699,4.11912,220.09
3.73366,5.1726,359.755
3.87642,2.83489,88.3651
4.87301,3.68733,179.567
5.7765,2.99079,170.472
4.11398,4.83161,304.212
3.54847,4.24724,201.787
4.72252,3.4154,150.792
6.08298,3.31157,209.148
6.3321,4.60242,366.769
2.91565,4.46608,220.892
4.79546,2.32179,95.5766
3.4356,5.8271,502.746
3.2576,4.20547,190.149
3.27733,3.28296,102.124
2.59154,4.05717,163.288
3.09061,5.0954,328.694
4.51394,3.03912,117.7
3.10346,4.52197,231.294
5.78102,4.94953,392.885
3.58623,2.54792,67.0953
2.08582,4.07336,159.311
4.76313,4.15534,226.101
5.02309,4.62186,301.691
4.57811,6.08026,603.989
2.94886,2.55851,55.8766
2.91535,3.2209,92.3206
4.13393,5.22496,379.01
3.90472,4.85573,302.924
2.80993,2.29668,44.9659
5.37074,3.61998,197.236
5.26826,3.1721,156.647
3.10875,4.12948,178.749
4.56891,2.61015,98.4469
4.55925,3.15076,127.728
3.51825,3.66649,139.084
4.01255,6.10005,594.909
1.87467,3.80321,129.039
4.12992,4.61706,271.338
5.13449,4.28735,258.674
3.76195,3.61258,138.413
4.42847,4.04111,203.05
5.16308,5.79248,547.602
4.07451,3.69872,156.452
2.23345,4.47031,213.044
4.46153,1.67616,67.8223
4.06238,4.31237,225.171
3.60952,5.53893,434.953
3.86919,3.68076,148.518
5.50943,4.37748,287.916
5.11463,4.09568,234.045
5.08496,3.94949,216.245
4.03643,3.8429,167.749
3.82426,4.11281,193.314
4.62796,3.16382,130.982
3.50816,3.08123,92.5031
4.62392,4.76959,309.187
2.81069,3.7954,139.415
2.29832,3.23395,83.1444
4.08488,2.42099,75.1342
3.99855,3.37873,125.547
3.88434,5.85387,520.605
4.14544,3.46417,138.215
1.52547,5.98196,523.607
3.64877,3.87754,160.981
3.44707,3.97092,168.86
4.90318,4.18261,235.977
2.8952,3.98547,162.599
3.44496,4.85492,290.747
5.16869,4.20995,249.561
3.4841,4.39849,221.895
2.65939,3.77877,133.553
3.91294,4.00723,180.632
2.94978,4.95362,300.484
4.28857,4.27076,222.929
4.40684,1.62958,65.5596
3.85069,6.26114,637.655
4.27423,1.74727,64.159
2.4202,3.87829,142.026
3.80455,4.34325,220.588
4.89927,4.68575,307.715
2.6098,4.13048,172.134
4.63348,4.4526,260.799
4.94976,3.49159,167.045
3.68535,2.44414,66.9998
3.96379,4.00696,183.146
3.32755,3.01485,84.8057
1.83253,3.15876,74.583
3.87607,4.59973,258.887
4.26392,4.88686,318.097
3.19168,4.63726,250.368
2.24815,4.54895,224.376
5.48748,4.27888,273.82
4.65427,2.4362,94.8071
3.83305,3.76848,154.154
3.78732,2.60502,77.0285
5.49115,4.92468,373.158
3.14602,3.14381,88.9251
3.62694,4.42789,228.073
3.85715,3.57877,137.495
4.28032,2.66435,91.5557
4.08813,5.19118,370.408
4.88669,3.42318,160.438
4.23731,3.26857,125.139
4.62408,3.16538,128.365
3.10118,3.01654,82.0485
2.56028,4.36717,200.588
3.40814,3.91974,161.71
5.50308,3.32189,177.865
4.19479,2.85851,100.481
2.22136,3.45889,99.3619
3.88809,4.79654,291.974
4.63039,3.67618,170.331
4.52976,3.41966,145.492
4.28338,4.26666,226.322
4.01768,2.55114,77.8936
3.20588,6.21035,608.854
3.11492,3.60361,123.867
4.37622,5.7822,515.906
4.74142,3.87203,193.878
4.48394,3.17749,125.279
4.36435,5.86619,537.546
4.69924,4.81303,318.976
5.31159,4.58188,308.599
5.92843,7.07538,1016.33
3.28863,2.84525,73.9074
6.03419,4.45246,325.592
3.16119,4.53034,235.745
5.30309,5.04453,386.813
3.83608,5.7531,492.391
3.98965,4.31918,223.344
3.14423,4.56844,241.134
3.70717,4.46588,235.403
3.96035,2.83339,91.4079
2.26812,3.56926,111.052
2.94295,2.49893,55.1498
4.6011,4.16935,221.498
4.38335,4.82377,311.718
3.25661,3.68051,135.112
5.31626,2.81271,137.065
5.12662,4.32639,262.95
4.4611,4.98872,343.15
1.83891,5.12165,320.973
3.71152,3.58887,135.126
5.79857,4.95073,393.613
4.18695,4.07013,197.749
5.29832,3.38941,173.404
5.11536,4.51293,288.923
3.34269,3.83263,150.686
3.85865,5.00601,328.177
5.795,2.93605,167.83
2.86863,4.83986,278.869
4.37463,2.83996,102.023
3.88484,3.39753,125.116
4.02813,3.19888,114.027
4.45582,2.47414,89.5146
3.75029,4.9504,315.004
3.97401,4.89392,311.093
4.88693,4.05135,218.448
4.28416,4.49121,256.85
2.61626,3.28912,92.3346
5.39247,4.06315,242.228
3.40523,4.06772,176.546
4.19541,4.53055,258.593
6.43189,5.2416,487.226
4.11815,4.2987,222.689
3.43003,2.69484,71.8544
1.42586,2.27988,32.1907
3.0674,5.68602,459.138
4.33431,6.73212,815.004
3.95645,2.72681,86.6913
4.90602,3.20275,142.343
4.03736,4.3469,229.988
5.12052,6.8367,880.847
5.23347,4.63283,311.982
4.16374,2.88074,98.7919
4.48668,5.32134,412.507
5.0101,2.84384,125.944
1.85482,3.91582,139.485
2.64465,4.20231,182.05
4.43672,4.785,305.587
3.3932,4.88972,297.266
3.99586,4.67602,277.059
5.56538,2.98128,158.61
4.37293,4.1944,219.122
4.56093,3.14101,126.18
4.53169,2.19996,83.164
3.59387,4.94047,309.649
4.77725,5.51666,464.336
5.18394,3.06981,147.411
4.58773,3.86362,187.336
4.96916,3.41379,160.649
4.87752,4.97675,357.079
4.29076,2.6195,89.0952
2.08008,6.07383,553.043
3.69958,3.52391,129.429
4.83871,5.46872,455.933
3.72561,3.21006,106.853
5.52716,3.89027,229.132
2.81479,5.41175,390.76
4.76488,4.33396,249.288
3.35219,4.74706,271.994
3.10588,2.58643,60.979
4.01528,5.72748,491.767
3.62429,4.7863,282.661
2.86665,5.02519,312.145
4.77568,3.02563,125.424
2.99294,3.26943,95.2272
0.996996,2.48634,38.2656
2.52019,3.88419,145.28
3.74444,3.0042,94.5308
2.4502,2.94457,68.471
5.65248,4.09323,260.183
5.13934,4.86486,347.129
4.661,5.11334,373.2
3.71601,3.41143,121.027
3.3489,4.90732,299.566
5.39987,3.12938,161.668
4.12768,3.83356,172.355
3.85686,5.1867,364.631
5.50587,3.78766,217.479
3.23143,4.60789,245.959
3.17219,3.65515,131.984
4.2716,4.60369,272.183
2.77594,3.68697,126.996
6.01881,4.15378,286.432
2.79558,4.74191,261.51
4.5668,4.45358,258.526
4.26342,2.71196,92.2603
3.63684,4.33908,216.783
2.4561,5.79825,480.503
4.59027,4.65838,291.292
3.94417,3.63639,144.878
3.10932,4.82004,280.136
3.94697,2.78818,87.3188
3.37712,3.38851,113.025
5.57587,4.7638,348.904
2.7214,4.0554,164.248
3.66048,2.25051,59.2177
2.61451,5.37726,380.016
3.75618,4.03312,181.425
5.35234,4.17829,254.555
4.63023,3.74787,178.772
3.63607,2.51554,66.0854
3.4327,3.73699,144.391
1.34813,4.66917,237.437
4.55973,5.45222,441.053
5.79045,2.92514,167.233
2.90335,5.35224,379.833
3.32591,6.16777,597.619
5.27169,3.11912,153.066
3.77978,4.28005,211.989
4.77006,3.76198,185.395
3.99457,5.9092,538.937
3.17645,3.61238,127.162
2.56873,1.49285,24.8436
2.92381,4.6945,255.062
3.88087,3.61389,141.49
4.01227,5.02168,336.458
4.06666,3.4,128.786
5.26582,2.93751,141.061
4.66561,3.13323,129.371
4.52619,3.52533,155.269
2.66214,4.44388,211.869
3.67829,4.4751,236.547
4.84193,1.5952,78.8879
4.85808,3.94301,206.641
3.42014,0.793986,31.1061
4.4668,3.00002,115.126
1.92582,6.45222,669.898
4.26185,4.2842,225.805
2.16025,4.04583,158.002
4.48132,4.17434,219.595
3.5752,3.65531,138.936
3.50218,4.46276,233.094
5.78062,4.27561,289.076
4.04747,4.05266,191.682
2.69092,3.63073,121.617
4.79711,4.56255,282.478
2.20537,4.54122,223.805
3.65916,4.4076,226.518
4.40991,4.71688,294.21
3.00863,3.50138,113.767
4.01933,4.8543,305.706
5.65048,3.52746,200.503
4.54835,4.07862,209.544
4.16346,4.79739,298.707
5.20449,3.23503,159.663
4.69809,5.04209,361.106
2.24807,6.07979,556.844
2.91397,4.85011,280.812
3.16672,4.54829,236.065
4.47481,4.19111,220.038
3.88153,4.30643,217.405
3.71164,4.56247,249.288
5.27307,3.40703,172.953
3.82952,6.8614,847.699
4.18554,3.83512,172.736
4.0958,3.19187,115.488
3.15142,2.3198,50.056
4.87222,2.07866,89.8094
3.50249,5.69735,469.619
3.37744,3.48463,120.812
5.92428,4.1507,280.094
3.76097,3.35206,117.714
3.27254,3.99987,167.854
5.66991,3.71448,221.482
4.24952,5.12591,361.969
4.00261,5.78873,506.859
6.00319,3.76646,241.899
3.65153,3.18881,102.984
2.78668,5.22365,351
3.75905,3.15129,103.245
2.59891,3.96735,153.043
4.03305,2.23183,67.0224
2.30992,3.4427,99.6602
3.03247,5.41746,397.614
3.58085,4.31217,212.745
5.95742,4.85806,384.254
4.08399,5.66265,476.916
4.16106,5.58318,458.779
2.60205,4.40167,207.833
4.64915,4.23632,233.381
5.52329,6.42276,751.624
3.10545,3.93871,156.58
3.16142,4.71332,263.039
4.2986,3.00837,109.123
1.11083,5.14354,319.321
4.6726,4.57623,281.639
5.61782,3.81219,226.587
3.51566,4.26404,203.834
3.35102,3.79092,148.452
3.66114,3.77514,152.29
3.8715,5.55903,446.08
2.4372,3.35029,94.7233
2.53833,2.82934,63.8262
2.84863,3.80021,138.024
4.08744,4.13264,200.204
4.93712,4.9524,353.751
3.56861,5.22697,364.133
6.07067,3.90136,259.932
4.21799,5.87385,536.082
3.80167,1.9513,54.9631
4.61643,3.3371,141.851
3.84444,2.43091,69.375
4.08211,5.80805,514.937
6.03604,4.24765,298.724
2.95786,3.21548,91.6645
3.18133,3.55493,120.861
3.0357,2.75402,65.7193
3.47273,4.88126,295.756
5.63274,3.9323,239.481
4.8718,3.08735,133.534
2.97842,3.88969,149.448
4.00191,4.00482,184
3.39581,5.11656,339.244
2.9894,3.32593,100.656
5.97665,1.14681,129.725
4.23961,4.64833,278.427
3.03757,5.54321,425.792
4.9275,4.05004,220.978
5.17399,2.56496,118.158
2.48413,2.9926,71.8604
3.88971,3.00562,99.9618
5.18374,4.5084,291.38
5.03138,2.76148,123.947
2.82454,5.33262,373.33
3.15193,3.29557,98.9818
2.368,4.76751,260.403
3.51624,3.64143,134.666
4.70897,4.81926,320.997
3.01977,5.69024,462.174
3.17754,5.62696,445.213
3.23463,3.86051,150.862
4.27436,4.66861,282.131
3.00405,3.12934,86.6735
3.27509,5.00624,315.701
5.55624,4.57394,318.313
2.34784,4.51803,223.173
3.77265,3.52924,132.986
3.42733,4.04773,174.901
4.21977,4.08614,199.502
3.85663,3.62139,141.554
3.85345,4.6771,271.388
4.38315,3.74094,168.209
3.41236,5.2457,365.097
3.52379,5.56823,440.627
3.77164,3.89956,166.497
3.81174,4.81192,292.469
5.03699,3.24925,151.742
3.75076,4.83231,293.072
5.03573,2.01083,96.2288
2.12108,2.78062,55.5244
2.1998,4.84966,270.897
3.27298,1.53061,34.5079
4.71819,3.45576,155.56
4.46701,4.55676,271.507
3.96365,5.42144,414.696
3.39727,5.15188,346.934
3.44204,3.83487,150.522
5.61435,3.36119,186.912
5.18003,2.55421,119.479
3.70903,5.01855,328.648
5.20717,2.29439,112.82
6.35095,2.5008,179.46
4.73729,5.67758,501.348
4.90085,5.00004,360.679
4.36494,4.35721,237.751
3.33485,5.61563,447.636
5.14539,3.55316,179.515
4.95657,4.24945,246.589
4.99243,3.25447,150.297
5.75222,3.71896,224.983
4.94091,4.27495,248.064
3.99734,4.04987,190.169
2.93455,3.74111,133.206
3.70459,5.26603,376.902
3.96201,5.36333,402.487
4.42095,3.43527,144.425
2.29531,4.17934,174.283
4.48933,5.14242,373.422
3.61466,5.40158,403.521
5.36517,1.71165,104.324
3.76501,4.65549,266.645
2.97106,4.08103,170.875
4.19906,4.7676,295.087
3.50654,4.06529,177.147
2.6724,3.07874,82.0051
5.69019,4.81141,363.691
4.83658,4.34413,253.55
5.05629,4.33102,260.941
4.73166,3.17441,135.065
3.66628,5.73792,483.394
3.35545,2.57558,64.1755
5.41064,2.99701,150.219
5.41712,3.00188,152.422
4.19661,2.62234,87.5286
3.22719,3.35051,105.794
3.48453,1.98415,48.8228
2.73758,5.45863,402.856
5.93548,3.14376,188.909
2.2773,3.32733,90.8178
4.35345,2.47526,85.3198
4.24003,3.01803,106.841
4.99457,2.39421,106.47
3.15315,3.08604,86.2451
6.96199,5.53635,592.267
5.83231,6.48677,788.344
3.21272,4.28577,201.457
5.41526,5.28577,440.641
4.32888,3.01727,112.305
4.37884,3.39002,138.603
5.37796,4.48631,295.778
4.00973,5.61409,462.816
3.43005,4.02955,174.629
3.26579,3.14698,93.4909
3.97778,4.15448,202.457
4.41503,4.37601,242.879
3.23982,3.7135,138.061
3.01311,6.42005,671.57
3.07011,4.1917,184.102
3.14749,1.83522,37.9789
4.03206,4.96469,326.154
3.40445,3.4457,117.936
4.55934,4.75575,303.874
4.76012,5.07124,366.831
4.70279,3.15942,132.147
3.79132,4.13462,195.189
5.28961,3.81727,207.824
4.60318,4.92035,335.216
3.29341,4.11298,182.378
3.48515,4.09884,183.694
4.40731,5.77036,511.634
3.97979,4.84458,302.323
2.45234,3.57038,113.219
3.67888,2.98217,91.5683
2.98214,4.78513,271.531
4.17772,3.44657,136.522
4.78337,3.65371,173.429
3.46462,4.22737,198.679
3.83646,5.37524,403.304
4.15374,4.47926,248.664
3.9761,3.41505,129.897
5.36064,4.7287,334.214
3.69475,5.34458,392.854
3.59253,2.76927,78.8571
2.11875,5.37836,376.719
5.11803,4.0687,228.777
5.42283,4.1576,255.601
2.30745,4.28424,188.351
2.50649,3.85286,140.397
4.05703,3.80304,164.783
2.81895,3.24141,91.6772
3.7066,4.1725,194.575
2.94013,4.21735,187.777
4.02046,2.42706,73.4654
4.95672,5.27,416.7
4.61958,3.46896,153.173
3.13186,5.00885,314.231
3.13408,3.41941,109.226
3.80256,2.35819,64.8465
3.68369,5.34974,394.716
5.66356,1.7727,118.112
4.74435,5.53785,467.669
2.19624,4.56465,226.286
3.4485,4.20604,195.875
2.73419,5.02975,311.286
2.40728,4.70583,249.892
3.24595,5.48155,415.889
4.93002,4.792,326.504
3.46179,2.52893,63.0428
5.1618,2.5274,118.277
4.82689,4.71024,306.729
2.46983,2.61371,53.0946
4.67644,4.91253,338.911
3.8537,4.89839,308.598
3.10898,4.01471,165.344
2.70144,4.87166,282.15
5.55342,5.1885,427.946
6.16671,5.84793,615.253
3.25745,4.74617,269.025
3.80406,3.59237,137.431
4.16108,2.74649,91.3541
3.72561,1.21775,39.559
4.72958,2.75706,110.812
4.54674,4.88175,326.357
4.00283,4.08125,192.475
3.47554,4.24068,202.019
4.54826,3.67972,167.591
4.20881,3.01902,109.069
3.84226,3.41886,125.159
4.38228,5.36093,414.881
6.3391,5.02614,440.318
5.37108,3.20891,163.64
3.02975,3.54956,118.421
4.92114,3.42009,161.591
3.88923,4.27975,214.837
4.30572,4.30235,229.781
2.64322,3.01816,76.0306
3.4758,2.62243,69.1319
3.56178,4.30161,210.197
2.95839,1.98298,38.3007
6.28268,2.68647,183.53
4.78497,5.61982,487.274
4.19439,5.74275,500.71
5.91177,3.47095,210.742
2.58596,4.03135,159.886
2.99055,5.42884,396.823
4.17185,4.71062,285.269
5.7645,1.848,127.456
3.80747,3.92358,170.381
5.16284,2.72996,127.594
4.84475,4.64899,297.894
3.11996,3.10577,87.4941
4.72358,2.91458,118.483
4.63046,5.95906,571.843
3.67449,5.20359,363.051
3.01735,3.65296,127.144
4.332,4.63875,277.651
3.69303,4.96526,317.463
5.01784,4.04384,222.814
3.84855,5.35201,397.263
5.86759,4.4565,318.386
2.8968,4.84019,279.908
3.33687,3.27199,101.776
4.08091,2.22606,68.0347
5.90181,4.82868,376.992
2.89204,4.25096,190.514
3.66473,5.3259,388.233
3.75803,2.18451,59.2914
5.12021,4.45897,281.977
3.37545,4.88861,296.142
3.99415,3.65716,151.033
3.15841,3.39397,106.56
4.0824,5.08003,348.377
3.02295,5.79908,488.087
4.75264,5.48322,456.29
3.98012,3.05,103.654
3.59252,5.14569,348.298
3.66752,4.05476,181.842
4.40402,3.43253,143.44
4.20393,2.04703,66.2342
3.93546,5.33684,395.696
3.20296,2.74961,69.1369
3.99002,2.39378,72.3219
4.01659,3.67775,153.636
2.72904,4.09607,170.713
4.59759,4.20256,226.577
2.72267,3.24178,89.4304
4.31597,3.44859,142.843
4.17868,5.17338,368.374
3.78417,3.52571,132.563
3.18873,3.33478,103.869
6.20259,3.66149,244.801
4.9396,4.16519,235.424
4.07365,5.22379,376.05
3.43776,3.64224,133.948
4.94241,2.47737,106.887
4.25616,4.69493,285.176
2.94175,3.96379,158.572
4.69685,3.87481,192.253
3.61715,3.445,121.696
4.16145,5.1352,362.53
4.03901,3.96521,181.444
3.22489,3.8831,156.422
5.00789,3.64953,182.782
4.50149,4.69066,293.43
3.6926,2.97985,92.8969
3.35791,4.60806,250.834
2.81256,3.28769,96.4709
3.51016,4.08764,181.383
4.2866,2.97531,109.132
5.54737,3.72461,216.065
5.44034,3.45327,186.109
4.10331,4.51978,253.759
3.03242,5.20832,352.499
4.8552,4.07758,221.184
2.48438,3.96802,152.834
3.88813,4.30005,216.373
4.13296,2.38307,76.7154
3.26301,4.34707,209.04
4.33357,4.57398,268.822
5.05951,3.92512,209.838
3.83875,3.86472,165.859
6.09105,3.46018,220.214
3.45741,4.97226,313.647
4.80909,3.40029,153.795
2.19501,3.70536,120.741
4.76718,2.84217,116.399
4.06533,3.94593,180.966
2.78143,4.3029,195.56
1.85425,3.14871,74.1928
4.07943,2.93638,99.7644
5.34112,3.06754,153.43
4.26936,4.05873,198.167
2.87187,3.99352,159.726
4.28747,4.34151,233.441
3.84518,3.65222,145.561
3.49097,1.82501,45.0757
3.28529,4.96048,306.468
4.26402,4.71888,289.525
3.98708,3.21155,114.754
3.83261,5.69641,479.056
4.23547,4.5292,258.68
4.35751,5.27841,396.738
3.713,3.59995,133.846
4.21287,3.94132,185.154
4.05161,3.84621,168.027
2.86223,3.25286,93.8898
3.97335,2.82665,89.8188
2.70036,4.44126,214.503
6.07369,3.41155,217.571
2.84006,3.34897,99.0349
4.41522,4.00493,195.429
4.78996,4.10473,219.164
4.16959,5.4119,419.914
5.52479,3.73345,214.454
3.48688,3.58865,130.011
5.28883,5.01355,379.139
4.15913,4.13441,201.83
5.15896,3.46962,173.976
3.62942,3.12335,99.3579
4.32936,5.52959,451.976
4.44384,5.62333,479.461
3.54779,5.23883,366.746
4.43329,4.8784,321.429
3.41728,3.56275,126.995
4.98267,3.33821,155.494
4.37507,3.63635,158.875
6.33065,3.77764,263.773
5.33061,4.15761,249.569
4.54969,2.84776,109.571
3.11694,3.19363,94.0317
3.59026,3.70621,143.509
3.48739,4.07583,182.649
3.65255,5.10049,341.551
5.81117,4.74454,359.22
4.69833,5.03676,360.368
3.32064,3.47651,116.729
3.31596,4.00864,166.895
3.6227,3.35411,113.518
4.69812,4.56839,280.171
3.66366,3.77102,151.594
3.85427,5.05934,339.3
3.60674,1.39756,41.1164
4.22949,3.42651,135.195
3.44814,5.63194,455.901
4.38111,3.86088,178.75
5.19974,4.16558,246.44
3.19782,4.18914,188.672
3.18959,3.33948,105.451
3.57913,2.4693,63.1968
3.0337,3.32659,101.123
2.11823,4.35593,194.633
4.55797,4.28759,236.417
4.9809,5.09077,380.806
4.63754,2.57926,100.322
4.81848,6.88727,890.09
2.99309,4.45142,219.523
5.97652,4.25992,296.232
3.76805,2.87082,88.7527
4.49603,5.04776,354.836
2.27161,3.76257,127.563
4.95963,3.57428,173.169
3.54714,3.56122,127.78
4.93013,3.83153,196.814
3.9697,4.94362,317.446
4.45594,4.45368,255.677
1.88757,3.33733,88.016
3.39525,5.26379,369.317
4.13069,4.19303,210.404
3.15319,3.96317,158.805
4.66082,3.63957,169.264
5.48253,3.26094,172.331
4.33272,1.38538,60.1453
3.83375,4.6869,271.754
4.07802,5.29905,392.787
2.7746,5.52653,415.458
7.09416,3.40584,285.31
2.73839,3.38454,101.158
4.19593,4.74503,292.084
3.60615,5.00902,322.772
3.58612,4.07221,181.588
3.50443,3.40453,117.167
5.26494,2.99801,146.066
3.72478,3.21678,108.285
4.3966,5.54712,457.239
2.79859,2.76764,64.1433
4.04228,5.18417,369.335
3.47306,3.76046,144.605
2.04593,4.57197,226.425
3.25218,1.88793,40.4275
4.31073,4.55426,265.629
4.55257,4.11623,215.014
2.10608,5.10029,316.797
4.11988,5.94666,552.655
5.59646,5.06841,403.394
3.67463,4.22555,204.172
4.04579,3.93468,177.235
4.80964,6.15347,634.768
4.86964,4.41448,264.362
3.05497,3.9611,159.227
2.67065,4.11106,170.628
4.31833,4.64234,278.132
3.37805,3.24112,101.855
2.45798,5.65984,446.487
4.5985,3.02315,118.295
4.52098,2.55901,96.5141
5.92465,2.99713,179.48
3.38929,2.58877,64.7279
5.1597,4.7529,327.741
2.20047,2.1358,31.1823
4.32237,5.0005,341.157
5.10087,5.46125,464.063
4.16313,2.93688,101.119
5.03055,3.32451,156.396
1.89433,2.49625,40.5896
5.6589,5.47031,493.051
4.75876,4.18428,230.59
4.76636,3.8623,193.861
3.58292,2.84815,80.731
3.36644,4.12458,183.632
4.79003,5.54287,470.289
3.68172,4.2316,203.921
4.21394,4.66531,278.078
5.77007,2.74301,156.385
3.59943,2.42444,63.4382
3.41375,4.86588,293.128
2.11813,3.15548,80.0313
4.2741,3.41181,134.699
3.65896,4.60851,255.519
4.28807,3.46812,141.459
5.7916,4.66873,344.625
5.67495,4.81122,361.619
4.63722,4.5961,281.725
4.63614,3.27961,137.568
4.78828,3.71533,179.177
4.01471,3.15641,109.545
4.00342,3.11845,105.987
