3
5.8816,3.97764,1378.85
3.40012,4.40499,224.167
3.87245,2.7496,316.003
4.30427,4.8744,476.86
6.30806,4.91257,1784.36
4.73409,4.79438,655.19
5.45102,4.57678,1061.91
3.05021,3.38422,153.677
6.41829,3.58559,1882.36
1.80083,2.52981,37.6468
3.53614,3.74937,245.814
4.65288,2.41929,594.321
3.01765,3.38792,148.443
3.78653,3.97812,307.659
0.294955,3.64464,22.9594
3.81385,2.46984,300.612
5.92377,5.62508,1438.19
4.67158,4.67553,625.427
3.37297,5.2229,231.854
4.30248,4.71733,475.949
5.42438,4.52309,1041.82
5.17648,3.99129,878.312
2.42194,3.7873,84.3765
4.81659,3.7916,681.082
3.61325,4.11245,265.138
5.44496,3.61634,1044.3
6.46167,3.44617,1927.26
3.41824,4.59635,228.801
3.52694,3.02549,236.115
3.54688,1.80358,230.925
4.10478,4.9343,411.583
4.57254,2.17547,557.787
3.96317,5.25425,372.363
4.10463,4.4751,404.141
3.60418,2.78612,253.591
5.61917,4.91476,1185.61
3.6719,4.66806,288.038
5.20788,2.73976,885.581
4.47238,4.51448,538.561
4.13524,4.22821,411.673
3.42987,3.17997,218.261
5.57536,4.43286,1146.36
4.20089,4.38309,434.021
5.62026,4.04567,1173.78
2.17804,3.87145,69.5979
3.2573,4.54021,199.534
4.12011,3.72958,401.355
2.24971,2.5661,63.4591
3.297,3.53322,194.282
4.84231,3.98404,695.94
3.8872,4.89855,343.879
3.36234,4.13793,213.49
2.72257,4.71364,124.898
4.18801,2.71994,414.606
5.14123,5.98725,885.324
3.50893,3.21501,235.399
1.69997,4.90768,58.5455
5.78915,3.61064,1299.17
3.50736,4.38541,248.082
2.00174,4.76645,68.7613
2.73543,3.26127,112.38
2.91823,4.8548,152.138
3.65088,2.94648,263.855
3.00272,3.45221,147.681
3.90703,5.51887,361.214
3.94029,4.75593,357.722
5.47585,5.01938,1084.4
3.34506,3.72927,205.083
3.84405,2.8639,311.071
3.42093,4.33754,226.097
3.51017,4.09796,245.403
6.65552,2.32596,2138.76
2.82046,3.57952,123.901
3.38563,5.31891,235.508
4.43949,3.76621,514.695
3.90969,4.32405,345.417
4.33611,3.23722,471.355
5.68503,2.5063,1209.77
3.78142,5.20182,319.87
5.16785,4.26979,874.548
3.81563,3.67878,310.497
2.27508,3.80412,74.8457
3.65794,3.45476,270.712
3.89136,4.12939,334.393
3.53336,5.06219,261.511
2.25037,2.79948,64.1639
5.12036,6.20648,876.89
2.84543,3.61193,127.478
3.66115,3.78317,273.657
5.15853,5.48024,887.642
3.97915,4.84778,371.202
3.16166,2.81175,165.547
4.1205,3.79228,402.361
4.41332,4.78254,518.047
3.62679,4.27433,268.639
3.54382,5.10794,261.534
2.96472,4.60714,155.304
2.48254,4.66112,100.365
3.11889,3.48403,165.725
3.49009,5.90414,264.798
3.83723,3.20738,312.185
5.19331,3.87635,886.271
2.64488,3.30655,101.672
3.9218,4.6412,352.271
3.81876,3.19421,305.722
3.81433,4.05108,315.445
3.53196,2.83424,234.958
4.36951,4.24333,492.659
3.82106,3.65087,312.996
4.90167,4.30793,731.769
5.68404,4.44569,1226.64
5.18732,6.01994,911.97
3.57303,4.67065,262.8
3.28303,3.81418,195.165
3.9714,4.82635,367.647
4.96878,4.06376,762.416
4.53081,2.02071,537.557
3.84191,3.42553,317.824
3.07867,4.30262,167.366
2.80781,4.18879,129.947
4.96472,4.14987,761.662
2.03911,3.604,57.5186
5.70898,3.78753,1238.55
4.18162,4.07866,422.754
4.35988,4.78312,497.541
3.40471,4.63146,228.735
4.42458,4.17009,514.089
3.46206,6.06064,261.264
4.45131,3.02582,513.129
5.70659,4.66424,1246.29
4.21006,4.72264,442.528
3.44822,2.06363,213.84
2.93568,2.00925,127.607
2.17884,4.14826,72.4179
4.55011,4.64265,570.218
3.47175,3.4838,227.311
5.68955,5.20301,1240.64
3.43525,4.23323,228.022
3.03649,4.69791,167.337
3.63644,5.12521,284.83
4.03949,3.20215,372.488
4.20369,4.69234,440.504
3.51511,5.06681,257.826
3.76752,4.21255,305.059
2.75302,4.17158,121.915
3.0871,3.37553,157.399
4.04712,1.40375,360.869
2.2254,3.50072,68.927
3.93563,3.05095,338.118
5.55375,2.6507,1113.2
3.31286,3.3553,198.57
3.25415,3.26297,185.068
3.62391,5.7724,292.32
3.48136,4.2072,239.121
4.75653,4.12744,656.754
2.49766,2.70136,83.4377
4.1938,3.00105,418.729
4.05179,4.48464,386.529
4.96599,3.65974,754.883
3.24423,3.57902,185.464
4.52069,3.16744,542.455
4.26463,4.36462,457.896
2.27562,3.885,75.7615
4.48876,4.01813,536.883
5.35821,5.47547,1010.79
4.41277,5.75307,533.073
5.6398,4.07163,1187.73
6.05873,3.16712,1523.63
4.18398,2.05575,408.145
3.86058,3.31327,318.19
5.26149,5.05555,942.423
2.35001,2.48258,69.6892
3.7976,5.41061,327.848
5.12345,4.64981,855.763
3.91002,5.21767,354.955
5.4917,5.02865,1096.07
4.84052,3.85856,695.037
2.7581,4.2953,124.444
3.77635,3.13185,297.443
5.32032,4.63651,972.964
3.26662,4.17501,197.891
4.26327,5.49939,473.451
4.40098,3.62796,498.593
4.71716,4.71539,644.055
5.28455,3.45934,936.763
2.76985,2.53831,109.332
5.25869,3.56633,922.581
2.05059,4.04043,63.3079
4.08329,4.25958,394.998
4.34354,3.98639,480.167
2.04247,3.42898,57.8167
4.37332,4.4448,497.324
2.74369,4.33281,123.691
3.93601,3.93996,347.237
3.67266,3.35684,272.296
2.78123,3.49625,120.389
4.07975,3.23596,382.998
4.85378,5.02222,715.038
1.72352,5.28297,64.6109
5.49724,1.99975,1068.43
4.33432,3.77052,474.093
4.38637,4.06995,498.565
2.72184,5.20705,135.17
3.1909,3.04407,173.786
5.90435,1.77511,1382.27
6.04888,3.98853,1523.38
3.80746,3.04086,302.805
3.63092,4.35537,274.434
4.45776,3.85213,524.5
3.25228,2.54083,179.285
3.10082,2.75497,155.497
4.64025,6.10207,632.147
3.84442,1.86253,305.125
4.76545,4.5673,665.975
3.30245,2.64112,187.527
3.62621,5.63506,290.553
2.82932,3.39213,122.435
4.18717,2.61087,414.259
2.93759,4.34098,148.912
5.17806,4.45077,884.182
3.85843,3.35524,320.674
3.91269,4.33751,345.151
3.82971,3.44371,312.232
3.44766,3.29472,221.962
3.39304,5.35977,235.277
3.24243,3.75447,185.669
2.9629,2.70798,132.993
5.1379,2.80265,844.312
3.43609,4.29605,230.158
2.88499,4.60489,143.674
4.64271,4.08225,603.251
4.30369,2.08424,451.917
3.48808,5.40719,255.42
3.49702,4.99518,252.082
5.76656,4.21175,1286.85
3.93509,4.068,347.764
4.6219,2.90046,582.698
4.16512,2.58455,408.307
2.74911,2.94992,110.309
4.0603,3.62469,380.382
3.1106,4.91801,181.084
3.42758,4.86295,234.132
2.9214,4.16831,143.56
5.90175,5.19623,1412.07
3.12078,3.29449,164.557
4.9875,2.66756,757.535
2.02657,2.84799,52.1896
4.5475,3.60209,556.189
3.01108,5.15628,169.206
4.60715,3.08442,577.909
3.55935,3.23741,246.281
2.67373,4.58941,119.024
4.33619,5.67742,501.738
5.47773,4.17771,1071.67
3.296,6.82683,242.961
1.97214,3.16672,50.0553
3.98676,4.02313,361.98
4.34469,6.17416,512.815
3.94641,5.16964,367.149
3.99036,4.77311,372.522
3.23659,2.05311,174.284
3.68017,3.93574,280.311
3.9266,3.86605,344.805
4.71733,3.42845,631.742
3.72939,2.9391,281.666
4.73647,4.68042,653.694
4.21013,4.52518,438.364
2.59415,4.44234,107.988
4.36411,3.57745,484.782
4.46667,3.00345,520.165
2.73411,2.96585,108.432
3.46237,3.6313,229.417
3.14214,5.9928,202.405
4.73643,2.35966,630.829
4.78853,5.50703,692.2
4.104,7.83185,463.18
3.66066,3.77688,272.001
4.94448,4.33563,752.493
2.90679,3.44982,133.179
3.34265,4.50825,214.521
3.4879,4.57335,245.099
3.57417,2.23253,240.076
2.58533,3.33554,97.8371
4.33622,5.02963,492.055
3.75806,4.24721,302.207
2.67506,5.31851,128.804
5.20231,3.48705,887.949
5.00885,3.53017,778.532
4.40297,3.96544,502.956
5.76904,4.24217,1291.92
2.90012,3.97396,140.408
2.38263,4.2206,86.7369
4.3853,3.18396,488.558
4.05636,4.30367,386.031
5.64003,4.84969,1197.98
2.92267,2.20747,126.948
3.11707,4.28454,172.187
5.02781,4.69902,802.774
3.76375,3.3047,293.431
4.40502,4.45423,509.697
3.43439,3.94695,228.373
2.29169,4.16167,81.5597
2.14873,2.90739,60.7835
3.36897,3.26494,204.721
3.79353,3.67879,304.82
4.42446,2.61799,499.679
3.89781,5.4379,356.632
4.95574,4.30092,758.793
5.08102,2.65609,811.182
1.90632,4.25312,58.0356
3.82493,5.15518,330.975
4.67185,4.67006,624.106
2.8252,5.36246,148.042
3.94865,3.54191,345.426
3.12292,3.59996,166.505
3.60778,4.45191,268.301
4.76368,4.91708,669.351
4.53939,4.72017,565.694
5.64418,4.11001,1192.96
4.09474,4.7358,403.919
2.82337,4.49202,136.351
4.04622,5.37567,398.348
2.63611,3.74334,105.723
3.31523,3.23773,196.46
5.64947,4.22142,1198.03
2.46375,3.57694,90.6229
3.78223,5.25082,323.573
4.20245,4.38491,433.571
1.62858,2.89393,33.0022
4.79342,4.09918,673.451
3.59037,5.31913,277.07
4.98084,1.68092,749.591
4.50178,6.04354,573.441
3.42204,2.95484,214.581
5.0276,5.61056,813.537
2.42218,3.90318,89.1567
4.81549,3.78871,681.585
4.06523,4.15389,387.315
4.4154,2.99213,498.382
4.24228,4.80591,452.903
4.13448,3.28868,402.343
4.16927,1.15702,396.812
3.04733,5.48053,176.367
3.69625,4.69571,294.027
5.05505,4.71692,817.151
3.55856,5.49782,270.787
3.4269,5.03792,237.454
3.88268,4.48755,338.312
5.17082,6.96373,920.382
3.00653,5.46089,172.432
4.4839,3.94314,534.651
4.59477,2.41687,568.55
3.60558,5.26746,280.752
2.98537,3.99868,149.83
5.12651,4.47538,854.714
3.17519,3.29226,171.961
5.60995,5.8263,1189.72
4.42305,3.85855,509.056
4.26263,2.9502,440.493
2.95659,3.10592,137.123
4.3705,5.86001,518.923
3.92613,5.01594,356.065
3.25519,3.72772,188.782
3.80097,5.00952,323.681
4.98271,2.63061,756.411
5.86036,3.81289,1358.24
3.43967,2.55986,215.242
4.05439,5.48334,404.038
4.552,3.62575,559.933
4.20901,2.70818,419.028
3.16148,3.70427,175.757
3.73576,3.46383,290.027
3.01444,3.19655,147.845
2.52735,4.56958,104.511
3.11709,4.85363,179.249
3.49463,4.03443,239.988
2.92228,4.42139,145.713
2.62333,2.67794,96.012
4.00933,3.06282,360.467
4.67497,6.31303,650.345
4.89428,4.09008,723.686
3.80647,3.82248,310.846
3.27356,3.74752,193.551
3.6845,2.99216,271.114
3.3644,2.92335,203.459
4.54646,4.82607,569.097
5.7574,5.19064,1292.35
4.14543,5.10128,426.856
4.71367,4.92676,645.738
6.76075,3.14143,2268.61
3.58371,4.55407,266.032
2.99838,4.27534,155.022
2.16744,2.77125,59.4719
3.19128,5.91181,209.968
4.11968,4.39277,408.082
4.41717,4.11903,512.469
3.74846,5.60908,318.83
3.30101,4.39799,206.561
2.77217,5.68704,146.915
2.70635,3.99688,116.501
5.78163,2.96647,1288.75
4.11375,3.16887,394.538
2.84602,3.17668,123.759
3.80538,2.35746,297.407
4.95259,4.64473,758.576
4.59051,4.84295,589.339
4.18768,5.15685,441.119
5.15305,1.44252,844.487
4.93445,3.87965,743.116
4.91872,4.85291,745.438
4.25145,5.94797,475.263
2.92245,5.55879,162.126
3.50204,4.41856,245.073
4.35956,3.87052,486.715
3.14528,3.37429,167.049
3.97277,2.67729,344.732
4.05876,5.61116,405.502
4.7662,4.09376,660.618
4.87012,4.76746,720.049
3.11911,1.87376,153.456
4.00255,4.8947,377.754
5.31608,3.11764,956.193
3.70646,4.09154,289.014
2.54529,3.72348,97.2698
3.36832,4.01877,214.211
2.9276,3.23381,136.552
3.4392,5.45975,246.931
5.26403,4.8579,940.122
2.43328,6.90878,135.045
3.92122,3.51481,337.671
3.46114,5.92563,260.165
3.58886,4.85597,269.796
3.30888,4.04417,200.752
5.0448,4.4557,807.348
3.10997,5.64397,193.112
2.67624,3.35232,106.193
3.86396,4.44235,332.855
4.20909,4.8988,443.651
4.07431,5.08379,402.241
2.83424,3.56715,126.387
5.41578,3.25887,1020.92
2.79212,4.04331,125.777
4.09461,3.29657,390.812
5.1466,4.1743,862.777
4.18644,3.13214,416.83
4.69919,4.45369,633.689
4.44106,5.28578,536.096
3.86745,5.34423,345.275
3.63366,3.23344,264.057
3.60153,3.30119,254.489
4.48477,3.87686,534.032
4.194,2.94499,419.139
5.10119,5.4098,853.58
4.38294,3.54521,489.047
4.34133,4.79609,491.645
2.97424,4.74388,157.373
5.43672,4.36162,1047.57
3.63687,4.46224,276.358
2.96129,2.49255,134.038
3.03657,4.34426,162.517
4.86343,4.75357,717.643
3.66919,3.79173,276.003
5.40855,4.22009,1025.85
3.43786,2.91374,217.095
4.73862,4.42963,652.36
4.15903,3.30178,410.074
4.54516,4.2555,564.986
2.57845,4.26164,104.408
4.27273,3.58669,451.606
2.72315,4.66261,125.983
5.02268,2.2997,776.461
4.92331,4.93601,748.388
3.24984,6.33856,226.556
4.80495,3.94721,677.29
4.17669,3.34337,416.552
2.83971,5.09328,145.279
3.492,4.30437,241.477
4.61893,4.7068,602.212
5.69461,4.47174,1235.64
2.08801,5.6249,86.6479
2.94952,4.67962,154.728
4.30122,4.67167,473.485
5.63823,1.81994,1170.1
4.54168,5.70497,583.906
3.22308,3.58471,182.111
3.50443,1.39335,222.734
2.89625,4.75608,148.663
3.8456,3.18417,315.733
4.46485,3.69028,523.401
3.73617,4.77938,303.911
4.41236,5.23024,523.156
5.81037,4.2147,1322.25
3.00985,4.5384,161.356
4.38666,4.40387,499.383
3.79705,3.67627,305.928
3.86583,2.98209,319.25
5.46975,5.0856,1081.35
1.55637,5.44359,60.8331
4.15347,3.76307,411.544
3.97405,3.06082,348.814
3.84033,3.14057,312.95
5.1136,4.17322,843.399
4.02904,3.6201,369.753
3.717,5.40185,308.023
3.84208,3.52731,317.618
3.77571,3.09461,295.291
4.03336,4.91108,388.749
5.52675,3.5364,1100.83
4.40334,4.87338,514.955
5.3463,4.7436,992.056
3.61949,3.91501,262.889
6.47033,2.6895,1931.54
6.19486,3.9938,1662.39
1.98971,4.74864,70.4037
2.51788,5.90309,121.324
4.76016,4.03894,657.491
4.29169,5.27122,478.925
4.43425,4.88104,526.56
4.91312,4.1533,734.241
4.76999,4.83157,671.75
3.70648,3.5912,282.696
2.98326,2.53454,137.56
3.52775,3.65718,242.69
4.25864,4.97095,462.329
4.99388,4.84339,783.685
3.59896,4.40879,266.551
3.57797,6.24096,287.968
3.5425,4.79206,259.915
4.98458,4.85917,781.379
4.14218,5.70169,433.971
3.52421,4.81268,254.475
4.21836,3.61036,431.123
4.81998,4.82805,694.464
4.01751,4.7922,380.615
4.49695,4.37731,545.647
7.36064,4.15715,3108.83
2.94251,4.35919,149.379
3.06079,4.22347,164.036
2.59078,3.12941,95.9419
3.33609,5.09301,223.453
2.39787,3.26902,79.6481
2.75263,2.73983,110.898
3.48789,2.61199,225.133
3.82274,3.85399,314.418
3.49467,4.20483,239.323
2.77532,4.34363,127.056
4.97995,5.06245,781.682
4.05798,4.35653,388.301
3.70826,4.28597,291.31
1.33964,5.36824,54.9504
3.37989,2.92313,204.546
3.46779,3.72366,232.64
4.12355,4.73441,413.314
5.69042,4.01028,1227.89
4.30364,4.24331,469.333
4.62321,3.58108,590.107
3.85889,4.73823,335.147
4.15024,4.71227,421.32
2.77313,3.21048,115.953
3.67455,4.4399,282.021
6.25535,4.39226,1726.8
4.21174,2.33667,420.785
3.56509,5.98046,281.671
4.01259,3.48424,364.49
5.85331,2.01498,1339.26
4.32745,4.70958,484.196
2.89779,3.69392,134.963
2.07585,3.82764,63.34
3.27594,2.95995,185.57
3.02996,1.66987,137.914
4.26791,4.21361,456.272
3.90574,4.79998,349.571
4.99298,3.24912,766.263
3.67314,3.28229,271.494
4.91538,4.10514,733.153
1.13597,3.75405,29.5575
5.9652,3.579,1447.2
3.97541,4.00952,359.226
4.76434,3.74776,657.425
3.42677,5.14496,239.235
5.10617,4.44182,842.879
3.79407,3.67903,304.641
4.56399,3.24592,561.212
4.06613,4.61149,393.322
4.11737,2.4455,389.375
3.71669,3.61018,285.581
4.51456,4.90977,559.263
4.06502,3.43964,380.386
4.13517,3.37808,402.664
3.77056,4.21236,305.891
4.18334,2.58931,410.713
2.94865,4.15232,146.715
4.43027,2.32348,498.613
3.72667,3.00863,281.266
3.23674,4.29718,193.77
3.45201,3.71746,227.247
3.38778,5.56927,238.799
4.00719,5.46558,388.947
5.48386,4.89234,1088.33
4.22371,5.40427,456.575
2.82324,2.91687,117.61
3.673,4.62794,285.261
2.50958,4.01865,94.8766
4.36693,3.09499,480.63
3.771,3.36424,296.509
3.99215,5.27681,381.799
4.33547,3.52444,474.935
4.05911,4.45414,388.371
4.75907,3.47451,650.637
4.0115,4.81348,380.917
4.25876,3.7431,446.815
3.09848,4.83307,178.101
5.82968,3.40654,1329.38
4.11504,5.52878,423.631
4.89256,3.9132,719.431
2.16029,3.79175,68.8604
3.80561,3.32408,305.092
4.27613,4.42432,461.292
6.43056,4.50258,1907.99
3.04582,5.61022,180.247
4.32281,3.6232,468.28
3.97184,3.0155,348.59
3.92614,5.06268,359.065
4.56093,5.26666,583.966
5.46381,4.8838,1072.13
2.73438,4.42527,123.023
4.27392,4.47611,462.443
2.7801,4.48601,130.536
4.54778,4.87383,573.172
3.83684,3.97439,318.749
2.34792,3.42764,76.0632
4.51985,4.22421,553.478
2.92992,5.00298,153.799
4.00209,5.9023,393.869
3.84114,4.74196,329.046
3.30178,3.60927,197.579
3.28684,3.04471,189.22
4.01061,2.90758,358.866
5.68705,3.72967,1219.95
3.13189,2.17723,154.803
4.18347,3.07658,414.356
3.33044,6.08512,236.494
3.9055,3.98478,339.712
3.29059,3.68572,197.187
3.23918,4.32605,195.198
4.72212,4.1101,639.479
4.76038,1.84453,638.457
4.30571,4.31234,470.488
3.60631,4.54499,269.954
3.91911,3.47093,337.901
2.61911,5.08856,119.974
4.72729,4.00854,641.892
4.86887,3.56743,705.112
3.19662,3.34962,176.513
3.01897,5.76451,177.666
4.04446,4.01092,378.624
3.94183,4.91627,361.876
3.65836,2.78772,263.522
5.3471,3.35074,978.094
5.37286,3.92862,1001.07
3.00875,4.51143,160.303
4.46133,2.26595,512.907
4.81381,3.04559,673.196
5.18216,3.8131,880.123
5.29729,2.9335,945.088
4.13216,4.04474,408.404
5.14313,4.92608,869.531
4.62909,2.5991,583.326
3.6149,2.82209,254.399
3.01906,4.08496,156.802
4.40279,3.37204,497.61
4.21852,3.13119,428.699
3.72738,5.97616,319.372
3.99104,3.07048,353.276
3.47509,4.62789,243.354
4.53451,2.94012,544.8
2.08309,3.70059,62.6484
5.32036,4.9563,976.807
4.63872,2.45418,585.101
2.40644,3.5256,82.7456
4.87272,4.80011,722.739
4.25166,3.80963,445.425
3.21665,2.63103,173.991
5.02367,3.95437,789.517
3.69493,3.54354,279.096
3.0063,5.14896,167.73
3.13537,4.26524,174.271
4.59896,3.95337,582.131
5.48549,3.33286,1070.93
4.944,3.65976,744.029
4.5498,4.07089,563.348
5.31913,2.37682,950.63
4.04809,2.87884,370.826
3.46456,4.36066,236.17
3.95189,3.96862,352.747
4.86086,3.59419,701.833
4.08034,4.57829,399.432
5.51381,3.9827,1096.13
4.15195,4.35354,418.737
4.28319,4.59102,467.354
5.26437,1.15776,909.836
2.96764,4.92311,158.909
3.37195,3.5006,209.323
2.17787,3.9155,70.0367
5.09155,4.08777,830.224
3.10507,4.54691,175.095
2.33287,4.97099,92.756
3.58145,3.79672,254.791
3.22593,2.80539,177.196
3.96566,2.00358,339.933
4.65685,4.83828,619.46
3.57664,3.71448,254.829
4.08875,5.57775,413.869
4.67035,4.53164,621.716
2.32775,3.64919,78.4467
4.975,2.7728,752.096
3.92951,4.0521,346.562
2.68109,4.29578,116.129
3.92985,4.77078,356.611
2.97461,3.62335,145.247
4.04834,4.40006,385.13
3.97651,5.64599,381.548
3.75072,5.36716,315.967
3.99864,5.07888,378.946
3.32004,4.79129,214.195
3.18182,3.86808,180.827
3.55691,5.08591,264.787
5.46004,3.64204,1052.74
3.89209,3.69222,331.558
3.18214,4.41266,185.334
3.95736,3.63705,349.034
5.9649,3.92755,1448.07
3.88914,4.83498,347.251
5.36294,4.23957,996.214
5.07818,5.48603,842.663
3.31544,4.04726,204.206
4.01013,5.15897,385.099
5.67803,4.52827,1222.35
3.85501,4.39298,328.61
4.15422,3.85032,413.623
2.63569,5.14137,124.236
4.61362,4.07794,591.161
4.66521,4.24275,615.525
3.22224,3.99443,187.159
4.99229,3.4742,768.088
3.79022,4.13485,309.395
3.88362,3.91457,333.451
6.68204,3.33433,2176.08
4.5627,1.71309,548.714
2.92872,3.91932,141.607
4.86293,3.73519,704.468
3.07435,2.91451,152.33
3.22684,3.11114,179.894
4.57815,5.03764,588.404
3.92487,4.20046,347.473
5.23227,5.57935,934.596
2.15909,5.50169,87.9302
4.20209,4.13581,432.089
3.16081,4.7756,184.291
5.09839,4.45498,839.253
3.12518,4.14593,173.356
4.31426,2.87585,458.296
4.39091,3.47296,494.305
3.56733,3.71276,251.626
3.34442,4.12213,209.377
3.63647,5.07378,283.678
4.32607,4.08716,475.825
5.16842,5.12566,886.922
4.60642,3.33644,581.268
4.08987,4.05687,395.351
4.64143,5.1457,616.333
2.23645,2.72955,63.2136
2.90653,3.81869,137.448
2.86814,4.04339,134.969
3.77416,4.33688,307.373
5.04839,5.07545,819.266
4.54925,6.5133,601.402
4.53517,3.46724,550.532
3.9762,3.19203,349.251
3.5867,2.97447,247.744
4.89445,4.13464,723.049
4.63843,4.57003,607.926
4.04935,3.60652,377.551
2.45743,4.1688,92.2153
3.76171,5.30602,317.371
6.9769,2.72446,2541.74
4.66441,2.05155,594.784
4.18591,4.09374,426.768
5.05887,3.17516,801.978
2.47086,5.79238,117.243
4.5589,4.0127,566.367
3.56329,3.2778,246.023
4.41632,2.99894,500.582
4.72065,4.49177,643.263
3.78848,3.69818,303.012
2.82853,5.9906,156.559
5.27608,2.7775,928.144
5.11578,2.70902,832.098
4.48533,3.83739,532.304
3.26735,2.90602,183.507
4.60615,2.84467,576.441
4.74355,4.27733,652.386
6.74238,4.97636,2267.98
4.40043,5.25024,518.323
3.87562,2.55363,316.175
4.11003,5.205,416.059
2.53065,4.50314,104.902
4.53663,4.0079,558.854
3.27941,4.2491,200.562
3.30131,4.74816,210.932
5.20097,4.04498,891.716
3.28862,4.87019,210.407
5.55247,2.87679,1112.94
4.52578,5.6375,574.542
3.01276,2.15437,139.086
3.20114,4.31784,185.813
1.73756,3.90488,47.4255
3.05949,5.5068,180.23
5.24872,4.04299,922.759
4.67458,3.52068,611.746
4.10098,3.00548,389.868
4.50561,4.73874,554.215
4.76079,3.99119,657.476
6.18834,4.09799,1654.1
4.51358,3.79746,545.571
4.14471,3.30336,407.097
2.53556,4.38518,102.313
3.07539,4.64676,170.66
4.32288,2.70719,461.591
4.32265,4.53381,480.486
5.78662,3.26825,1294.18
3.24312,2.43067,175.698
4.34523,3.24672,473.203
4.52457,2.22602,537.793
4.2634,5.76199,476.783
4.25045,1.88603,431.653
4.72547,3.00804,630.542
3.26889,5.23171,211.236
4.38246,3.43656,491.024
2.56596,6.46441,138.111
3.98448,5.73816,385.16
4.51705,4.09522,550.658
5.40717,3.69859,1020.44
3.83916,5.1994,336.569
2.99768,3.6223,148.855
5.00456,5.36215,798.52
3.82331,2.49445,303.453
6.11526,3.90859,1584
4.17862,3.91105,421.5
2.51335,6.17525,127.56
4.26085,5.66114,473.283
4.45029,2.34118,507.165
5.08468,2.81947,814.928
3.43506,3.97434,226.652
4.58197,2.89385,565.834
3.66171,4.31073,279.016
3.78045,4.07311,306.231
1.80064,4.12134,51.683
3.20022,3.12782,173.723
5.44778,6.20658,1081.79
5.02446,2.29999,778.846
4.36385,2.51334,475.501
3.78871,4.70159,316.574
3.64771,3.83418,270.889
4.95476,4.28468,756.654
3.03505,3.97278,156.508
3.67681,4.02802,280.613
4.98079,5.84585,791.651
1.70324,4.85504,56.9343
2.95102,3.62367,141.565
3.82734,2.56011,306.052
4.58928,4.18498,580.835
4.5557,3.64899,562.69
5.29036,3.62964,942.373
4.62027,4.3268,596.597
3.85952,3.75332,324.32
2.85065,4.54629,138.958
0.48895,4.85824,38.8063
4.98568,3.76851,768.3
4.34069,3.54298,472.967
5.22226,3.60343,900.842
3.34786,1.92748,192.375
5.11548,3.88502,841.943
3.94224,4.91403,359.291
5.09243,3.93396,829.63
5.12017,4.29404,848.4
2.18796,4.22207,73.7019
4.57099,4.77732,581.557
3.05351,2.63685,147.53
4.50124,5.37936,560.885
3.54939,3.21705,243.595
3.44551,4.69797,238.346
3.20636,4.05618,185.542
3.91859,3.331,337.81
4.15594,4.24199,419.757
4.29739,4.55425,470.633
2.10436,3.45707,59.7219
3.91273,4.01332,341.611
4.17046,3.53062,414.6
6.77168,4.17647,2296.1
4.82501,3.30445,680.312
4.0782,2.89002,381.67
3.50114,4.57126,247.22
4.6879,4.60458,631.431
5.47961,4.40349,1078.55
4.10626,4.92276,410.56
4.19716,3.88975,427.775
5.18722,4.53665,891.55
4.83869,4.32097,698.038
2.98245,3.24934,141.441
5.93346,5.89889,1449.25
3.99348,4.32176,368.447
2.82667,4.00997,128.729
5.95635,3.63591,1437.98
5.53446,4.24781,1114.34
3.81164,5.24028,327.551
5.08626,3.78704,823.176
4.62273,5.4774,613.287
4.57983,3.11355,568.6
4.77673,4.60768,671.512
3.68728,4.33676,285.297
3.7206,4.9494,302.257
4.41304,2.50095,494.044
4.21446,4.94788,448.324
5.56012,4.6762,1138.1
4.83038,5.27618,707.986
3.33322,4.14546,208.31
1.92686,3.89879,57.419
3.94979,4.66733,359.896
2.92155,3.11961,133.214
4.17587,3.28911,415.689
4.92369,3.50996,733.413
4.6217,4.19702,594.852
3.17159,6.31926,210.64
4.25099,4.87657,459.741
2.55257,5.64103,120.919
2.3525,4.92312,93.9717
3.95168,5.47173,372.272
5.26589,3.69974,929.439
4.83316,4.65572,701.113
3.88417,4.36727,337.783
3.2678,3.15795,186.358
4.68604,2.19788,606.982
4.50227,4.35185,546.744
2.88916,4.95476,150.556
2.2192,1.74899,55.4231
5.51781,4.42844,1105.43
4.31003,3.74681,466.294
3.66011,2.75664,264.116
5.37318,5.11185,1013.85
4.73999,4.26019,650.959
4.6453,2.20772,587.373
3.67985,4.90806,292.064
4.82889,5.5253,710.25
5.46782,3.70762,1061.73
2.82328,3.16457,120.948
3.73767,3.93067,294.88
2.15033,4.338,73.3029
2.48871,3.21473,85.2099
2.63312,5.84054,133.681
3.8133,5.39953,332.49
3.29612,5.55948,221.886
4.30811,4.66899,477.794
5.42054,3.52089,1027.62
2.71638,4.42815,120.927
4.62588,5.96063,622.708
3.67637,4.08229,280.816
3.58628,4.0148,260.241
4.11293,4.95676,412.575
6.60347,3.60707,2088.27
3.26574,3.4546,189.148
3.57665,4.55993,265.47
3.98911,3.47583,357.487
4.96838,5.30409,778.881
4.39459,6.09694,530.98
3.21704,2.92099,176.037
4.07096,4.09518,389.297
3.82829,4.83715,328.223
3.79993,3.82776,307.812
4.16999,4.43056,427.308
4.0031,4.58096,374.18
3.88727,4.24081,336.601
5.06746,3.51234,811.034
3.12313,3.67634,168.573
2.31174,5.80641,105.106
4.11778,2.82985,392.331
3.66235,4.16293,278.675
4.77213,5.05751,673.572
1.95373,5.27272,74.9453
2.33374,3.04805,72.4889
3.11034,3.70509,165.229
3.83486,4.57113,326.447
6.27742,3.81876,1738.97
2.70539,4.93665,127.32
2.4129,3.92769,86.9061
3.30865,1.97027,185.414
4.06842,5.02855,400.771
5.1236,3.33927,840.831
4.43763,4.23858,519.623
2.11468,3.99375,65.2947
