3
4.6784,3.35841,60.2681
4.35622,2.42134,37.4388
3.09598,5.76899,155.524
5.26266,5.79004,179.681
1.57242,4.93734,98.2765
3.72097,4.89179,105.901
3.77312,4.43892,84.5884
4.91309,3.23551,59.5712
3.2046,3.40711,44.399
4.93243,6.37404,221.97
2.64136,4.02348,61.5396
4.54819,4.11873,80.4339
4.8688,2.88758,48.8716
4.32851,3.62912,62.6921
3.18984,3.11094,38.3779
2.23692,2.94148,31.3127
3.75068,3.94537,64.6846
5.39161,2.35852,51.4941
4.62763,4.60935,101.981
3.99944,2.68139,37.4066
2.45097,4.27063,68.9468
4.09477,2.76923,40.7227
3.65201,2.24426,29.5613
3.95619,6.81792,253.655
5.72123,4.24223,101.209
2.98696,3.75275,54.6767
2.69891,2.20884,20.3572
3.80929,4.02128,68.3148
4.96977,4.46902,99.9987
3.92548,4.97564,112.166
5.86947,6.34913,235.034
3.74463,3.82431,61.4127
3.7485,4.05418,70.1721
3.72603,4.6279,94.1831
5.09856,3.7241,74.1662
4.6271,2.97629,49.3694
5.3062,4.439,104.614
3.5652,3.64062,54.4636
5.35611,6.33465,224.446
4.15048,5.37373,137.168
1.62487,3.92739,53.3027
4.82936,4.38457,95.4187
4.22713,3.04198,46.9064
3.51626,6.05426,180.615
3.53031,4.33889,79.6682
5.70967,5.18499,147.925
4.0326,4.32535,80.9708
3.63781,3.70774,57.4233
2.60544,2.23212,20.2507
4.93469,3.5007,65.8691
2.76661,4.02928,61.3293
4.78156,3.48722,62.7728
4.23617,4.89854,111.205
4.84729,4.73203,109.089
4.05158,4.12434,73.7902
5.70481,3.30669,73.1649
4.99144,3.82716,77.8795
2.12723,4.08364,62.2474
3.87101,2.75058,36.5507
4.42976,4.071,77.5525
1.79875,3.96859,55.7688
5.92941,3.27068,76.1206
4.46862,4.40115,90.8772
3.71065,3.76508,59.6957
4.06867,4.15019,75.2354
3.66051,5.40225,136.199
3.08383,4.67862,90.1278
3.41227,4.56639,86.2303
5.4789,4.4403,107.654
4.80607,3.30286,59.373
3.47091,3.14934,42.5442
4.87678,3.21775,56.7957
3.36922,3.93897,62.4321
4.18629,4.47731,90.6532
3.65633,3.26525,46.8179
4.3476,5.63431,158.045
4.99044,2.5305,46.078
4.71368,4.73136,108.796
4.54926,4.57108,100.236
3.93404,4.40118,84.7742
5.25572,5.80934,178.871
3.20506,4.91307,104.095
4.58855,2.37702,38.6726
6.12408,5.87294,200.16
2.96577,1.11438,13.3618
5.16269,4.37931,98.2448
3.32492,5.35475,128.596
3.79122,4.46834,86.6917
4.12419,3.65297,60.561
3.61324,4.52808,85.9717
3.5802,4.58169,90.0968
4.83698,3.776,70.8336
1.89096,5.77203,149.7
4.91831,3.9389,78.662
3.56773,4.86966,102.817
4.93534,5.55842,158.628
4.04758,4.96918,112.876
3.98156,3.62482,58.8435
2.22711,3.44941,40.6236
3.80884,4.33855,80.9806
3.88484,3.84087,62.9317
3.55946,3.57378,53.541
4.54641,3.84129,71.5327
3.58931,3.24997,44.405
4.96482,4.99227,123.074
4.22868,3.18631,49.4032
3.66104,2.53478,31.9454
3.4441,3.42963,48.147
4.86027,4.48216,98.056
5.63865,3.4808,75.44
3.89719,3.67359,58.2596
3.59376,4.81009,101.716
5.00788,4.10896,85.3379
3.2234,3.70062,54.4004
2.96326,4.07312,64.0524
2.74094,3.51652,45.9771
2.33946,3.54362,43.9581
5.36043,3.60427,74.9287
3.26146,4.72139,93.7262
4.03303,4.41579,85.1
4.93189,5.27068,139.974
3.38839,3.49086,47.0403
4.28409,4.0437,74.6023
2.96907,5.03371,105.841
2.27464,2.05254,15.842
2.2648,3.96038,57.9092
3.71149,4.38672,81.6337
3.76115,4.21197,76.3688
3.89268,3.03337,42.6306
5.09624,4.13393,87.7723
5.2102,4.33974,97.6339
4.62992,4.62561,102.153
1.86546,4.59237,82.0297
5.76389,3.65682,82.9587
3.55268,3.47786,50.4549
4.43661,4.08951,77.3615
3.67588,4.56645,86.8816
5.36031,3.94096,85.8173
4.68966,3.41028,60.1964
5.64736,3.01299,64.6706
4.72565,4.52138,99.8501
4.52714,3.32186,54.353
4.00914,3.58844,56.0935
2.53614,4.87979,97.7211
3.17926,3.01187,35.9721
3.41433,3.85926,61.2649
2.70374,3.5771,47.1822
4.06723,3.62855,59.0192
3.57975,4.41558,82.4632
4.71718,3.98082,78.2498
3.79987,3.21155,45.0671
2.99819,3.01508,33.3917
4.8586,3.75239,73.1986
3.2638,4.74675,95.3276
3.97433,4.49414,87.0886
3.03615,4.03643,63.7531
4.62298,4.22925,86.1081
3.76305,3.01341,40.1874
3.26186,3.65029,53.0028
4.48308,2.89193,46.505
5.14212,3.7872,75.3774
3.82413,4.43116,86.8509
4.96083,4.19581,88.1253
2.24849,4.54534,80.3977
3.59917,4.01519,66.2043
3.10792,3.60954,50.0435
3.66476,4.19216,75.246
5.5702,3.54862,77.5993
5.41465,4.3439,99.1774
2.7744,4.44019,78.467
2.34523,4.30618,70.2882
3.53341,5.41127,136.073
4.30534,3.72169,66.2305
4.41303,3.87955,70.756
3.83259,5.70251,156.822
3.7548,3.6518,55.8448
3.12298,5.61689,143.143
4.42213,2.99797,46.931
2.12058,4.77948,88.9338
4.23154,3.2853,51.7857
4.20119,3.14483,46.8299
3.42867,5.87299,165.323
4.5111,5.01739,121.245
2.59542,3.79559,52.5209
3.24289,3.59017,51.8398
3.52466,3.33538,44.846
3.59864,4.15945,71.8422
4.87476,2.09515,39.4183
3.52779,2.39225,30.0038
5.09713,2.89126,53.0207
6.18774,2.89275,72.0513
3.74779,5.05926,115.485
3.50698,4.11236,69.5774
4.05938,3.35692,51.3114
4.66848,3.85252,71.3156
3.39816,5.16368,119.819
2.85737,4.57472,83.9034
2.41141,3.45177,41.9241
4.34846,2.16849,33.5365
3.92253,2.72336,38.0849
3.8773,4.74006,99.2309
2.97843,3.15979,37.5557
5.31894,2.94741,58.9522
3.74189,3.65014,56.1511
4.67728,4.30563,90.5342
2.60348,3.28559,40.8293
5.24292,3.01444,58.172
3.7474,3.70085,58.3035
4.4383,3.71955,65.9146
3.54943,3.54934,51.1392
4.09311,5.09908,120.764
3.88651,5.18612,122.786
3.44364,3.18973,43.4385
3.29615,3.92322,61.1608
4.46145,3.42888,59.5322
3.61389,3.95195,64.0609
1.82925,4.50555,77.2024
5.14649,3.56383,71.3949
3.51125,4.40953,81.0852
6.04242,3.92906,96.0856
5.13556,4.49918,104.55
5.63692,1.97613,50.1222
4.18337,3.33926,52.0965
2.77424,4.71822,87.8562
4.89479,3.63237,67.4081
1.98213,4.07668,59.4846
6.74135,5.21253,168.744
5.12513,3.77412,76.0373
2.99882,5.08003,110.133
4.83428,4.02584,80.5253
3.35252,3.50935,49.9527
3.39022,3.78383,55.8241
4.7449,4.03848,78.3456
3.9559,3.17238,46.8682
4.03114,5.96865,179.057
3.41915,3.01823,38.9033
3.59579,3.82118,59.9778
4.18562,4.15557,77.8931
2.66937,6.34789,199.998
4.17488,3.83502,67.2342
2.59358,2.19458,19.9334
3.2531,3.26355,43.8682
4.16697,4.19041,79.6368
4.78846,3.07996,50.9135
5.0096,4.39755,96.1232
4.69723,3.82549,74.4753
5.61284,3.13274,66.4479
5.99059,3.27777,76.1161
3.08243,4.07104,64.6191
3.45121,4.03708,67.8246
2.7763,4.98131,103.41
3.81242,3.85925,64.3673
4.10714,3.31709,51.5042
3.93093,3.85238,65.2823
4.02236,5.12211,120.698
3.55775,4.38168,80.1351
4.59247,5.38773,144.103
3.9189,3.71882,58.5609
3.64684,3.37156,46.4212
4.77656,5.1898,132.585
3.96354,4.71162,100.491
2.7153,4.66957,86.4625
3.5117,4.88417,103.406
2.71275,2.89288,31.3788
3.31859,3.11772,40.0399
3.96356,3.48769,54.3822
3.9865,6.00421,180.841
3.44778,3.8446,60.2469
3.52496,6.05249,180.098
3.21157,3.94016,63.0639
4.68445,3.80953,71.5059
4.46167,4.60305,99.2317
4.91589,4.79034,113.255
6.2898,3.94183,99.7685
4.2597,3.8008,68.4728
3.09632,3.63526,52.7506
3.71121,5.12517,117.437
3.13293,3.43721,45.2755
4.93979,4.15589,85.8912
2.22331,4.64482,83.7509
2.20859,5.52468,131.023
3.59511,3.43631,51.2612
4.76793,5.23758,138.112
0.793031,3.05094,28.0288
4.33313,5.03269,119.52
3.43844,4.37358,78.2713
4.7356,3.40699,59.7464
3.75616,4.44111,85.0811
3.18722,4.2802,74.863
5.18869,2.89547,55.9416
4.12682,4.00836,71.4514
4.01799,3.76611,62.7095
3.29934,5.55678,140.147
2.49838,3.22369,37.7917
3.2298,5.83627,158.681
5.7505,3.4335,77.8156
3.2497,4.9408,104.138
4.79683,4.0073,79.3951
5.5312,3.89745,86.249
3.48186,5.59313,145.558
5.20999,5.45644,155.136
2.36987,3.57371,44.8698
2.89028,5.18567,116.803
2.05194,3.66163,47.831
3.12664,2.40365,25.0161
3.88693,5.99196,178.918
2.97468,3.2832,41.2236
5.20678,3.16571,63.1765
5.94065,5.75265,188.65
2.07345,3.65373,48.1449
3.67227,5.45692,137.763
3.3067,5.19203,118.318
5.08967,4.89589,121.912
4.58915,4.34244,89.2799
4.99698,4.19107,89.7983
3.87404,2.85395,39.7744
4.66331,4.31536,88.3312
3.86872,4.11414,72.8983
2.39566,3.95501,57.1693
3.9964,4.27339,79.9129
5.68678,4.75522,125.153
3.80984,5.50877,143.513
3.56945,3.54381,51.6765
3.51872,2.65838,32.9135
4.30343,4.73225,102.512
4.22688,4.19009,78.3233
5.7639,4.89058,132.566
4.02827,3.97091,69.8114
3.25536,3.55628,48.5602
5.13713,4.43063,99.4243
4.39212,3.95668,71.8874
3.97085,4.13955,73.2651
3.45463,5.53388,140.331
4.54747,6.28097,208.974
3.77656,5.16622,121.76
2.16752,3.89052,55.0027
4.66884,5.32612,141.284
3.49315,4.41893,82.0224
3.74513,3.6992,57.0934
4.63966,3.25973,54.8082
3.99059,5.22152,125.724
5.41061,2.82935,57.8733
2.94573,4.88004,99.1663
5.47829,5.93533,196.18
3.67474,4.89328,105.624
3.2012,4.22232,71.4429
5.17318,3.10526,59.4411
4.65973,5.33697,142.337
6.10362,5.30421,162.003
4.97127,2.27515,41.2163
4.01018,4.10842,73.2936
4.64983,4.20574,84.4002
5.69702,5.08925,140.72
4.29962,4.44913,89.6652
4.60987,6.01741,187.665
3.11392,2.82261,33.0448
3.1384,5.00656,106.501
5.02002,5.70927,168.837
4.28243,2.96772,43.6629
3.49301,4.54025,88.5431
3.74287,4.98823,110.274
3.86868,3.43092,51.3541
3.37952,2.16838,26.3093
4.05189,5.25815,130.134
5.57926,5.07683,138.138
5.05302,3.61148,71.8153
4.05663,1.76031,26.1503
4.0902,4.95127,113.389
4.99184,4.1004,83.7676
5.82778,2.84221,63.8461
5.58234,5.46505,162.728
2.78913,3.05862,33.8208
2.70288,5.70365,150.062
3.96806,2.02853,29.8746
4.48049,3.25541,51.7948
4.64026,6.57689,236.725
5.25043,5.70534,172.411
3.30039,3.70613,53.287
2.68328,4.59285,84.1118
5.63155,3.5353,79.1935
2.4116,4.1139,63.9397
4.12735,3.29821,50.8693
4.6861,4.72203,106.119
4.69472,3.47619,60.4368
3.58981,3.90747,62.3792
3.82938,4.45148,86.981
3.34339,4.08055,68.2476
5.24694,2.95565,56.4093
3.98177,4.00225,69.9082
4.21997,4.19565,80.9545
3.23897,3.06465,39.0511
5.29755,6.68042,255.472
1.88579,4.37443,70.3735
5.03877,4.09579,86.7121
3.39866,4.49794,84.098
3.87715,1.8817,26.2403
4.57344,3.565,64.6976
3.95287,4.41934,85.6708
4.18781,3.59019,58.2989
3.68382,4.38033,81.9742
2.92243,3.7614,53.6489
5.22299,2.10509,41.9959
4.24387,2.84644,42.929
5.1571,3.88432,80.052
5.89004,4.63829,121.236
4.06545,4.82439,104.902
4.53246,3.35403,57.7546
3.30756,2.50778,28.4787
4.68784,3.05139,51.6838
3.2783,2.19278,25.2684
2.22064,3.53553,43.3932
5.37785,6.2393,218.062
3.41331,4.18356,72.203
5.03476,2.91571,53.3852
4.90279,4.49483,99.691
3.8953,4.00146,69.1061
3.80439,2.83685,38.9195
3.28089,4.76713,96.2109
4.38875,2.25954,35.1228
4.45373,2.33417,34.7691
4.77219,5.12532,130.471
5.19657,4.54735,105.617
2.1479,4.25687,66.8865
3.97023,3.18993,45.2314
5.5163,3.32544,68.963
3.57405,4.56295,89.4945
1.93518,5.80834,153.699
3.20728,5.46854,136.962
2.23607,3.88473,55.8519
4.14133,4.06346,73.6542
3.82132,3.95322,66.2866
3.05008,3.10064,36.9481
2.93842,2.26368,22.6847
5.19769,5.74829,176.567
4.84389,3.62737,67.4749
4.02436,4.80773,103.259
4.62177,3.91697,73.3193
3.05993,3.98417,62.8192
4.39656,5.13925,126.172
4.80873,4.99306,122.477
3.43538,3.65491,52.608
4.77799,5.47891,150.486
4.26834,4.7927,107.052
2.01566,5.14493,109.19
2.49699,5.14074,113.305
3.8245,5.03079,113.191
3.48304,5.58139,145.768
4.4807,3.66423,62.851
4.02133,3.55133,56.639
3.56332,3.01698,38.398
4.80034,2.35697,41.2261
3.88788,5.82928,167.189
3.78338,5.30531,130.043
3.91736,3.66499,59.5569
5.0614,3.97506,81.2545
3.3457,4.59754,88.7477
3.44706,3.76864,57.9379
4.13963,3.66696,58.4184
5.21831,3.73378,76.1211
3.9901,3.96219,69.3208
3.43258,3.774,57.6568
4.23413,3.72352,63.5128
5.52051,3.8134,84.0708
2.9462,2.46393,26.7625
4.50659,2.64861,43.1373
4.97113,3.82859,76.6211
3.29421,2.87824,34.4138
2.08695,3.75567,50.4126
3.28027,3.36528,45.7813
2.65302,4.31801,72.5726
3.26962,3.15662,40.123
4.15416,3.83613,66.3434
2.05355,3.23846,33.5136
3.41551,5.74147,155.792
3.18266,2.77441,29.7873
3.33974,4.50279,85.1392
4.65316,6.00281,189.184
3.9557,4.831,105.751
3.93548,3.75342,61.9262
3.9874,4.71709,101.54
3.24318,4.82318,99.4387
4.95691,5.32434,144.241
3.67816,4.35236,80.5168
3.44017,3.37488,45.2297
3.21871,4.60414,87.5366
5.16333,4.34869,97.7248
4.82804,4.15915,84.4062
4.20328,2.03426,30.2371
4.27022,5.36842,139.672
3.78585,3.26852,45.9437
3.45963,2.27155,26.4276
2.92658,4.41723,77.1358
4.33957,4.17915,80.5656
3.77379,3.5306,53.7983
2.62812,3.04743,33.9316
4.61035,3.06677,50.2085
4.92736,2.62732,45.5688
3.76977,2.53453,32.6824
2.31063,4.97847,100.863
4.95111,3.43467,64.2029
3.27594,4.67549,91.6171
3.54634,4.28425,77.6463
4.28505,3.51087,56.8006
5.18924,3.13024,59.9697
4.25601,4.93411,112.821
2.89428,4.23601,69.8493
4.83012,3.18533,55.2032
4.47687,3.75443,67.2471
5.23128,3.56293,72.2449
4.7979,5.49645,152.257
3.80468,5.34352,133.411
4.50926,4.15025,81.0673
4.7936,2.54747,43.8209
2.4528,4.29548,69.7654
3.61273,4.13037,72.063
3.35264,3.1351,40.493
3.38363,4.3738,79.1972
4.00181,4.71651,101.542
3.83986,3.35472,49.9374
5.03709,5.98145,189.481
3.89013,5.62135,152.375
5.27072,4.00829,87.0848
3.98993,3.8709,66.3654
3.27462,5.01372,108.023
2.50817,5.93808,166.204
3.25028,3.42511,46.9068
4.95807,4.61694,105.815
3.10552,4.7559,93.8566
4.18957,4.12426,76.1622
3.36076,4.44224,81.9962
3.08925,2.76787,30.4897
3.23672,4.79359,96.6701
2.89649,5.26738,121.528
5.14702,1.69717,41.5423
2.42974,4.32404,71.9291
3.98013,3.02943,44.5966
3.89619,2.25033,28.82
4.40542,4.84906,109.659
5.13682,2.73906,53.192
4.92836,4.59324,105.346
3.18582,4.25806,74.5922
2.54648,2.69822,26.3444
3.91951,3.72034,59.0985
4.9715,2.74103,50.1398
4.37416,3.42724,55.605
3.07717,2.3304,24.0337
3.5642,3.25291,43.221
4.87552,4.77034,111.892
2.93226,3.9742,59.9295
2.32786,2.49901,22.8426
3.02459,4.27028,72.1961
5.54786,2.98511,63.2629
3.5082,3.78652,61.0972
3.70769,4.5507,89.8678
4.07713,4.21851,79.6785
3.80894,5.51514,143.755
4.94783,4.16271,87.5341
4.2958,4.53759,92.026
3.87301,2.70894,35.4317
3.57005,2.74829,34.7809
3.05592,3.0432,37.8785
3.97406,3.80424,62.0297
3.11494,2.76984,31.3629
4.05305,3.50334,56.5271
2.36675,4.73327,90.6371
3.94218,4.29075,82.574
5.69457,3.57212,79.0868
3.06749,3.21847,39.5827
3.90123,4.49969,87.1527
6.39756,4.41117,121.349
5.44784,3.87331,84.3402
3.3855,5.01135,109.458
3.68314,3.65034,56.7399
3.42522,5.6014,144.321
5.01415,4.94328,124.093
4.07051,3.65305,61.3988
3.65181,4.38119,81.1371
4.61099,3.4338,60.3833
5.25304,3.45309,70.0764
3.94878,2.62584,36.6256
4.24957,2.85358,43.2659
4.51465,3.99398,76.0656
5.157,5.83035,180.165
4.41141,4.92463,114.981
4.97588,4.78246,114.395
4.49955,3.25597,54.3244
3.28393,4.30116,74.9769
3.43324,3.6787,55.171
4.45788,6.08885,193.392
3.70732,5.30685,129.975
3.81263,3.93707,66.2815
4.77774,2.68045,44.2247
4.98092,5.74375,171.305
5.06483,6.89,274.6
2.68127,2.2264,20.7546
4.7801,4.34129,91.4669
5.40027,5.83187,185.544
3.34871,3.37599,47.0035
4.67163,4.20812,85.0436
3.14263,3.69529,54.5048
5.20618,3.6148,71.3877
3.4066,4.69137,94.1288
2.61584,3.64488,48.8477
5.01899,4.35691,94.8672
5.36391,4.93374,129.094
3.00438,4.69873,90.2405
5.95577,3.93156,97.0105
2.99952,3.971,60.6616
5.03474,2.95765,54.3343
3.61389,2.07072,25.3965
6.51551,4.18798,115.166
5.86336,4.14568,99.4922
3.73983,4.10629,69.4049
4.05702,1.37263,22.5708
4.24659,3.27188,49.7865
3.01161,3.19175,39.8542
4.53409,4.49054,93.3126
4.156,3.01009,43.0194
3.22015,2.74597,32.2111
4.9589,4.32111,94.2123
5.00065,4.19635,88.1767
4.26586,1.58643,27.2446
3.45827,4.59492,89.7926
4.41583,3.78948,66.6318
3.95018,3.2982,50.2864
4.14022,3.13902,48.517
3.2115,4.16138,69.1598
3.29448,4.88822,103.203
2.92146,5.20586,117.949
3.81931,3.30468,48.3581
3.83754,4.5911,93.4663
4.44421,3.84979,70.2369
3.25569,5.02136,107.419
3.49881,3.51203,48.5642
4.33668,4.62831,98.8795
4.79381,3.83098,72.2875
3.84836,4.07518,69.9617
4.43225,3.87791,70.8113
3.61543,2.89381,36.8833
3.93623,2.05808,27.0727
4.73028,4.52098,99.0672
4.03029,4.46677,88.2947
6.03044,3.84165,93.5605
5.29731,3.20222,65.1294
3.18773,4.5454,86.5371
4.27906,3.83044,68.1759
4.90515,4.22806,88.1415
3.75814,3.58021,55.3485
2.80021,3.49369,45.4242
4.10202,4.90317,110.2
4.36195,5.02392,121.17
4.57761,4.39031,94.3141
3.98443,4.913,109.286
5.65313,3.0334,65.7716
4.4239,2.58983,40.705
4.53809,3.27867,55.1279
3.41295,4.28196,75.0948
6.96697,3.77356,111.481
4.02645,5.07305,118.238
2.85611,5.24927,120.259
4.53006,3.65334,64.5955
5.3669,4.52956,107.608
4.45417,5.05369,122.738
4.09183,4.4996,91.8215
6.65305,4.54926,132.882
3.06928,4.89016,100.084
4.59958,3.1987,54.1002
2.59715,3.5971,47.7231
4.01633,5.87655,171.015
3.74797,4.83512,101.66
3.36235,3.72949,57.4763
5.20289,3.04042,56.9962
2.75953,3.65601,50.9426
6.05146,4.06034,101.227
5.37953,5.33249,152.276
3.33401,2.81245,34.9244
5.04052,3.95758,81.5315
4.59423,3.18479,52.4145
3.92992,6.06447,186.052
4.22069,2.89819,43.6187
2.87232,2.9907,33.7847
4.95794,3.86296,77.6851
3.69741,3.8777,64.8152
4.07406,4.95309,112.528
3.52612,3.82389,58.461
3.36812,4.21213,72.071
5.1206,2.80381,53.4387
3.82559,4.85716,105.872
5.66159,4.6709,117.271
4.07595,3.85,68.2753
3.36314,4.19452,72.6078
4.16114,4.05582,74.8638
3.16977,4.16394,69.0111
3.77004,3.06667,43.4763
1.85685,3.9583,54.8372
3.83819,4.87464,106.545
2.5116,4.34065,71.0617
4.68967,3.04951,49.9746
4.74439,5.89642,178.004
4.94272,3.89882,77.2314
3.93348,5.4668,140.355
4.78579,3.85826,74.023
5.1504,2.73577,51.3593
3.11064,3.77239,54.3872
2.57407,4.73212,90.1821
4.15211,6.56625,229.884
2.27539,1.43067,12.4535
2.83103,3.04209,33.7774
4.91198,3.17672,56.361
3.98492,3.76428,63.4652
2.56239,3.58752,45.83
1.57263,3.54689,41.9147
3.8412,5.87844,170.369
4.53085,4.1442,81.5237
3.09264,2.51978,27.4236
3.31306,4.65307,89.7436
4.46913,3.79637,69.1773
3.07678,1.7138,16.8172
3.55305,5.04258,112.804
3.54243,4.51702,87.6685
4.86356,2.94927,52.1355
2.90612,3.20474,38.4199
4.65815,4.73343,106.687
6.21933,4.60238,128.306
3.86488,4.61549,91.7092
3.95869,3.39722,50.2221
4.52523,3.61777,64.3945
4.30897,4.39886,89.2352
3.80912,4.84362,106.272
4.05372,3.89151,68.1527
3.85586,5.47353,140.651
5.10204,3.74022,74.6874
4.68313,4.79469,111.851
4.81262,5.33116,143.279
3.09498,3.40861,43.9393
3.10929,4.00086,64.3729
4.20592,4.62608,97.0317
4.23233,3.72117,62.4608
3.31271,5.34698,129.852
1.90822,4.36626,72.55
3.56625,4.82063,101.018
3.42324,3.34126,46.635
3.40591,3.58234,53.2329
4.03237,5.38467,136.387
3.38099,5.10794,113.661
4.59613,3.15168,53.4388
3.55205,3.79006,58.9915
3.63835,4.88039,103.789
3.37092,4.30482,75.9842
5.40966,4.53946,109.851
3.99633,4.5241,92.856
3.35284,3.52118,48.6873
3.20998,3.17432,40.6784
4.20788,3.56095,58.639
5.57666,4.3421,104.191
6.14999,6.22256,229.193
4.52836,3.87986,72.3173
3.17306,4.0218,64.8076
5.20263,5.52191,160.897
3.27088,3.56925,52.5177
2.99889,1.97528,18.5164
3.19236,4.6779,91.7933
4.35084,4.09342,77.4689
3.76659,5.5279,144.701
3.05928,4.08446,64.2599
3.35398,3.91509,60.7178
4.57762,4.75132,109.027
5.51923,5.92846,192.122
5.18087,3.23687,63.9822
4.48008,5.88765,176.051
3.62875,3.24286,44.9852
4.1564,4.15704,77.9412
2.92771,4.3779,76.3622
4.98153,4.33313,94.2788
5.21565,4.61989,111.813
3.87546,2.9381,41.5021
2.66728,4.01294,62.1825
4.729,1.04667,27.7327
3.61376,5.04613,113.49
5.31998,2.32608,48.3675
3.79255,3.60988,57.409
6.77118,3.09165,88.6277
2.76264,3.34071,41.5855
4.73058,3.57963,64.2887
3.89176,4.04304,69.8237
2.80734,5.5085,135.134
5.07451,3.36562,64.4064
3.4136,4.47995,85.0988
3.72708,2.88027,38.8791
3.39517,3.72229,56.9079
4.65815,4.24276,86.252
4.4463,3.36148,56.0658
3.78807,5.00158,113.157
4.2096,5.31567,135.902
5.31746,2.05411,45.314
5.44378,5.68509,177.193
3.86274,4.37296,81.6367
4.68341,2.43114,41.505
2.38582,2.1492,18.0955
3.49841,3.87748,62.4384
5.7267,6.49368,244.673
3.47132,4.53678,87.1856
3.11831,5.12705,115.143
5.11445,3.87511,79.3415
4.72863,3.64027,67.2384
4.65735,3.74324,69.2491
5.01578,3.54658,69.7709
2.94688,3.92955,60.1671
3.16549,4.94202,103.027
5.15383,5.20722,139.321
4.23756,3.44837,55.9938
5.41873,2.57542,53.6371
2.88071,1.95098,19.4477
2.27357,7.09758,272.407
4.52196,2.82187,44.9485
5.30999,4.01185,86.1745
2.90023,3.20082,39.8891
2.21791,4.09798,61.7024
3.18166,3.29872,43.7356
5.43652,4.56271,111.527
2.9448,4.51753,80.5441
5.74787,3.02418,67.2964
3.59627,3.87945,64.2587
4.19309,2.48625,35.088
1.84036,4.16622,62.871
4.21739,3.06996,46.8978
2.3986,4.97761,101.556
4.21444,4.31607,83.3508
4.76717,2.89163,51.1414
4.54965,5.26889,134.615
5.47648,1.56613,42.0179
2.66115,3.56249,47.2939
4.42091,4.53903,94.967
4.2496,1.62689,26.6514
3.50229,4.50751,84.393
4.59098,4.20856,83.4991
4.46321,4.61562,100.35
4.51319,3.00937,47.9482
2.87254,3.23243,41.0251
4.30946,5.64961,158.132
3.8277,4.20028,75.1173
2.8418,3.75312,53.8916
5.18648,3.57023,70.975
3.23717,3.20039,41.3299
3.27913,2.50335,28.5399
6.7489,4.64612,140.22
4.88937,5.70397,168.919
4.04168,2.69543,36.7567
4.35102,3.52936,59.399
3.83341,4.78739,101.323
4.33441,3.86354,69.8879
4.8405,3.22222,55.3021
4.29053,3.2235,50.8471
4.88108,4.18304,86.8212
3.89937,2.94099,38.0666
4.95356,5.14681,131.956
4.92938,3.77262,71.851
3.98646,3.76238,62.4269
4.59163,3.72942,67.4022
3.60059,4.22605,72.9146
2.89905,2.32935,21.4746
3.34211,4.44156,81.3171
5.44155,3.2836,67.197
3.08762,2.444,26.7461
3.07628,4.41498,78.9623
2.38628,2.09761,19.2825
5.23448,4.43974,102.491
5.33932,4.13027,92.5388
4.34075,4.51721,94.9784
4.83107,3.36077,60.478
4.93546,3.27506,60.7625
4.95132,3.84271,77.8408
5.82061,4.19863,102.123
3.32228,4.53863,85.652
3.87832,1.60712,21.9484
4.17088,3.34246,53.0541
4.61685,3.80749,70.5515
3.23903,4.55508,85.5834
3.1181,4.01941,64.5288
3.72927,3.33977,46.7327
4.45454,3.73845,65.9243
2.972,3.83822,57.0399
4.05827,6.00159,181.318
3.6232,4.19944,73.5934
3.43402,5.66904,148.451
4.55604,4.63033,102.646
3.3259,3.67315,53.3252
2.30203,4.36074,72.7947
4.89546,3.37492,60.4358
2.90638,2.37408,21.7959
5.73754,4.26644,102.684
4.68719,4.40155,91.5883
2.92569,3.98557,60.3653
3.09174,6.47778,212.639
2.56759,4.1907,66.2601
4.18152,2.0154,28.5843
4.30167,4.20352,79.8883
4.83499,6.18153,204.153
3.28366,4.27357,73.0515
4.24783,5.29537,133.296
3.41286,4.39895,80.0074
5.51532,2.71375,58.0498
4.83719,1.8378,34.4131
3.4738,2.97454,38.9272
5.61776,3.16306,69.2254
4.02257,3.28332,49.6085
2.60129,4.30469,70.3008
5.03102,5.09737,130.957
4.06255,3.57987,59.4729
4.85021,4.13835,85.4609
1.62909,3.17738,33.3998
2.829,4.87103,97.6753
4.4194,4.60992,99.6041
3.29397,4.31735,75.7749
4.36758,3.86913,69.0814
3.7932,5.45369,140.097
2.4944,2.48244,25.3124
4.3996,4.54755,97.0266
2.31134,4.1095,62.6878
3.95049,3.41543,53.2704
4.41669,1.78943,31.9382
4.60214,4.3344,89.185
3.62028,4.60113,90.3628
4.99628,6.45771,230.347
3.12967,3.30309,42.9448
2.68802,3.83811,54.5501
2.70966,3.35973,43.1094
4.33453,4.91588,111.793
3.83035,2.4555,30.0893
2.26793,2.34649,21.302
5.68241,4.45279,109.457
3.65663,3.82412,61.32
3.98867,5.81719,167.118
3.67869,5.29022,127.886
5.41523,4.71903,117.933
5.70486,4.48516,110.854
3.06734,3.9538,62.5726
3.80359,4.65667,94.592
3.85019,4.4721,89.4345
3.28289,3.17558,39.5806
4.50292,4.67359,105.035
4.28614,4.89578,113.577
4.86484,3.81879,72.5972
3.70566,4.24328,76.4094
4.0935,3.40989,53.9986
3.89269,5.29171,129.061
2.25324,4.24619,66.6493
3.40139,4.96869,107.609
4.14315,3.90582,66.7381
4.68212,5.60097,159.265
3.48441,3.82712,60.1877
3.08257,5.05773,111.672
3.33237,4.73909,94.8698
3.48982,4.34495,79.1224
2.98626,4.41741,77.6866
5.01672,2.56193,47.6619
4.6464,3.14713,54.5989
4.971,4.42362,98.3656
2.41107,3.35293,39.2605
2.12589,4.11936,63.5826
5.72541,4.12228,97.0902
4.15906,4.81139,105.452
4.08232,2.60372,37.6164
4.72596,3.99878,80.1574
1.72117,3.4357,39.5976
5.14598,1.66093,37.9086
4.05152,4.44603,85.0953
4.25882,2.22871,34.1595
4.37568,3.41197,58.67
5.59007,3.41847,72.4548
3.66656,1.83702,24.4202
6.07329,5.82958,196.264
4.45773,4.35606,87.7349
4.93979,4.19459,89.011
3.88999,2.16622,25.7441
2.815,4.49051,79.4842
3.20845,3.94398,63.3949
5.4058,4.51112,107.57
3.28333,4.01203,64.4914
3.97297,2.3678,32.2988
3.31951,2.15547,24.5031
2.43708,4.42977,74.5533
4.77616,2.52803,45.0072
5.80293,2.88954,64.3817
3.99767,3.58764,56.9747
3.67381,4.55538,90.1358
4.80134,1.75757,35.9375
4.02687,3.14706,46.0817
4.467,4.25312,84.8332
5.50073,2.93182,60.8476
4.63708,4.14947,80.1953
3.52928,4.9319,105.924
3.4136,3.4779,49.517
4.00938,3.99611,70.9649
3.8735,3.75848,60.3154
2.32891,5.08503,107.486
4.77915,5.30489,140.588
4.67118,3.16604,53.5872
3.16289,4.55052,84.6361
5.54575,4.58053,116.976
