3
4.49991,3.90888,26.5912
4.08931,3.17548,17.431
5.51457,3.27079,24.4323
3.38909,3.9827,24.5837
3.2091,3.29832,18.7652
4.5244,4.59045,34.4914
5.14979,5.16749,48.0174
5.06224,4.40613,34.7879
3.59064,2.74186,13.3992
5.32981,4.38955,36.3734
4.94683,1.89241,15.6554
4.63197,3.37823,20.5549
4.9846,2.80271,21.4255
4.4438,4.87892,40.1511
5.71057,3.65573,28.6616
2.66202,4.16628,25.873
5.22081,2.07525,14.9725
3.55252,4.55896,34.5738
2.57803,5.0292,39.2872
2.14388,2.72708,12.5171
3.24117,3.65579,21.2126
2.78807,4.1239,24.2079
4.35987,2.73343,16.8255
2.7586,6.22556,63.1991
3.05481,4.60914,31.4051
3.3807,4.18171,27.5404
2.77828,2.10197,8.35605
3.57455,2.3999,10.4126
5.50425,4.8099,45.0079
4.33518,3.05324,18.0024
4.60433,3.81851,25.8808
5.09725,4.35514,33.5557
4.14257,2.94145,16.3707
6.70061,3.53982,33.6597
2.72138,5.32178,43.7458
3.46519,5.0189,38.7041
5.64675,4.15357,32.2631
4.11584,5.91645,58.1359
6.18019,4.26085,40.391
4.31366,3.27233,19.4001
2.3884,2.51207,9.27008
3.88797,3.42255,18.7209
2.44701,2.03339,7.2613
4.19735,3.93607,25.526
5.44648,2.38031,17.2605
2.86392,2.16475,8.36174
5.07623,3.74018,26.4243
4.63657,2.19526,13.781
3.71369,3.67013,21.9223
2.54704,4.30264,27.6291
3.72908,4.02699,23.7579
4.08934,2.86677,15.7375
5.48627,4.13905,33.3659
5.20791,2.27141,16.9038
3.34435,5.9828,59.6663
2.68646,2.95222,14.9391
3.89973,4.60705,34.2452
2.30432,4.30226,27.1962
4.08073,3.17496,17.9352
4.0557,4.60989,34.1871
4.81995,3.86857,25.0161
5.18164,3.79227,28.5673
3.47368,3.02305,14.736
4.80876,4.94401,43.1216
3.12904,3.47436,19.0635
4.7974,4.75735,38.2963
5.3068,3.35215,24.7952
2.69941,3.22278,16.0254
3.39446,5.99878,58.5305
4.78748,3.77126,25.5815
3.11922,4.35267,27.7927
5.64925,2.90286,21.8675
1.93489,1.71625,6.96496
3.50726,4.16138,26.9676
4.75408,3.72289,25.9723
3.15571,4.78927,35.1507
5.38938,3.19325,24.6937
3.83377,2.14509,10.6904
3.34943,3.1323,16.7849
3.97455,4.69245,35.9201
4.78481,5.21296,47.0515
4.24245,3.86899,25.6514
4.47291,2.73038,14.7243
4.20391,3.75611,22.9584
4.00972,3.16236,18.5128
4.80085,3.61393,24.1829
4.69277,2.72781,17.4087
4.17104,3.45209,21.6935
3.71318,4.01734,26.2419
1.8977,3.044,13.8742
4.69587,4.91033,40.2572
5.74745,2.65309,21.2293
2.82053,3.5299,17.5304
3.3919,5.79459,56.0047
3.91649,3.56812,22.5974
5.05678,5.89305,62.2529
3.62782,4.11663,27.6303
3.06284,3.66712,20.5188
4.66381,3.2255,20.8151
3.49771,4.54244,29.9832
3.24566,3.58342,20.2057
2.72805,4.24518,26.8823
3.74437,4.85654,38.9569
5.69809,3.2877,25.0699
3.68313,3.88318,25.5767
2.89282,4.76816,33.3561
3.02193,4.66685,32.0178
3.63271,1.8049,10.6358
5.7084,2.72896,20.8845
4.35953,3.09621,18.3779
5.42311,4.58371,40.3142
2.78807,4.87841,35.3862
4.01895,4.12663,28.0747
3.86509,5.02429,41.3247
5.13919,4.29445,33.7618
4.29076,4.77801,36.1898
3.2593,4.2231,27.4986
5.24396,4.88236,40.9447
3.0873,2.65468,12.3381
4.39366,4.05909,25.7126
3.78811,4.1214,26.989
3.98249,5.46928,49.3379
4.9159,4.76517,39.8525
3.54677,5.3241,46.1359
3.82287,5.489,50.832
1.911,3.41696,17.4618
3.59081,4.86644,37.44
3.05784,3.96515,22.8515
3.22997,4.39519,29.4208
4.19441,2.87019,16.0561
2.10248,4.62974,31.6543
3.72407,4.88692,38.1247
3.33083,4.03042,25.6011
5.28075,2.91926,19.7101
2.39531,3.37733,17.1068
4.3757,2.3989,13.9705
5.39506,3.36364,24.1939
4.64097,3.37715,21.2833
5.69616,6.15361,71.7549
4.66487,4.0336,28.1235
4.28416,2.93076,17.6783
4.39489,3.17009,16.6598
3.55825,2.97009,16.2046
4.518,5.01781,43.1667
4.48575,4.91586,40.3639
3.76627,4.36916,30.1554
2.45912,1.7761,9.20785
2.8698,5.39201,47.3023
4.24873,4.6541,35.7988
3.62981,4.11999,27.0794
5.1932,6.06398,68.3603
3.26295,4.25663,27.8423
1.86412,5.09413,38.8911
5.71669,1.66825,16.3118
3.13194,5.49591,49.8565
5.78246,4.11715,35.1351
5.36166,4.71721,40.2558
3.05762,5.70504,52.0452
3.76622,2.66738,14.3335
3.15791,4.63562,32.9277
3.72119,4.77199,35.6807
4.01557,5.19174,44.3425
4.41165,5.36353,50.2013
2.74642,4.11224,24.2036
3.7008,5.37951,46.4481
4.53009,4.11948,28.4594
2.58254,4.04838,23.7574
3.09002,4.40721,27.6527
5.81701,4.40095,39.6669
3.42363,3.14753,16.1937
5.94163,4.57529,41.6755
2.44592,3.39647,16.5956
4.47045,4.10765,29.5639
4.52135,4.53963,34.9808
3.25261,2.84892,14.7359
3.62569,4.7636,35.4779
3.8408,4.24452,27.3698
3.24373,3.83906,22.8973
4.07677,5.33701,47.497
3.72574,2.79276,13.3981
5.48645,3.43581,27.2754
2.72763,2.25514,8.75381
4.26323,3.20024,19.1563
2.36617,4.97867,37.7009
4.39234,5.01964,43.5919
5.37455,4.03843,31.256
4.38523,3.86304,25.3932
4.8101,4.24277,30.8065
3.39109,3.81627,21.4276
3.60968,2.78582,15.3609
4.08211,4.06121,27.6015
4.54496,3.51785,22.9169
4.8731,5.43336,52.129
4.10567,5.26127,45.7947
4.6735,6.06482,61.868
5.4847,4.11873,33.5326
4.39347,3.81528,23.9417
4.48561,4.1821,29.5431
5.26425,4.11047,32.6053
2.60794,2.99656,15.306
4.98298,4.11462,31.554
4.44739,3.87084,27.6707
5.5505,4.37346,38.7123
3.743,4.31068,28.9751
6.63355,4.02302,40.1439
4.15064,3.5222,20.6134
5.31323,4.38703,35.5216
3.57183,4.79581,36.0813
4.30638,3.09815,17.0851
3.90849,3.96284,25.1388
4.63959,2.65672,14.2299
4.99806,4.07174,30.7297
4.7043,4.20526,30.6444
3.04806,3.40365,17.7468
5.98109,4.4068,40.6025
5.82276,4.80225,45.4234
3.03631,2.85582,14.105
2.40112,4.01057,22.2708
1.54155,4.21647,25.3228
6.24072,3.5272,31.4091
4.021,4.24441,29.1311
4.75006,1.95304,12.8353
3.40548,5.79288,54.5186
3.2281,3.04843,13.2696
6.22685,1.92381,22.2411
2.07564,1.86619,8.49213
2.05435,2.80427,9.1921
3.42382,4.08371,26.1544
3.49425,4.83928,36.59
4.56945,4.99849,43.0877
3.75654,4.37991,30.296
3.06049,5.11824,42.6746
4.93625,2.07971,13.8642
3.88683,4.35173,29.5789
3.60255,4.98558,38.6825
2.99302,6.3492,67.333
3.80051,5.23343,43.3418
5.20724,2.58988,17.5284
4.90673,4.23562,33.3456
3.92365,4.11093,28.497
4.86715,5.31123,47.3083
3.49204,5.78978,55.4522
5.27222,2.9368,19.5117
5.07276,3.96113,30.2244
3.18882,3.29672,15.3248
4.80977,3.56741,24.1424
5.69399,4.64519,41.2949
5.7484,3.93634,33.0155
2.03354,3.69894,18.0375
4.45525,2.91923,16.287
4.47847,5.36361,50.6759
2.70693,4.76782,34.779
3.91553,2.78318,14.0232
5.59481,3.58837,27.9781
4.84151,3.98333,28.8687
3.74571,2.36145,13.6784
3.4596,3.93493,24.3651
3.75009,3.10633,17.6338
4.89774,4.18844,31.6071
5.04647,4.68276,40.426
2.9289,5.51092,47.4591
3.97189,4.37093,31.6164
3.36569,3.8745,24.7196
5.28039,6.0904,66.1256
4.14263,2.66844,14.7058
3.65245,4.57622,33.4342
3.2651,5.23521,42.133
4.08707,3.83972,23.2025
4.64944,5.55363,52.394
3.7467,5.47975,47.8457
3.92488,2.05089,9.99864
4.78086,4.07658,29.3312
2.19213,5.98298,57.3383
2.89204,3.99005,22.609
4.72366,5.21902,49.3266
2.97568,3.99491,25.125
3.50199,2.52088,12.9034
3.65505,5.40001,45.3142
3.23747,6.71683,79.0023
4.39219,4.0913,28.9543
3.02435,4.16838,27.3813
3.98042,3.8301,25.1201
3.08693,5.045,40.8168
2.83831,2.86035,13.1791
4.3299,4.81478,39.2111
4.94903,4.36891,33.2808
3.0535,5.27581,45.3278
2.89419,5.27651,43.4089
5.83169,2.26448,21.6215
4.44269,5.53831,51.968
4.63388,5.3173,47.014
3.5209,4.4,30.3678
2.59142,4.17539,24.8323
3.76533,4.30392,29.8716
3.69763,3.32994,18.9978
5.98796,2.02459,20.4796
4.85274,2.94719,17.6703
1.57251,3.64769,19.533
2.1226,3.80591,20.4616
6.56613,4.64746,45.894
5.44878,5.26274,50.1337
4.88245,4.10635,30.2639
2.79489,4.91491,36.4187
4.27032,4.1627,29.8104
2.82628,5.30689,44.008
4.16377,3.69708,23.7906
3.69166,3.86366,22.3214
3.97903,3.8292,24.0206
4.7405,4.53683,34.8058
5.24658,4.12957,33.8934
6.1701,3.84167,33.9894
3.77109,4.15849,27.2648
3.70246,1.91106,8.69316
4.58165,4.07866,28.6488
4.68173,3.94109,27.1134
3.99934,3.95829,26.6382
4.24729,4.28168,29.8948
4.1295,2.98145,16.0262
5.13443,3.69819,28.7797
4.8298,4.80703,40.4857
3.71817,5.1637,44.4473
3.7696,5.15431,42.4832
4.3087,1.91281,13.3371
3.501,3.32803,17.8552
2.99478,4.45385,27.9876
4.7417,4.83848,40.0458
4.72992,4.17117,31.5188
3.3033,4.17533,26.8111
2.09834,3.6219,17.4858
4.23784,2.84833,17.4376
3.05489,3.90194,22.4135
4.12725,3.07528,16.5686
2.99139,3.37915,17.645
3.56733,3.501,17.3083
2.8625,2.58337,10.1424
4.22915,3.4125,18.8471
3.83363,5.29867,46.2205
2.56516,3.4008,17.1495
3.07478,3.52343,18.9113
4.4863,3.6274,22.204
3.73054,3.63486,21.3601
1.63786,5.43748,44.4942
3.46413,4.4608,29.8305
4.22552,2.83158,15.8094
5.29961,3.01559,21.8799
3.23715,2.93023,15.4879
2.87318,4.92655,35.7188
3.34073,1.80986,8.74589
4.06096,3.01782,17.8986
4.75111,3.64972,24.9881
4.13564,3.09126,18.2985
3.80184,4.70736,34.5303
3.33255,2.72658,14.7789
4.62693,4.29177,32.1705
2.9745,2.99965,13.4142
4.73291,4.01287,29.9458
3.20716,3.49395,19.3513
3.53716,3.14939,15.2864
3.61578,3.30792,18.5831
3.69479,4.36778,32.8698
3.49071,4.35288,29.8602
2.05512,6.0089,57.5312
3.41068,3.4254,18.8599
4.21052,2.8062,16.3305
5.17643,5.11073,47.9852
5.04393,3.62197,25.1349
5.50802,3.75288,29.7221
3.19488,2.98114,15.7427
3.98599,3.73573,22.626
2.4206,3.52076,17.0213
2.19348,3.81041,20.9526
2.76944,4.94401,37.4765
2.48477,4.26868,26.8779
2.16781,5.73897,51.8596
4.59744,4.57123,36.0501
2.03957,4.61977,30.1902
3.87892,2.45921,12.0368
1.88967,3.58521,20.4846
3.1842,3.32874,16.1302
3.26565,3.25783,15.9957
3.25545,5.03977,39.6235
5.24908,5.11259,47.0337
4.58111,2.49817,17.3924
2.86878,1.99103,7.34353
3.99043,3.83854,24.1352
2.3111,3.32528,17.0009
5.81731,5.83263,65.0647
5.51271,2.92964,23.3576
3.47704,4.54178,32.2714
4.93448,4.27492,33.8079
6.26633,4.03727,36.9583
5.06488,5.3686,49.6151
3.71355,4.60117,34.7299
3.49167,3.92638,25.4557
5.28262,3.23225,22.6034
3.99475,3.21971,17.7629
4.31234,5.40407,50.0372
4.59239,4.41368,33.6534
3.7985,4.96027,40.6244
2.81871,3.43278,16.7833
4.41911,2.32635,14.8409
3.13051,4.29193,26.4921
2.51626,5.97903,58.9722
5.49954,6.15757,70.8568
3.78313,1.75295,9.79995
3.28561,4.46303,30.8349
3.96374,2.61418,13.4384
5.31746,4.99241,45.4423
4.50257,4.44005,32.8914
4.67817,4.56317,36.3188
4.60602,4.83995,38.945
4.95399,3.73721,26.6423
4.04338,4.75744,36.6807
4.33296,3.90454,26.5668
4.00103,4.18313,28.3113
4.22808,3.52768,21.7623
4.33598,3.43963,21.3003
2.56503,3.24416,16.7186
3.31147,3.67913,21.3704
4.44757,4.41771,33.7346
3.84203,5.30213,44.6109
2.705,4.37408,28.3267
6.06102,4.05777,35.9917
4.41077,2.7053,15.4619
4.90479,5.26389,47.7441
3.46332,3.95701,24.7552
3.09878,3.24028,17.3172
3.64033,4.24183,29.0385
5.44957,5.18497,49.4974
4.3181,4.3237,29.7323
3.41921,6.589,74.2659
5.3243,6.13238,67.9486
5.09666,3.09008,22.1963
3.46076,4.9076,37.7356
5.75047,4.91503,46.908
2.67342,5.87571,55.5255
3.73525,3.96836,25.7953
3.24787,4.27621,28.4734
4.65875,3.11349,18.9084
5.72043,1.1389,15.158
3.38651,2.75951,13.9344
3.21127,4.05509,26.248
3.85565,3.57268,22.6835
4.39845,4.28055,31.6336
3.4469,3.31812,19.1868
2.89564,4.82658,35.7758
4.01692,5.28037,46.3898
5.46559,4.03603,32.2291
4.10983,5.06958,41.0039
3.67169,3.0589,16.804
3.72043,4.49542,31.0211
3.95909,5.82049,57.8823
3.7551,6.06284,62.9791
5.68083,5.6756,62.4333
3.99175,3.09971,18.1152
4.73141,5.29667,48.1454
4.47103,5.60935,54.2439
4.52086,4.03415,27.6738
3.93176,3.2572,17.084
3.84746,3.61327,22.7696
2.887,3.99193,24.4323
2.967,4.06067,23.7141
4.17242,3.65932,23.3864
3.85838,2.6599,14.3704
5.35516,5.65956,58.7338
5.04616,2.586,18.1124
3.91237,4.56155,34.6653
3.24496,3.08041,14.9214
3.35091,3.97929,23.6686
3.98709,4.05559,28.0708
4.47725,3.19636,21.1822
2.47524,5.50762,49.0936
4.08221,4.99141,40.9878
4.11184,2.99497,16.6987
3.60198,3.14125,15.7369
3.07219,3.48177,18.4481
4.42567,3.48509,22.3622
5.22925,2.9592,20.7144
2.97545,2.48547,11.007
3.98983,3.18594,18.85
3.46621,3.69451,21.9625
2.00605,3.40394,18.165
4.11001,3.88753,24.5755
5.77309,3.72026,28.5121
3.80863,4.92151,39.0236
5.10089,6.01221,62.7512
4.61119,4.14873,30.6155
2.54786,4.9108,37.4402
3.70564,3.96167,25.178
1.38364,2.48095,10.47
2.65301,4.13075,26.8101
4.75492,3.27847,21.4757
3.80915,4.57433,31.9171
4.8914,3.15535,19.8664
4.80902,1.92624,12.3818
2.08674,5.79661,52.2287
4.47666,4.19363,30.3551
3.84753,4.23693,27.9856
3.39505,4.201,29.2893
5.38634,2.7552,20.159
3.7032,4.11745,27.971
3.6365,6.07369,62.3734
3.1282,5.4067,46.8287
4.28987,3.53028,23.8673
4.65573,5.16839,44.8649
3.57057,7.33988,95.0166
4.53168,3.11985,17.6234
3.55607,5.41309,47.1422
4.40052,3.76644,24.9042
2.57379,3.40185,17.358
2.9811,3.52236,18.1148
4.50743,4.00661,28.8831
4.7952,3.07978,20.7028
7.03887,5.53681,68.4704
5.12554,3.49678,24.8622
4.02899,3.36825,17.4334
4.85762,4.48926,34.6352
3.6042,4.72291,34.7479
3.55708,4.34349,27.9041
3.37071,6.02582,60.6774
3.60189,6.13816,61.674
3.65343,5.05263,39.9226
3.25009,5.08296,39.4331
3.38258,3.71134,21.6168
3.95509,4.76667,37.1491
4.11334,3.85081,24.6099
4.8124,3.99882,26.5628
5.02861,2.67134,18.6426
3.18446,5.04864,38.1392
4.6766,2.75461,18.0131
4.00304,4.59314,32.4946
1.99996,4.47125,30.1519
4.12058,3.73988,23.2655
3.53715,4.4201,30.6052
5.3359,3.89741,29.5911
4.24543,2.20066,13.207
4.76547,4.66376,38.0513
2.14304,3.98317,22.1973
2.4391,3.47255,18.0794
2.78851,2.8544,12.0765
4.45591,3.59702,22.9878
4.79795,4.57582,35.2713
3.33483,3.13653,16.9275
3.58045,3.66894,21.8831
4.15932,4.19032,27.8778
3.76797,3.62105,20.7754
4.62236,4.29643,32.3058
4.63427,4.18178,29.8244
3.61795,3.28058,18.117
3.61205,2.36027,12.135
1.89499,5.30982,41.1331
3.79128,4.94406,39.1146
3.80741,3.00973,16.3803
3.85801,5.40124,46.6401
3.96187,2.20247,13.2609
2.63805,4.87724,34.8623
3.56368,5.57758,51.2261
4.8708,3.10258,21.3479
5.00204,2.90385,18.7262
3.93039,4.40566,30.6291
2.86497,5.34783,46.2649
4.2085,2.55664,12.5292
4.88056,4.49842,35.3359
4.69315,4.8114,41.1128
4.23213,4.00302,28.922
3.19417,5.132,41.4503
3.21305,3.22906,16.1367
4.27428,4.49231,32.6642
4.24192,3.23818,19.0445
4.02024,3.96559,26.7778
3.06301,5.15088,41.4775
4.81428,2.80499,17.0846
4.5156,4.40922,33.6085
4.629,3.66032,24.8426
2.29628,5.22131,41.2804
5.68034,1.02158,15.8018
4.26832,2.45906,14.1626
2.94411,2.87322,14.1768
4.63415,3.55415,23.1508
4.76603,3.45999,24.686
4.05297,3.0887,18.2842
5.00425,5.13884,46.2941
2.89745,2.28463,10.3578
4.57759,3.42102,20.7819
4.38528,5.17078,43.4371
3.99833,3.44874,22.0529
2.94221,4.63661,32.7047
4.75684,2.36901,17.1166
5.01485,3.6887,25.8941
5.07198,5.81544,60.2485
3.32145,4.64067,33.1497
2.96917,3.46691,19.2286
5.34703,3.03729,22.8699
2.57131,2.42054,10.0423
5.3815,3.86987,29.5037
4.83192,3.90656,29.2289
4.58599,3.77521,24.8441
4.76684,4.253,31.3617
5.39079,2.79667,20.3974
3.17682,5.3746,45.244
4.76973,6.31185,70.7053
3.83534,4.44301,31.7612
3.28007,4.41565,30.122
4.34495,4.14883,29.1139
4.09943,4.14319,27.5055
3.73135,4.29578,30.7912
3.51869,4.93203,34.8302
4.78206,3.27919,22.2355
3.08985,5.80893,55.7694
4.21494,4.42078,31.4478
4.73728,4.66669,36.5912
3.16625,5.22574,41.9234
3.77616,2.38365,12.3409
2.23132,5.10225,40.3212
4.65976,4.75513,38.0351
3.83143,1.95377,11.3007
3.48542,3.5787,20.5634
2.20886,5.13393,39.4479
3.08983,3.05395,15.692
4.50862,4.20059,29.6777
3.31511,3.3295,18.5841
3.96234,3.363,18.9192
2.07425,2.56077,13.3183
3.65742,3.68889,22.3555
2.95187,4.64287,31.5711
2.38843,3.45394,17.1042
3.74128,3.21843,17.2973
4.42764,4.854,38.4833
3.0876,4.18635,24.8971
3.78523,4.49707,32.2442
4.44274,4.12374,27.5024
5.76179,4.5196,39.2806
3.85143,4.94093,40.3973
3.20705,4.40666,30.2323
5.18735,2.5933,19.4425
2.26674,4.17731,25.0215
4.82825,3.52587,23.5063
2.00257,2.46833,8.55876
4.30749,3.53805,21.3204
4.4644,3.1332,20.2588
5.11956,6.37192,75.0369
4.34907,3.3391,20.2803
2.16555,3.8922,22.4877
3.44136,3.04336,13.8634
5.18072,2.65946,17.827
4.77339,4.12717,28.6739
5.22626,4.53754,36.4695
5.14548,3.69357,28.3872
5.43304,4.5809,39.68
4.816,2.78529,17.085
3.04274,4.11211,25.8742
4.8054,2.56263,17.8567
6.19553,4.63525,43.3102
2.76281,4.90945,37.4137
4.40177,2.38787,14.401
2.72187,6.34799,67.8541
6.01079,6.51706,83.4674
2.39257,2.84347,10.8683
3.08166,3.82119,21.7943
4.78824,3.69807,23.5464
4.06707,2.74868,15.4851
4.33192,3.46044,21.3434
3.78524,3.69622,22.4575
4.73452,3.14342,19.6633
4.32698,3.96219,24.7969
3.13829,3.24338,16.8526
5.21827,3.19304,21.6549
2.0773,3.36412,16.3333
4.8052,3.12378,19.7302
4.74275,2.11722,13.0619
4.16236,3.33829,19.9105
3.47243,4.4691,31.0153
3.28411,4.43542,29.6026
3.72946,5.34511,47.4576
5.28187,3.87577,29.2483
3.6293,5.14319,40.5326
2.82474,4.62122,32.5095
4.28092,3.52621,20.8165
3.26496,5.24183,43.2432
5.46844,3.89642,30.0943
4.40653,3.6289,22.6434
4.1652,4.38254,31.9867
4.42627,5.60572,52.312
4.54377,2.44992,14.2298
3.56003,4.08287,25.6323
2.70186,4.05418,24.8198
4.04437,4.50473,32.5337
3.52328,5.62767,50.8533
3.08115,3.98764,24.3872
3.98943,4.73711,35.092
2.67339,4.20129,27.6455
2.82369,3.60078,19.0883
3.55425,3.95177,25.5721
5.59701,3.75385,28.3988
4.55157,4.0293,27.4415
5.977,3.80376,33.1163
2.64371,3.94161,23.6617
4.9955,4.29028,32.3424
4.47718,5.63984,53.7169
2.44326,4.93408,37.5243
2.88085,2.90207,13.9699
4.52992,3.87223,25.7737
4.36801,2.44985,15.3717
2.88702,4.25607,27.501
3.62272,4.86218,35.5994
4.74346,3.80781,25.9309
2.6927,3.97739,24.0354
4.82978,3.39848,22.4752
3.10084,3.1855,16.1318
3.81147,3.99588,24.8274
3.64979,1.86773,9.66264
2.66138,4.91199,38.4093
3.75479,5.10906,39.1918
5.74878,2.48614,19.2793
4.10876,4.34286,31.4181
5.17007,4.02561,32.8358
5.57941,3.57036,28.4624
3.01387,4.48758,30.6881
4.01413,2.40774,13.0012
4.80671,1.99546,13.6603
5.38955,2.55827,19.1705
5.02699,5.17859,47.4558
1.44125,3.2712,15.9528
3.86594,3.99316,26.2264
3.52371,3.38775,19.6296
3.12573,4.13484,25.8875
5.09664,3.9217,28.2335
5.24632,4.47877,38.6582
3.07128,3.38762,19.3613
3.54326,3.94412,24.7925
3.9128,3.1238,17.5434
2.5017,5.07931,40.7214
4.25718,2.90434,18.2888
2.31967,5.17445,41.1063
2.70722,3.29134,15.1307
3.71434,4.43988,30.2848
5.12678,2.11346,15.7955
3.10268,3.15253,16.3453
4.58737,3.81759,25.6766
3.76784,5.35079,46.7793
5.58083,1.92481,17.1657
5.2896,4.44335,36.1595
2.47437,4.86689,35.1084
3.74528,6.2522,66.8771
3.08052,6.85443,81.2274
5.64253,3.60548,30.0105
3.90544,6.11722,64.7533
3.80235,3.71581,22.7645
3.88096,3.87176,24.6132
4.34041,3.92776,27.5724
2.93152,3.34085,17.6133
3.88201,3.60498,21.7983
4.1426,4.59226,34.5283
4.04954,2.54027,14.7013
5.66867,3.33367,26.6355
2.8292,0.650655,5.37142
3.93314,4.20969,29.7553
3.32506,1.85961,9.68453
3.97204,3.87307,25.3161
3.31309,4.8155,36.4462
4.45431,4.56585,34.2518
3.48485,4.34591,31.3659
4.07509,4.66948,34.279
3.9675,1.70164,11.0247
3.11807,3.47477,18.3541
4.90825,3.18148,21.8532
2.3814,4.3858,29.8068
4.90801,4.95862,42.0521
3.56596,6.41702,71.6486
5.94137,5.94936,66.9718
4.55429,4.19834,29.2616
5.29639,4.39603,36.2437
3.2708,2.98512,14.712
2.21903,4.94705,35.8729
3.51115,5.25446,43.0852
5.90339,5.0908,50.7447
3.02106,4.07378,25.7493
4.16529,3.04345,18.247
5.90766,2.63477,22.0644
4.29275,2.60756,15.1199
4.74565,4.86324,40.3084
4.19179,3.28136,20.3901
4.24626,3.92427,25.1365
3.16462,4.76283,33.8283
4.79535,3.57781,23.9148
3.69428,3.24837,16.4346
3.46654,3.48638,17.6442
4.50365,2.45546,15.4543
6.03311,3.74754,33.0394
3.75582,5.43786,48.4019
4.92547,3.47284,24.3867
2.66853,4.08178,22.0635
3.3111,3.94446,25.0868
3.97086,4.23886,28.7005
4.22596,4.8975,37.656
5.14432,2.68396,17.2369
5.20933,3.87528,27.9095
3.99864,2.61815,15.8365
3.61178,2.68041,11.4261
4.88786,4.33551,34.2616
5.14033,4.01816,31.2954
5.66921,4.0185,31.0741
5.44562,5.57335,58.6778
2.99625,4.14089,25.3936
4.50303,3.39909,21.7269
4.01526,4.47856,33.6296
4.4967,3.91086,26.6423
1.70673,5.78384,52.868
4.55084,5.73269,56.9015
3.80144,3.88859,25.0309
3.44798,4.10706,27.1441
4.48897,3.14618,18.7869
2.63562,4.99588,38.4559
4.71086,4.54986,37.016
2.90658,4.3671,28.4901
3.67456,5.39235,46.0574
4.13129,4.93846,40.0197
3.42107,4.81082,37.0732
4.45496,1.04287,9.82766
5.10577,3.47869,24.2614
2.45277,2.24702,9.23269
4.45985,2.91228,17.085
5.18958,3.61236,25.5683
5.02611,3.42408,21.7681
6.33749,3.59077,30.9371
3.97033,4.68502,35.6231
3.29256,4.27504,27.4377
2.20264,2.83444,12.6097
3.79012,4.02097,26.8113
2.59474,3.35988,15.7621
4.44099,4.3771,32.4316
4.10571,3.37107,20.3022
3.75676,4.92391,39.4636
4.57671,4.43922,34.4475
4.90897,4.82195,38.7937
3.23958,2.82557,12.5812
4.36205,4.74287,37.8568
4.09182,3.23507,18.99
2.32208,2.46131,9.40339
5.4074,3.59241,28.3238
3.37968,5.19021,44.1512
3.51654,3.75807,22.6871
4.4873,2.40297,12.2674
4.4539,3.68224,23.5604
5.47445,5.00551,46.2352
5.1237,4.18421,30.7284
4.92683,3.12081,21.5431
4.21814,4.31053,30.1948
3.30742,3.8325,21.9813
4.12752,3.72913,22.1371
3.85134,3.28776,18.8959
3.5023,2.63266,10.6514
4.1232,4.93247,39.6945
3.37194,5.48989,46.0346
3.28233,3.05157,13.5516
3.30729,3.84804,21.8523
4.84033,4.36894,34.7166
5.57061,3.24886,23.6593
4.52147,3.88661,25.5343
4.69859,1.94822,13.3794
3.1757,3.56151,19.5854
4.6498,3.54325,23.6045
3.75753,2.77171,15.9974
4.46437,3.49899,22.5196
1.18839,3.61212,20.587
3.33368,5.44736,50.3917
3.7775,3.40384,19.4345
3.52367,3.68685,22.2549
4.12384,3.518,21.4378
4.04873,3.64898,20.7481
4.39758,3.43633,21.2514
3.22908,5.99305,59.159
2.67125,3.84582,20.935
4.95006,4.49631,35.1153
3.64743,5.77199,54.5538
3.61809,4.22905,28.419
4.7468,3.6345,24.6116
4.46955,3.28967,21.8272
4.55879,2.79247,16.2956
2.90422,3.9617,23.725
4.82749,3.48903,23.8979
4.09384,5.13323,42.3473
4.49844,3.92,26.3693
3.43768,2.57904,13.8044
3.79039,3.80375,24.1496
3.54031,2.37226,12.0215
4.00476,3.85556,25.2759
5.87745,2.18913,18.6682
2.25648,4.43951,28.7888
1.84048,5.33846,43.5695
3.21038,4.05218,25.3018
4.62175,4.5122,35.1654
4.6152,3.62805,22.7256
3.5802,4.03486,24.7434
4.78595,2.68252,19.5036
4.56049,3.51269,22.2042
4.56382,4.6612,37.4189
4.65221,4.15445,28.3995
4.14913,3.99115,26.4637
2.0087,1.56436,4.84383
2.82924,2.56775,8.90374
4.91103,3.01822,19.14
3.79242,3.58891,19.8294
3.47868,4.00412,27.1513
5.61557,3.70472,30.6318
4.16814,3.03838,16.9853
3.84057,3.38136,19.1678
2.91272,2.98998,13.7071
3.54116,4.93798,39.1782
4.87476,3.94862,27.2485
4.59455,4.44539,33.2048
2.61551,5.49612,45.9007
3.39463,4.07368,26.6107
5.95297,4.92174,47.6359
4.06115,4.76174,36.0576
5.12291,3.44574,23.5128
4.28001,3.78076,23.4097
4.07638,3.82313,25.3345
3.40902,4.72212,34.3898
4.19297,3.01149,17.1516
5.9366,3.9218,34.9608
1.67236,3.04986,11.6373
2.8388,4.47434,29.1008
3.2754,0.795561,7.48298
4.83058,3.94831,30.3649
1.81397,2.9274,13.1232
3.92006,4.50074,32.4912
4.12034,3.19204,19.7946
3.8568,4.05453,25.2963
3.98003,4.13601,27.1359
4.42217,3.17462,19.7162
5.47326,4.6594,40.3388
4.15856,3.29247,20.1174
2.21035,4.72874,33.3947
5.77188,3.69855,29.7298
4.00614,3.78782,22.6201
2.78122,3.86529,24.1768
3.40073,5.02342,40.0174
2.46497,3.02002,13.9458
2.49845,4.17617,25.1929
1.92759,5.598,49.1876
4.18049,3.58158,22.803
4.99501,4.57165,38.4504
3.91276,4.89321,37.6965
2.21849,2.96411,12.6073
2.94067,4.77539,33.6842
3.94539,4.66529,34.9704
5.73518,4.26829,37.9501
5.17618,5.64801,56.6479
3.80524,4.26199,27.6574
4.51794,3.75371,24.1793
4.32501,3.32966,19.4459
3.13818,3.23197,15.4288
4.00825,2.64987,17.0084
4.05494,4.03677,27.9208
6.23751,4.75447,47.0662
3.58555,4.53124,31.6999
4.00875,2.87647,15.6407
3.97931,5.49472,50.612
4.49327,4.38538,32.7067
3.11701,2.10422,8.60452
4.68218,4.36673,32.4983
5.56136,4.5392,40.7291
2.31563,4.73902,32.6612
5.07687,2.49932,16.1297
3.71649,2.05647,10.1802
3.20053,2.82292,14.93
3.17722,4.25315,28.265
3.74591,4.43667,30.3413
3.34487,3.74694,20.8506
4.47456,5.60347,55.2604
4.21808,3.87158,25.112
4.5848,4.38055,33.0807
4.25481,5.09077,41.5778
5.08128,4.22929,32.7497
4.93283,3.65871,26.8621
4.83301,3.96762,28.332
4.25289,3.59122,22.0045
3.3867,3.18181,15.696
2.87644,3.96455,24.0653
4.23839,5.7613,57.1948
4.64544,2.41927,15.045
3.73061,2.81228,14.8812
2.76609,5.26877,42.9045
3.35632,4.21138,28.2148
2.49681,4.76321,32.0341
4.96293,2.74798,17.9448
3.18859,3.25002,16.8391
4.5495,3.61083,26.0904
3.70524,2.29273,10.4692
3.47124,3.21053,16.853
2.99326,4.65467,34.1177
4.29439,2.85979,16.964
2.64884,5.008,37.5094
3.91592,4.88402,40.7926
4.80758,5.43207,50.6257
4.39061,2.57654,14.8086
2.20352,2.65712,10.4527
4.29792,5.47176,51.1336
3.23496,4.8917,38.3203
