3
5.5461,3.20009,309.83
4.12898,4.15069,536.193
3.98179,4.71419,831.099
2.95302,3.20245,210.51
3.00473,6.14424,2244.52
4.92972,6.55045,2967.36
3.64738,4.37567,627.052
4.30504,6.20589,2376.05
3.84013,5.02268,1044.28
3.84951,5.47781,1448.45
4.2954,5.86367,1902.35
2.80498,4.05746,459.518
3.6236,4.05638,481.561
3.03365,2.6912,130.08
5.07104,5.14868,1196.02
3.69549,2.44295,121.265
4.27326,4.04589,497.384
2.59167,5.03084,1019.13
2.88794,5.59711,1550.26
3.08591,3.1811,210.291
3.34634,4.12254,500.547
4.25553,2.78914,180.01
4.12142,5.5045,1488.03
5.31614,3.5279,374.306
3.99796,4.56944,743.338
4.54614,5.5861,1591.46
4.15916,3.61927,349.356
3.83387,1.91514,87.2365
3.76878,4.4035,644.163
2.18001,5.53544,1470.47
3.90815,2.7689,163.98
4.3116,4.79524,895.791
4.01206,2.96337,195.688
3.31373,2.40433,106.508
4.82425,4.13328,557.731
4.03141,3.12719,226.514
3.10198,4.74169,824.102
5.56623,3.46421,371.993
5.20969,2.80004,222.067
2.9778,4.07079,469.492
4.92285,3.43276,328.744
3.74891,2.90188,178.145
1.64522,4.16569,490.116
6.52573,2.37547,258.861
3.81398,4.00938,466.359
2.3231,5.87858,1868.75
2.77826,3.65946,320.019
3.83133,5.15913,1154.14
3.83238,4.9731,1007.66
4.19827,4.4434,680.405
4.88255,3.77268,426.64
3.89004,3.65245,349.289
5.15433,2.92326,240.42
4.40415,3.78882,408
3.76352,4.08042,495.957
3.62243,4.54265,716.864
3.09228,3.92756,415.812
2.95405,3.87639,394.646
5.0681,3.67168,402.729
3.47045,3.41442,271.102
4.98315,3.54714,362.876
4.1095,4.08204,507.497
3.27432,2.08412,81.517
5.5183,3.10549,289.091
2.11013,2.55545,98.3416
4.81063,2.96579,228.372
5.64429,4.39377,724.822
4.49133,3.89487,449.132
4.10401,2.99867,205.963
3.66388,3.35163,262.096
4.48491,3.6461,367.742
4.8393,3.6253,377.44
3.56931,5.96793,2013.13
5.65615,5.43117,1484.14
4.41142,5.92744,1989.07
3.31859,3.0397,188.266
5.05976,3.99097,511.825
3.39659,3.66151,334.564
4.32719,5.93223,1990.58
5.12763,4.75549,906.561
3.78478,6.39532,2657.15
4.80872,2.75098,199.283
2.72184,2.32537,86.098
4.69903,4.26585,611.781
5.24203,3.64135,403.244
3.67883,3.72115,361.386
3.83371,4.78791,877.845
2.93124,3.19448,208.67
4.8525,4.84769,954.763
4.68546,5.62172,1635.3
5.41587,4.45109,739.094
4.76117,3.721,402.93
2.52679,4.98869,986.121
3.00331,6.94934,3688.42
0.754354,4.24309,516.891
3.59486,4.79165,868.86
5.00221,4.54298,769.491
2.76717,4.59641,726.616
3.86597,3.5814,326.012
4.27675,5.5487,1537.72
3.22342,1.68149,60.3169
3.2115,4.39714,626.981
3.52189,2.15699,94.3646
2.59786,3.47591,264.593
5.93907,4.84416,1012.58
5.37436,4.61656,830.231
5.68109,4.59945,840.571
3.37701,4.96202,984.154
4.74464,3.27258,284.558
3.74368,3.25345,242.657
2.876,2.64607,120.961
6.06438,2.2639,216.678
3.14651,3.49751,284.05
6.03738,2.91468,287.166
4.82451,2.85955,214.149
3.46546,3.53096,299.888
4.10154,3.68152,364.305
5.52616,3.25844,320.136
4.84795,3.86531,455.086
3.62739,4.47229,675.83
3.22257,4.3904,624.448
3.35195,4.415,638.039
3.33786,2.93829,174.232
5.61759,3.227,319.222
4.55046,3.56362,347.493
3.12849,3.98603,438.099
3.37042,2.94924,176.564
5.16712,4.49117,749.868
3.67504,4.02166,468.54
5.17745,3.6075,390.003
5.35287,4.65547,854.999
4.32712,3.74532,392.023
4.20229,6.69951,3214.52
4.04411,2.50087,136.868
4.85113,2.41051,162.954
3.96037,5.42101,1399.8
4.41667,4.98866,1038.9
3.06602,4.11863,491.565
2.4224,3.59848,297.2
3.55931,4.81002,880.526
3.77304,2.71318,154.583
3.78629,4.23532,563.931
4.75181,4.62354,803.926
5.55666,4.64051,856.559
5.45287,3.40801,349.306
2.30038,3.11429,180.21
3.45767,4.73151,826.16
3.86249,3.98893,461.535
2.8427,5.34208,1290.45
3.57116,4.13455,511.261
2.76778,5.41095,1356.59
1.52179,3.48216,254.458
2.97121,4.61108,738.896
3.41352,3.01534,187.583
5.78581,3.87262,506.813
3.38683,4.61076,748.648
5.19766,1.54139,129.196
4.96764,2.82179,214.063
4.64133,4.92797,1002.43
4.66243,3.55734,350.411
3.61301,4.86481,920.834
4.16819,5.00343,1040.55
5.00729,4.01349,518.869
1.62178,3.86145,369.897
3.43546,4.33439,597.993
3.58251,4.23201,555.54
3.03658,2.53739,114.531
4.02762,5.31839,1301.49
4.84557,4.65325,828.038
3.60807,4.14733,517.096
4.91834,3.36588,314.377
4.24135,4.38092,649.841
4.7219,2.81108,201.905
2.99241,3.82873,380.932
2.71797,4.28606,558.07
4.43779,4.77467,887.696
5.75176,2.41039,210.688
3.07965,3.69606,338.893
5.90065,5.26585,1346.66
2.84482,6.10271,2179.9
4.0128,2.62469,149.983
2.79329,6.15745,2262.13
3.55022,3.90534,421.905
4.89389,4.32725,650.37
5.27151,3.59708,391.035
4.3583,3.44213,308.653
4.15089,6.70614,3225.46
3.22797,4.20003,531.659
4.1043,3.39215,287.805
4.83158,4.10896,548.028
3.482,3.46069,283.053
4.56334,3.5455,343.595
4.39159,3.83962,423.963
4.26519,4.23277,577.499
4.17154,2.78121,175.667
3.35708,3.14087,208.344
4.52702,3.53264,338.646
4.44185,4.63069,795.747
3.94022,3.7894,391.705
5.24471,3.67717,413.738
4.24401,3.26169,262.33
3.70227,3.79292,388.153
4.52197,4.9513,1016.31
3.77174,3.54763,312.755
5.36594,3.19964,298.292
2.15308,3.89386,386.97
2.28645,3.84082,369.366
6.66808,4.06699,642.262
3.54047,3.03167,194.462
4.04025,4.58427,754.014
2.82384,4.01609,443.985
4.37807,6.15524,2304.74
3.40142,4.29753,583.383
4.19277,6.58984,3009.53
4.89863,4.30315,638.31
3.01321,2.75077,137.199
4.30401,3.41828,298.511
2.30433,3.7144,330.261
4.49575,6.6805,3189.4
2.31265,3.28998,215.54
3.269,3.77278,368.409
4.91975,5.80752,1863.31
4.14596,3.05732,217.366
5.27207,4.86014,982.467
3.68007,5.10657,1105.42
4.92346,3.65491,390.363
4.80375,4.12906,557.209
4.28119,2.84086,189.586
3.17031,5.41279,1366.95
6.06809,2.33344,222.2
2.01592,4.96694,960.657
1.78219,3.25272,202.316
1.57674,3.11557,173.13
3.78854,4.3504,618.768
4.71948,4.79648,914.419
4.34511,2.08883,115.463
2.1659,3.41442,243.167
3.3939,3.94149,429.531
3.1528,3.67806,335.65
2.57509,2.88556,147.229
4.27734,5.09912,1121.74
4.31398,2.51234,149.114
4.17957,3.62607,350.802
3.81158,2.77492,162.565
3.94041,4.08308,500.065
4.95657,3.20807,280.86
3.97033,5.32541,1304.53
4.92356,3.89209,469.104
3.99701,3.74725,380.572
5.09842,5.10167,1159.72
4.11048,2.66308,158.482
2.07052,3.70184,321.463
4.66605,4.15556,562.415
2.93124,4.49494,670.183
4.86722,4.04934,524.255
4.6304,3.96689,483.966
4.03159,3.80411,400.055
5.55812,5.00364,1105.31
3.19413,3.0266,183.434
2.90954,5.01624,1015.05
2.46264,4.86865,896.973
4.75683,2.27529,147.242
3.09124,2.98923,175.218
4.58061,3.97622,482.791
3.57729,4.1525,520.165
4.11503,2.70782,164.931
3.83737,3.68314,356.877
4.78039,5.28185,1298.43
3.93696,4.30905,602.001
1.67515,5.09352,1055.95
3.97484,5.0581,1076.61
4.46984,3.95927,472.035
3.47564,5.22615,1199.72
5.03106,4.05591,535.898
3.92714,2.87657,180.486
3.76685,4.80166,881.757
2.55257,2.90795,150.368
5.21183,3.87809,477.587
3.84577,4.28084,586.957
5.55261,3.55845,396.343
3.85361,4.09606,503.825
4.175,2.65153,158.256
3.1388,5.24917,1213.71
6.23805,4.61964,888.932
3.02924,3.5,280.386
3.1384,5.55146,1506.82
6.33175,4.34369,740.92
4.34579,5.56248,1555.94
3.75023,4.58094,742.048
2.14562,3.41939,244.263
3.48558,1.63668,63.9499
4.05404,4.78195,877.426
3.70705,4.72015,825.598
4.96549,3.61687,382.414
2.27361,5.27615,1218.97
3.95456,3.30372,260.15
3.54561,3.74076,364.994
4.24923,5.01078,1049.99
4.80946,5.31851,1332.34
4.4402,4.26545,601.769
3.34227,6.94169,3681.72
2.89706,5.07107,1058.52
3.18787,2.80028,149.406
5.00824,5.08682,1141.49
4.79258,2.8223,206.58
5.49976,3.09723,287.854
4.63252,5.31271,1319.09
2.18923,3.5068,267.608
5.21221,3.86302,471.651
3.07053,2.68662,129.447
5.27523,5.34255,1378.12
3.25665,3.23652,223.499
2.88122,2.77064,137.111
2.28398,4.74106,806.924
4.73046,5.26807,1283.58
3.34133,3.63336,325.511
4.76769,3.2461,281.519
4.96255,2.3507,162.02
3.65901,4.75391,845.857
3.72764,3.76283,376.59
4.80548,3.38048,311.254
4.29123,5.55157,1542.51
5.1512,5.0883,1149.59
3.57265,3.44991,283.424
4.33628,5.10316,1124.38
5.3596,3.9146,497.33
4.15397,3.07258,220.824
5.07066,5.10816,1162.38
4.49208,3.56126,345.103
3.27342,1.22142,48.7795
6.00181,4.63953,883.965
2.60964,3.89094,392.812
2.87161,3.21949,211.372
5.88535,3.21924,335.822
3.85043,4.28124,586.773
3.89399,4.54724,728.344
5.86278,3.71182,457.991
5.79248,1.85572,176.283
2.75913,5.12674,1100.11
4.27487,3.88881,438.392
2.81819,3.51345,280.316
4.36367,3.04528,223.293
5.36755,3.67973,420.197
3.48376,5.41309,1372.67
4.41492,4.31562,624.501
2.45053,2.61959,111.414
3.42589,3.04532,191.576
3.60895,3.09266,206.729
4.06989,4.49812,704.757
4.40648,2.69449,173.959
4.63967,4.84248,941.702
3.1924,3.46283,275.105
4.85447,4.55686,769.287
2.68314,3.91392,403.539
3.48837,4.55771,720.739
5.89087,4.62428,865.36
4.37158,4.55933,751.404
4.66054,1.31238,97.9135
5.55204,5.14108,1215.62
3.47117,3.27261,238.03
4.66381,5.65524,1671.24
3.54806,2.40443,114.255
3.91023,3.53201,315.078
3.65059,5.67231,1654.12
4.26934,5.0177,1055.08
1.80529,4.63193,732.341
3.15552,3.52253,290.026
5.11161,3.81423,449.956
3.63132,4.24935,562.923
3.35513,4.39149,627.099
4.69136,3.7943,423.841
3.27685,4.28177,571.407
4.10268,4.2738,591.362
4.42363,4.81829,916.306
4.14916,5.23906,1233.04
4.00007,3.7163,370.549
1.24711,4.02812,429.358
4.2838,3.13574,236.31
3.96904,3.45887,298.582
4.60483,4.53254,744.512
4.04209,4.6032,764.597
3.72745,5.08133,1085.7
5.40269,3.40874,349.034
1.4068,4.08027,450.923
4.29805,3.87548,433.683
3.25417,4.69447,796.383
5.25044,5.10668,1170.59
4.36092,3.27326,269.185
4.37224,3.61903,355.679
5.44365,4.32731,678.755
5.36834,5.24435,1293.62
4.66207,3.94816,475.371
3.67001,5.16665,1154.58
2.99673,4.12736,495.041
5.10961,5.41907,1443.66
3.03803,3.64387,321.82
3.61436,2.83016,164.093
5.49997,5.17434,1239.3
5.672,2.78199,246.165
5.34282,4.24876,634.889
2.96287,4.28476,565.033
5.07378,4.43949,714.925
3.21109,4.60674,740.999
4.63711,2.9053,210.584
3.74869,4.87006,926.581
5.09124,3.99895,517.019
3.5189,3.10329,205.641
2.63193,4.80718,856.192
4.7991,4.63694,814.809
4.4853,5.04797,1087.01
3.31416,1.85055,67.9715
3.83489,4.16314,531.548
4.10496,4.89982,960.608
4.75797,3.6839,392.129
2.88769,5.10671,1087.21
3.13665,6.29648,2480.89
3.34138,3.04596,189.795
4.40399,4.56476,754.597
3.12916,4.13028,497.419
1.44415,5.07154,1034.55
4.99449,3.49178,348.031
4.11869,3.62214,347.982
4.08105,4.7289,843.134
3.93484,4.54297,730.378
4.28641,4.35506,638.413
5.55933,2.87659,254.104
3.56424,5.60291,1571.79
3.57261,1.9551,80.6235
2.81331,4.27845,557.528
3.30288,5.04918,1049.73
4.30821,2.78766,180.595
4.10945,5.31791,1304.02
3.60942,3.9752,445.97
3.73567,3.49303,298.916
5.21525,3.4669,351.73
4.43816,3.90205,450.048
3.66997,3.11723,212.608
3.99871,3.56862,327.694
2.33194,5.82819,1809.82
4.18364,2.37702,129.835
4.37106,4.60377,775.553
3.86848,3.38762,276.537
3.42504,3.81489,384.993
5.4356,3.03327,272.931
3.41306,3.08561,200.201
4.07045,2.57959,146.543
2.03717,4.01548,430.476
5.05794,3.67268,401.406
3.16576,5.6265,1591.46
5.88616,2.23119,204.283
5.32569,5.06162,1136.7
3.82311,4.5098,701.768
5.59239,3.9071,510.307
3.98242,3.90982,435.995
4.09649,4.71089,832
5.32555,4.35895,688.463
2.65408,4.09213,473.108
3.18634,3.4957,283.317
5.09859,3.8933,477.666
1.84541,1.55087,31.2133
3.91925,3.13023,222.282
3.74763,4.64836,783.294
2.97466,4.62069,744.613
5.92872,3.93782,540.071
3.34729,4.04683,468.693
2.59575,4.98315,982.014
4.88541,3.82446,443.532
4.78196,3.31409,293.524
4.619,5.72635,1749.83
5.7443,3.90139,514.539
5.15544,2.19817,159.71
4.20377,4.13841,534.767
3.33515,3.88007,408.841
4.63938,4.74692,877.261
3.65547,3.45968,289.581
5.28659,2.90194,244.52
4.58923,4.51303,735.357
4.8403,4.46553,720.134
3.83415,3.51685,309.034
5.69602,2.63295,230.288
3.65171,3.49867,298.705
4.12014,5.43104,1410.74
4.01736,5.0139,1043.34
3.66501,3.86748,410.362
5.23675,2.48375,189.961
1.81884,2.37626,75.3492
3.50096,5.00296,1018.01
3.40095,4.53145,704.347
3.8681,3.64863,346.583
3.83324,3.29197,251.299
3.6998,3.60094,327.297
3.13886,3.96784,432.568
5.20741,3.11785,276.473
3.28268,2.76139,145.755
4.47055,5.23432,1242.69
3.81938,7.04231,3914.2
4.7344,3.88569,455.708
4.95076,4.08145,539.417
4.93823,3.664,395.586
4.30111,5.43138,1418.94
2.32438,3.88975,387.841
4.51999,3.85668,436.886
3.84265,3.49237,302.392
1.63899,3.94842,400.963
2.91551,3.19907,208.149
6.31055,3.40099,402.842
3.03017,4.79091,855.144
3.78026,3.78651,387.049
3.93401,5.28718,1270.76
4.24534,3.99205,476.296
4.49581,4.39494,667.303
4.17452,4.80785,899.851
3.69894,4.82283,892.987
4.74247,4.75014,884.444
2.11185,2.93867,150.88
5.40795,5.96395,2085.46
2.78796,4.8204,870.103
5.30597,4.80995,950.589
3.76182,3.77312,380.688
4.15277,3.49067,313.225
2.89726,4.47296,656.451
1.96043,5.91073,1907.65
3.50092,2.5,121.253
4.65704,3.53185,342.898
3.39024,4.67717,788.866
4.14225,4.74163,854.225
2.59065,3.30061,222.924
4.8383,5.06935,1119.6
4.90805,4.23492,605.249
5.32362,4.69468,876.985
4.00742,4.06643,496.82
3.10103,3.70731,341.328
3.80231,4.86518,925.905
6.10461,4.72725,945.488
2.869,3.99333,436.011
3.21311,5.12274,1106
3.8745,2.32752,115.873
3.87785,3.27497,251.004
3.8658,3.03826,204.832
4.24231,4.26756,593.951
1.78319,3.05432,161.811
4.55815,2.48226,154.207
4.83624,4.48783,732.638
2.89354,3.57066,297.619
4.6121,3.81745,429.626
3.60949,4.48658,682.973
4.73619,5.37131,1377.76
3.28502,4.64127,762.642
5.9981,3.89442,526.748
2.63332,2.77225,134.083
2.6709,4.29726,565.225
2.94127,2.7695,136.987
3.48018,3.6683,339.626
4.29913,4.86841,946.056
3.35519,5.12032,1106.64
3.82498,3.86366,413.449
3.99152,2.30738,116.776
5.4731,2.75093,232
3.70139,4.22717,555.089
2.24923,3.22666,203.921
2.40171,4.85467,885.463
3.76192,3.73511,367.33
5.48864,4.96332,1071.26
2.31642,3.22794,202.543
3.9376,4.89765,953.358
3.28774,3.33628,247.486
3.52792,2.9675,182.568
3.43801,4.47443,673.541
4.54706,4.58517,775.618
3.45203,3.75031,366.6
4.70779,4.52747,748.968
3.25576,3.03085,186.399
3.36627,3.45464,280.454
3.24673,4.57446,722.871
4.07516,5.00862,1040.59
4.7671,3.97528,490.589
4.41945,4.42644,677.978
3.17281,3.98851,441.766
5.50119,4.85742,995.215
4.6349,4.94,1011.64
2.54454,4.74466,814.224
3.66242,5.55881,1528.19
5.26346,4.76749,921.725
4.24543,4.06879,507.007
3.66365,3.65987,342.69
5.34941,5.43813,1475.92
3.06681,4.86319,907.443
4.3606,6.10621,2232.05
3.30359,4.00244,449.335
4.26577,2.7442,175.32
4.33483,3.55634,337.945
2.75037,5.24941,1203.03
3.59358,3.76092,372.194
3.7524,0.220125,54.7239
3.26322,2.66481,132.182
3.47549,4.99351,1009.87
2.20459,4.5615,695.31
2.1538,4.1135,471.617
1.12895,2.9756,143.67
4.81354,4.37706,672.366
5.03159,3.77604,432.129
5.12978,6.04446,2179.89
4.27603,3.19831,249.363
5.79142,4.04773,573.526
2.19039,6.56921,2922.45
5.14159,2.1762,158.519
5.68502,4.30436,681.557
4.9204,5.38093,1394.96
4.25011,6.67425,3167.44
3.94683,4.2196,561.332
6.47688,3.55307,452.796
4.79186,3.30683,294.113
2.86339,5.38063,1327.19
2.25263,5.57916,1518.89
3.98055,4.54596,730.568
4.74381,4.92498,1005.15
4.08142,5.01042,1043.44
4.74815,5.02393,1079.09
1.47448,5.57885,1509.97
2.23842,4.8873,904.608
4.05566,4.66467,801.677
4.09402,4.26546,586.258
3.02516,2.56871,114.907
2.67733,3.6433,313.698
3.88374,4.03279,477.18
3.75581,2.0291,90.3042
4.22057,2.06983,107.325
4.48544,4.54431,747.79
3.46966,5.69454,1674.37
2.92388,3.10595,191.871
2.98283,2.73147,134.699
3.00929,3.85077,386.487
3.96137,3.79747,396.452
2.96181,2.8589,153.177
4.83049,4.19444,585.335
2.37612,5.64469,1591.39
4.61817,4.01302,499.043
3.97111,2.8851,183.41
4.5089,5.50272,1503.55
3.96601,3.74814,379.267
2.50319,4.07046,461.222
1.72537,5.20216,1148.21
3.99482,4.03414,484.339
5.04133,4.91011,1007.95
5.08332,4.43553,713.77
4.85486,3.42111,324.277
5.14421,4.93966,1035.47
4.56102,2.82426,196.253
3.67516,2.78361,159.386
5.7591,3.69221,448.069
4.03163,1.92857,94.2476
3.57351,5.10851,1103.9
3.11405,4.68026,784.584
4.13344,4.86498,938.815
2.29811,1.44287,35.1118
2.21373,2.90003,145.94
3.64508,4.10904,502.093
4.63398,5.5597,1564.35
2.15924,3.17347,190.963
3.58586,4.2898,582.572
1.18178,5.04247,1010.77
1.69725,4.28074,542.298
4.49458,3.30774,280.786
3.36348,1.66604,62.427
2.58421,4.34865,589.17
3.14268,4.34576,597.891
3.44559,5.0398,1045.78
3.24079,5.86968,1875.65
5.04459,4.86102,973.537
3.90664,5.60616,1588.19
1.16785,3.71844,317.533
5.2132,3.69378,414.887
4.70583,3.88494,454.553
3.80121,4.79015,874.221
4.56537,3.61324,362.976
3.34544,3.62865,323.846
4.69347,3.63399,372.733
4.27045,6.1013,2222.05
2.58689,5.7239,1685.05
5.14781,5.6602,1699.03
5.57191,3.85498,490.932
3.64354,6.15398,2274.81
5.32006,4.01395,533.654
5.07673,3.4828,348.97
3.52613,4.14739,514.8
4.24225,4.0493,496.893
3.85969,5.58696,1566.81
3.40019,2.99286,182.912
4.92219,3.70825,407.531
3.3742,4.52943,701.525
2.65466,4.67679,770.773
5.15949,4.71551,881.702
3.81486,5.35902,1332.46
5.12749,3.65964,400.829
4.1574,4.73049,847.32
5.81925,3.17686,320.938
2.26034,2.43413,88.1625
6.43244,3.52106,442.58
2.96133,3.71797,342.601
5.05586,3.1526,275.213
3.435,6.42764,2701.09
5.25554,3.42078,342.736
5.26487,4.24819,630.1
4.06158,3.13691,230.094
5.4011,3.24896,311.268
4.58519,3.93265,466.605
4.51482,4.84993,943.214
6.12981,4.50412,812.663
5.12549,3.36481,323.26
2.73766,4.83098,875.443
5.35112,2.44454,190.153
3.59186,3.80311,387.135
3.39669,2.45471,111.747
3.6141,2.07396,88.7226
2.86962,3.20581,208.444
4.21186,3.90749,442.59
4.3802,4.55231,748.378
4.36737,4.64716,803.74
2.71133,4.53516,689.742
4.83032,3.07369,249.607
1.89794,5.81334,1784.33
6.30766,3.7613,506.333
5.17057,4.1461,580.234
2.84588,2.26021,82.6959
1.5667,5.98748,2001.43
5.42755,3.34818,336.544
4.20738,2.36307,131.56
6.24012,2.09638,217.189
4.44422,4.43653,685.978
3.53359,2.59209,131.271
4.61919,4.96312,1029.63
3.43947,2.49175,116.897
4.98083,5.71713,1756.42
4.71359,4.30035,630.129
4.05658,1.23894,72.6664
4.95137,3.82901,445.939
4.00576,5.80411,1820.78
3.09589,2.95409,167.603
3.09607,3.65926,327.979
3.72483,5.03995,1052.82
3.68183,2.93794,183.795
3.31029,4.20943,536.876
3.25808,4.03794,463.173
4.87497,1.8886,126.053
3.61285,2.94559,183.005
3.26676,4.30351,579.434
3.58514,4.97437,998.136
5.38367,4.49477,761.432
6.02946,4.89939,1056.37
4.49284,2.70542,179.058
4.00531,3.09187,218.206
4.44611,2.67272,172.98
4.45425,3.66265,371.478
4.62202,3.40883,310.286
3.45899,3.42878,274.548
2.02663,4.83914,869.037
3.46185,2.43727,113.625
3.67324,4.96167,994.251
5.18353,3.76609,437.631
5.55049,4.10734,585.085
4.07852,2.14028,107.958
5.73397,3.69164,444.899
3.1694,3.41842,263.27
4.95116,3.02204,247.75
2.90326,4.8685,905.899
4.13532,4.00639,476.508
4.56043,3.45292,319.419
3.54865,3.39121,267.182
3.06859,3.56566,301.054
4.76954,1.53692,109.1
4.3877,3.26103,265.961
4.31161,3.90141,443.708
5.03244,4.85119,966.544
4.64239,2.02132,124.04
3.48053,4.14517,513.332
4.71378,3.39304,311.944
3.6616,3.61662,329.823
3.10696,2.45915,106.901
2.46837,4.61024,727.562
4.28517,4.1302,533.836
3.13949,4.55204,709.687
3.98965,3.90716,436.467
4.96413,4.71174,869.775
5.56715,4.58075,821.855
6.64264,5.19133,1329.15
3.52215,2.67073,140.69
4.73177,3.43317,322.155
3.24379,3.3455,249.024
4.54945,4.65976,818.429
2.59113,3.25559,214.998
2.9293,2.96277,167.791
3.15132,3.95903,431.248
3.06641,6.24334,2395.04
3.03768,3.17271,206.277
3.969,3.77345,388.863
4.16746,5.13401,1143.77
4.22379,4.07412,509.265
2.68211,2.70864,125.681
5.16668,4.4019,700.77
2.592,4.90513,924.589
4.94103,3.85367,454.136
4.53704,4.565,762.221
3.76319,4.66008,789.807
5.87983,3.96111,544.649
3.75515,2.7777,162.408
5.75594,3.33395,350.814
4.80816,3.64442,381.724
4.38719,4.22936,581.097
3.43138,5.50185,1460.56
3.58988,4.46248,669.904
3.78034,3.38308,273.882
4.7959,4.02798,513.119
2.2358,3.64973,309.025
4.87745,4.24941,612.524
2.66427,4.71323,796.359
5.18259,2.08342,151.024
2.57833,4.45632,642.7
4.62913,7.57233,5296.21
3.15096,3.80396,373.318
4.04011,4.36031,631.835
4.71671,4.3478,651.004
3.65202,4.36061,619.534
3.65072,3.52709,305.722
3.24606,2.72176,139.713
3.1503,5.94745,1978.02
4.91695,3.47796,339.193
3.13803,3.44458,268.268
3.16579,2.93929,167.247
4.06767,3.12142,226.121
3.89134,3.1654,228.107
5.21845,4.19444,603.382
5.00744,3.57641,372.354
5.05919,2.82641,220.97
3.55525,2.92713,177.54
3.51966,4.33361,603.402
4.62475,5.18578,1208.01
4.07299,4.64523,790.16
6.23831,5.47579,1566.43
3.23366,4.84777,897.59
4.34335,1.75152,97.7903
5.0557,4.41842,703.161
3.42139,4.10276,493.459
3.2295,4.66792,779.287
4.64417,2.8111,198.286
4.12269,5.36631,1348.74
3.88647,3.83342,406.936
3.3413,4.4805,673.813
3.21753,5.12586,1106.68
3.25008,4.5776,725.824
4.23905,4.50922,719.898
5.0969,3.53975,365.33
3.16319,4.78548,852.723
3.52794,3.84821,399.352
4.39674,3.37886,294.845
3.38749,4.34949,605.428
4.0767,3.61925,345.904
3.30069,3.71863,350.838
4.46913,4.38072,658.659
4.22072,4.06135,502.432
3.76817,4.23688,564.104
4.43761,4.75399,873.592
4.40823,4.06521,511.971
4.38487,4.25301,591.635
3.81237,2.32511,111.923
4.80747,2.90062,217.07
3.67337,3.63765,337.863
4.95268,3.15556,269.845
3.09142,3.04713,185.049
4.13262,3.00333,209.787
3.17442,3.88358,403.702
3.72042,3.22413,236.115
2.77638,4.04829,455.199
3.56837,4.07448,486.658
5.03806,2.97237,240.564
3.45014,3.99542,452.332
4.90057,2.06052,136.546
5.09123,6.82717,3506.72
4.9939,4.67721,848.971
4.87045,4.50734,744.124
4.83727,4.32714,646.434
4.89587,2.68245,191.96
1.89655,2.47465,86.6259
4.81972,4.28988,630.251
4.45596,3.79226,411.76
2.62345,4.77532,835.915
5.71223,3.83931,490.774
3.1359,3.37859,254.114
2.97897,2.94577,164.143
4.54829,5.50234,1500.21
2.86695,4.8259,877.552
4.55298,3.77114,409.849
1.85918,4.87023,888.816
2.4686,3.88537,389.16
4.71795,4.00293,500.468
2.56397,4.67765,772.058
4.19152,2.58642,152.81
3.67388,2.20535,100.938
3.81033,4.18708,542.178
2.70998,3.59908,300.856
4.46578,2.84901,196.692
3.9274,4.37653,636.833
3.70921,5.68008,1662.99
1.61172,1.80531,36.8364
3.90324,4.33352,612.811
4.83624,4.18535,580.474
5.15164,3.52875,364.607
3.92731,4.60864,762.505
4.36245,5.31112,1306.73
2.10628,3.76011,340.413
4.54149,3.56211,346.783
3.42738,4.28447,576.416
4.10912,3.4873,309.668
4.57326,2.64325,173.3
3.38895,1.95729,78.3758
4.27784,4.01492,486.09
5.09772,4.63574,827.702
4.58606,4.36104,653.701
3.17222,4.1479,507.26
5.70444,3.18185,314.544
5.22645,5.67919,1724.32
4.23276,4.28904,604.952
4.08235,3.43438,295.757
1.95884,2.48682,89.5487
3.12312,3.68933,338.896
4.56659,4.10975,536.573
4.03091,2.58731,147.06
3.99793,4.52234,716.26
3.53547,3.36699,261.163
4.7726,4.03008,514.181
4.32606,3.43168,304.543
4.23359,3.39602,290.685
4.25344,3.53301,325.64
2.59718,4.0274,444.833
6.3086,4.84013,1035.81
5.3102,4.22501,622.136
4.66189,3.00192,228.751
4.84386,2.50516,170.236
4.22626,4.23341,577.157
4.10171,3.55253,328.098
3.38666,3.91669,421.44
4.53877,4.42947,687.522
5.46125,5.38521,1426.51
5.2922,4.1649,594.671
2.31316,4.74235,808.427
3.67691,3.84944,403.876
2.5764,5.09284,1067.23
4.08399,3.09914,223.502
5.58228,3.60639,409.932
4.12836,3.7451,385.215
3.25625,4.15182,509.606
2.43039,3.56514,286.964
4.68128,4.94609,1018.17
3.05559,3.2152,216.46
4.86339,4.05671,527.65
1.40837,4.29891,546.976
3.89064,2.84702,175.04
3.66409,3.872,411.511
3.53148,4.61251,754.423
4.554,3.53489,338.911
3.77489,4.15957,528.03
4.64584,4.90335,985.818
3.15125,4.53209,695.179
3.78993,3.95336,446.357
1.94783,3.73321,330.892
4.7174,5.79092,1830.74
4.46665,3.468,319.526
3.71392,5.61961,1595.55
5.24239,5.30616,1342.32
2.8135,5.12593,1099.45
3.8543,4.97961,1010.87
4.7075,3.45558,324.735
3.58064,4.59657,744.807
3.37918,4.13063,505.949
3.3541,3.16783,214.568
4.02744,4.42328,667.193
3.39892,3.25837,234.023
3.14886,4.86498,906.681
4.39331,3.2484,263.842
4.41011,4.34547,637.035
4.07392,5.19376,1190.7
4.58794,4.33886,642.555
4.60138,5.34682,1350.17
3.97634,3.67265,356.34
3.24389,5.30543,1266.42
4.13858,4.29283,600.796
2.93897,3.18283,204.913
4.02936,4.50904,711.128
2.88562,5.42498,1373.1
3.77546,3.23114,237.967
5.43652,4.19106,612.914
3.70267,4.01747,465.899
4.22005,3.12175,232.704
2.9619,3.60641,309.411
3.36636,3.97446,442.209
5.19398,4.60636,817.22
3.54625,3.05065,196.942
4.97145,5.05131,1111.7
3.96167,3.35074,269.37
3.16434,3.44999,268.715
2.56426,3.34126,233.221
