3
3.21142,2.70107,19.3075
4.70595,4.51495,86.4769
3.80606,3.99824,57.3421
5.2492,3.43341,35.8402
3.94639,3.60102,44.3987
2.57572,4.71364,97.3043
5.46959,3.1711,29.9222
3.80148,4.08115,62.4814
5.8185,3.9897,58.645
3.59959,5.16829,134.99
5.23483,4.27444,72.0949
3.38761,2.98052,23.8579
4.51974,3.45725,38.7088
2.83177,3.94105,55.9165
5.73534,2.4708,17.5726
4.03828,3.90611,55.8272
3.08455,1.70023,8.47489
4.64631,2.18317,11.4451
3.6503,4.19065,69.4286
2.16561,1.45819,7.1859
4.63899,4.84663,109.421
2.60326,6.20479,245.26
1.96649,4.3674,76.9563
2.29767,3.30989,32.0368
5.02072,3.59868,42.9895
2.85714,4.54555,86.8433
4.40098,4.01801,59.3424
3.01953,3.67082,43.7793
3.98955,2.02459,10.4902
3.54046,4.17341,68.4268
5.32136,4.22842,70.0318
3.28123,3.36026,34.8169
3.04963,3.40622,36.9892
4.79437,3.69514,47.2972
4.21318,5.12907,131.014
2.36326,3.95202,56.6795
2.63288,4.47596,82.6023
3.77885,2.51279,15.2943
3.99852,5.05499,121.26
2.83899,3.02846,24.825
4.38128,3.43345,36.3832
4.59264,2.14146,11.6943
5.19508,2.95927,24.3916
5.44765,2.98923,27.1909
4.19534,1.71342,8.22784
1.72325,3.02256,24.2236
5.57271,3.42062,36.7421
3.84693,2.28973,12.7496
3.65418,6.08845,230.469
1.89738,3.21632,29.8703
3.55931,3.94473,57.3826
3.31462,2.8935,23.2381
2.65447,4.80056,105.788
4.59564,4.71651,98.9839
5.30005,4.1141,62.0144
3.81424,5.09516,126.021
4.67028,3.37581,35.0996
4.18487,3.86772,51.8431
2.74149,4.78677,103.079
5.04301,4.47296,82.2483
4.44131,4.73664,100.319
3.91588,2.80292,21.4913
4.23113,2.9833,25.6141
4.24558,4.77995,104.333
3.88343,3.45915,38.4061
5.72888,2.95235,23.5197
5.3657,2.87652,22.1566
4.34734,4.87507,110.839
4.36466,5.44359,158.235
6.03517,4.85553,109.168
5.34339,4.28133,73.4186
4.05817,3.96966,56.7758
3.37052,3.82727,52.0483
4.75002,4.27942,72.1742
4.44624,4.90991,112.866
3.57203,5.00783,119.818
4.28712,2.24168,12.9562
4.69934,3.31578,34.0106
3.50109,2.84468,23.9542
3.56841,3.60325,41.4068
2.92529,2.51832,17.2559
2.8171,4.92937,113.752
3.71287,4.01219,58.6161
3.13077,3.96773,56.9774
2.99923,6.08207,229.749
1.46413,4.64997,94.9598
4.42509,2.56297,16.3543
4.018,4.90736,112.743
4.75098,3.87669,55.0549
4.17453,4.62297,92.627
4.45575,4.20851,69.5336
4.40028,5.50274,164.802
2.46102,3.58233,42.3709
5.10326,2.57584,16.6195
4.07155,4.21285,68.73
3.88149,3.12836,29.0303
4.33847,6.12483,235.127
4.43428,4.25678,71.3999
3.84936,4.31132,72.6469
5.74993,3.65204,45.0222
5.24532,2.28474,13.1139
4.31658,3.41603,37.0406
5.46735,3.76804,49.4924
2.83627,3.97655,56.6276
3.81595,2.33817,13.6827
4.29035,5.79183,195.102
4.14052,3.27906,32.8272
3.22939,4.17954,65.7237
3.09512,3.2142,31.7811
1.9591,4.15812,67.7351
4.84279,2.61472,16.9291
2.81047,4.12243,65.0989
4.07055,3.2345,29.6328
3.77387,4.60923,91.212
4.53339,5.17051,133.052
3.4748,3.64313,44.4602
3.91316,4.55096,88.6336
4.32629,2.91035,26.1255
3.93667,2.65096,18.5079
4.37407,3.11995,26.515
5.75985,4.82003,107.793
3.46196,4.10397,63.8488
4.31935,4.3597,75.7508
3.97406,5.38415,154.431
3.55901,4.5254,87.8807
5.28946,5.63427,178.119
2.13622,4.87612,109.701
3.66847,3.68296,46.3134
3.9174,3.14932,27.7224
3.5941,4.91799,113.919
3.78869,4.1965,68.664
2.66617,2.89736,22.6782
2.83676,3.30511,32.9915
3.49052,4.90172,112.174
2.90492,3.70498,48.2817
4.1096,4.54081,88.3114
4.68612,3.9707,55.8771
4.01116,5.9001,208.404
4.78401,4.40205,78.661
1.55113,3.87346,54.2965
5.39786,2.36109,14.0821
3.70275,2.99231,24.7999
4.58777,5.37414,152.801
3.21933,5.07564,126.129
4.14729,3.95082,57.3056
3.10867,3.53292,39.5202
3.79327,5.21575,138.187
4.02653,2.67201,18.8537
3.53124,3.50246,39.2608
3.45812,3.63631,44.2595
4.50089,4.43373,81.5539
2.84561,2.50168,16.2964
3.94174,3.56778,43.3643
2.62418,3.67082,43.6561
1.54144,1.58158,5.93365
3.26731,3.5236,39.3655
3.93064,3.16698,29.5145
4.35854,3.24501,32.5314
3.59725,2.76122,18.5917
4.00452,4.18038,68.0625
4.97405,5.43288,157.764
4.19008,2.96501,25.2636
5.67618,4.04285,59.8339
5.45809,3.93824,56.2529
3.50585,4.45165,84.2393
4.60574,4.44521,82.8289
4.30606,6.59093,302.44
3.10168,4.23713,68.8134
3.13281,2.94068,24.2418
3.76919,4.62944,94.5245
2.69003,4.76408,103.227
4.53138,5.22667,137.756
3.67578,4.43115,81.498
4.261,3.8249,52.1332
5.03406,4.20634,68.179
4.83778,2.70132,22.3178
4.16609,2.85912,23.309
2.27502,3.52792,39.3948
3.49378,4.84574,107.38
3.40786,3.6863,44.3502
6.3363,4.29088,73.0276
4.58357,4.28106,72.1184
3.15229,3.46068,36.6199
3.69892,4.53248,86.3261
4.04154,4.85815,111.106
4.37999,7.07087,383.274
4.77106,5.62298,176.637
4.10062,2.88229,24.1134
4.66893,2.38918,14.327
2.78919,4.69452,97.463
4.60851,3.85079,51.9612
3.86409,4.49762,84.3736
4.93941,5.40236,155.522
3.85904,4.2983,74.1398
3.32994,4.46715,82.9794
4.71935,3.85072,53.3192
3.88104,5.17722,134.674
3.77662,4.99254,118.029
3.95063,2.85022,23.2175
4.3857,3.46062,39.0911
3.75856,5.01442,119.233
3.46535,3.89341,55.8002
2.55271,3.85753,54.4726
2.56723,4.50529,84.3904
3.85009,3.24734,31.9022
4.05815,4.13222,64.7258
1.78567,2.59953,16.495
4.31632,5.78509,195.379
3.55346,3.00407,24.4447
3.66122,6.54266,294.446
3.12385,2.66258,19.1177
3.10836,5.13664,130.143
5.30234,3.54278,40.413
4.61712,4.45731,82.5925
4.03792,3.56533,41.8737
2.36236,4.09111,61.8877
4.87919,5.47947,161.4
3.90398,2.52074,18.0025
4.03785,5.04978,123.226
3.14132,2.77206,19.4863
4.81255,5.53102,168.459
3.54999,3.20308,31.7509
4.85759,4.41828,79.949
6.10577,3.80081,50.2902
5.09702,5.14741,132.013
4.36008,3.39174,36.2011
5.05867,4.4042,80.6
3.72828,3.77759,49.8044
4.2047,3.58883,42.4813
2.71588,5.3175,147.526
2.33681,4.12357,64.266
4.74382,2.18393,11.9214
4.35017,5.13647,131.107
4.22191,4.5135,85.8834
3.66436,4.26201,71.7909
4.39296,6.26587,255.513
2.53525,3.43782,36.4889
2.8762,5.10621,127.207
3.12642,3.68745,47.2662
2.43557,3.32686,34.0974
5.12794,5.25398,140.53
4.84486,3.69474,49.3359
3.44199,4.0222,59.6356
4.76457,3.43841,35.8526
3.64914,4.78086,102.986
4.83434,5.01448,121.57
3.62198,3.74847,47.131
4.50443,3.16775,29.7252
2.67724,2.91092,23.4801
4.54515,5.06091,125.594
5.58809,4.25933,72.4858
4.38305,2.46295,15.2933
3.3708,5.01195,122.113
3.02553,4.56805,89.0109
4.7376,3.13784,27.4265
4.20548,2.83101,22.1285
3.43008,4.44193,82.4552
4.41566,4.00849,59.4037
4.376,2.93884,23.1804
4.28725,4.32107,71.8869
3.51656,4.27623,72.2685
2.6031,2.92921,23.4683
2.83681,2.23139,13.2203
4.5021,4.14568,65.4912
3.54593,4.86232,110.941
4.86965,3.86446,53.7182
4.74478,3.75682,49.2246
3.91463,2.39388,15.3624
3.4725,4.71172,99.6837
1.36496,4.10057,61.3075
3.45919,5.12728,128.966
2.77191,3.62704,42.8848
4.61376,3.49543,38.7244
4.0871,5.63664,180.024
4.25611,4.23993,69.8867
4.53709,4.71972,100.475
3.18896,4.45831,82.7526
5.21417,4.1226,65.1759
3.16622,4.66188,94.3338
4.93342,4.47173,81.3584
3.78294,5.52032,164.123
3.91479,2.74497,21.7065
2.2857,4.3735,77.0302
2.59186,4.6784,96.4434
4.28207,3.85033,51.4437
5.26724,5.75087,191.666
4.05401,4.4968,85.7507
5.6281,4.69912,98.1789
2.62872,3.09351,27.1723
3.06034,3.95455,55.5551
4.31513,5.22362,138.004
4.65744,3.63511,45.7233
4.41862,3.30768,34.6303
4.85962,4.04982,61.9318
4.08095,4.66647,97.8044
2.66806,3.8066,49.4962
4.21214,3.27814,32.3338
4.42549,4.19554,68.1678
5.00224,4.91515,114.242
4.64977,3.98607,56.3999
5.48789,4.24908,71.2519
3.98106,3.65357,44.6099
4.81572,5.81992,198.063
3.49026,2.88579,21.9756
5.68487,4.90493,113.594
4.51861,3.26969,32.9191
3.28547,2.26909,12.5012
6.11433,3.24224,31.8362
5.23922,3.46872,38.1906
2.16028,4.32677,76.3504
2.79881,4.62827,93.0065
4.83328,5.77466,195.525
3.52497,2.99929,23.3906
3.53938,6.14409,238.584
3.91008,4.33077,75.574
2.99874,3.36424,34.6566
2.23029,5.33489,146.985
5.2169,5.67394,182.859
3.80669,3.90707,55.0034
3.64331,5.43263,158.184
4.66121,4.32008,73.324
4.03678,5.28842,144.034
3.4032,4.81871,104.941
6.072,2.40323,17.2593
3.35623,4.07707,62.7409
3.83252,5.87032,201.945
5.41712,2.76168,19.2612
6.12433,6.13666,238.931
4.64173,3.61257,43.1197
4.60343,3.26056,32.0399
3.89027,4.83878,107.484
3.59634,4.91889,114.359
5.13896,5.21339,137.503
5.75801,4.18586,67.848
3.70142,5.60371,174.444
3.50824,3.68542,45.7649
4.25324,2.95849,24.5516
4.67002,2.26731,14.8623
2.64833,4.4085,79.176
5.18169,3.32217,33.289
3.84273,3.18365,29.893
4.66002,4.0141,59.5375
4.43185,4.09855,63.1673
2.42264,3.33478,33.299
3.76013,4.05073,62.7091
1.51468,2.60553,18.9112
3.18278,4.64488,92.8673
5.7343,4.08613,64.1235
3.76816,4.76966,103.889
2.6726,3.35829,34.0964
5.41092,2.86566,22.5497
5.30035,4.30786,73.0237
3.47742,3.16553,29.8756
3.38802,5.50213,164.649
5.59826,4.24315,71.1799
3.63434,3.74254,47.7839
3.3999,2.52619,17.8361
4.68156,3.4902,39.1891
4.27473,4.88554,110.857
6.41646,6.8912,352.568
0.942896,3.87997,52.8589
3.86105,3.71223,46.1235
2.55439,1.80584,9.82105
3.98623,1.81346,9.20569
0.837502,3.90009,53.5553
5.47474,5.00095,119.05
4.25558,3.09088,27.853
3.62724,4.41408,79.0776
3.41569,3.96436,55.4613
5.90383,4.68891,97.5556
5.55804,4.34822,76.0972
4.13192,4.96591,117.823
2.18816,4.41047,78.8697
3.81439,3.1423,28.2891
4.36646,4.00335,59.259
6.28146,4.30423,73.3757
6.10562,5.04068,124.671
4.1806,4.3669,76.5837
4.20915,4.30393,72.5029
5.79758,3.29454,32.9144
6.05649,4.06553,61.3841
6.47783,4.08659,61.098
4.56828,2.62841,19.2452
5.86133,3.7532,49.7746
3.48904,4.09733,62.8598
7.38854,2.89713,23.3426
3.04011,4.00574,59.3073
3.56123,3.43156,35.4917
2.54316,4.15052,65.4559
3.21846,3.60109,41.3555
4.85163,3.69247,46.649
3.88035,4.06098,62.551
3.96099,3.87037,52.6603
4.13764,3.90999,55.8353
4.73298,5.26228,142.599
4.7034,5.10711,127.867
4.28272,3.92751,54.4197
3.76429,3.32636,33.8668
3.55997,3.92813,53.6237
2.02458,4.4652,80.6105
4.68655,4.03155,60.3404
3.94063,2.54985,17.2588
5.95916,2.09324,10.1463
4.6537,4.66826,95.5143
4.29697,2.9388,22.5586
3.24869,4.96028,116.345
4.82906,3.21427,30.3523
3.88097,2.93424,24.3315
2.37489,5.24224,138.313
2.92914,4.93846,115.088
1.95062,4.47772,82.2461
3.329,2.34388,14.0908
5.2407,2.42536,15.8879
5.37663,3.97798,59.0733
5.80959,3.59844,44.5214
5.15154,4.4057,80.6855
2.72831,2.94976,23.2634
5.43348,4.87618,110.063
4.25395,3.69825,47.4275
5.22869,4.04168,61.4178
4.72128,6.09021,229.568
5.28783,3.37894,34.2896
1.7263,3.05767,24.2652
2.95213,4.66522,95.3116
4.28609,4.61922,93.4738
2.53738,3.36184,34.1813
5.11019,2.71496,20.065
5.53562,4.24611,70.8282
5.29982,5.87414,205.669
2.94339,2.65237,19.0149
3.44457,4.09985,64.3208
5.05196,3.27131,32.4566
3.76286,4.4047,79.9855
3.3403,2.81552,20.5328
3.46388,3.21517,31.2121
3.14486,3.8731,51.897
3.80978,4.55116,88.7968
3.86003,5.02819,122.427
3.52044,3.88293,54.0981
1.95175,4.76666,102.318
4.82154,2.7932,20.4732
3.68429,5.42076,158.223
3.92879,2.4986,14.9646
1.5379,2.96457,25.9614
4.49919,4.78508,105.504
4.00823,4.47854,83.5866
4.82792,3.62653,44.02
3.54628,3.83688,51.0797
3.81521,2.27127,12.4751
3.12681,2.56052,16.4874
5.58927,2.43723,17.5619
3.75852,3.65487,46.5967
5.00527,4.60107,91.8084
4.53849,4.81452,104.246
4.51689,5.02569,120.018
3.15724,5.29316,144.327
3.25998,3.49185,38.9814
4.27132,4.03468,60.9697
4.14954,5.83441,199.508
3.31362,3.38639,35.1355
4.22236,1.79176,8.43077
3.76438,3.55604,40.8067
3.31068,6.0249,224.235
3.3973,5.60766,176.333
3.36416,3.23507,31.81
4.04335,3.88924,53.3703
3.96178,3.42799,36.5612
5.01803,4.08151,59.7777
5.51461,3.82457,50.9381
3.42105,4.21503,67.5312
4.47151,2.15328,13.5485
5.8129,3.69737,44.4651
4.25649,4.47226,83.9731
2.92267,5.60679,175.092
2.26757,5.09318,127.005
4.14608,3.28179,31.7206
4.77994,3.11743,27.6461
4.98741,1.53818,9.48232
4.41234,6.19439,246.194
4.41608,4.06584,63.5866
3.88506,3.17702,29.8322
4.10294,2.90144,23.5945
3.6,5.01917,122.009
3.17594,5.41834,155.701
2.72708,3.67912,44.9461
5.25779,2.91125,23.9095
5.48117,2.12059,13.4269
2.75075,3.19394,30.1492
2.98558,3.84582,51.9389
3.92344,2.43428,13.9737
4.6194,3.8432,51.8021
4.65479,5.72282,187.512
3.72066,5.3728,152.696
4.46766,3.94633,56.4196
5.0398,5.32627,148.3
3.98387,3.42552,34.7055
4.07982,4.08755,63.796
2.8832,3.07151,27.1057
3.83778,4.3812,79.1654
4.00141,3.19153,30.9711
4.90541,4.01025,59.9093
2.72842,5.14123,131.732
4.29667,6.01928,223.675
3.87362,3.64173,43.8393
4.65415,4.79452,104.367
3.11985,4.35265,75.8445
4.08326,4.03376,59.6859
4.14868,2.82487,21.5135
4.40644,4.37714,77.7222
3.74416,3.18551,30.2055
3.90278,1.75256,5.42842
4.16118,5.17849,137.429
5.42338,3.07705,30.0596
4.42122,4.47762,84.6592
2.95473,4.40547,77.465
3.7652,2.63468,17.7368
3.46493,4.65533,94.1563
4.09617,4.34942,77.5588
4.6861,4.67201,96.4178
4.20023,4.90286,113.478
4.56013,3.61299,43.798
3.52333,2.9034,23.0746
3.83555,3.86311,53.9256
5.19446,4.5201,87.5722
3.26188,5.68214,182.463
5.19698,3.96862,56.5592
5.29115,4.22441,71.34
4.41131,4.31689,74.9937
5.02458,4.40814,78.9837
4.50592,3.99065,57.1013
3.67277,2.79533,21.8082
4.85843,3.52359,41.2987
2.22521,5.39544,152.819
3.09119,4.95316,117.591
3.41121,4.70575,98.0927
3.11212,2.97087,25.043
3.27037,2.21927,16.4336
3.59085,4.09711,62.4167
3.4336,3.79817,51.7015
2.42787,3.11034,26.2594
2.84277,4.15801,65.9492
2.72051,3.46466,40.6865
4.90224,5.43611,157.205
3.77236,4.57319,90.2548
4.34025,5.30605,146.602
4.00433,2.45358,14.9442
3.64743,5.28362,143.321
2.94649,3.7438,48.056
3.90648,3.00734,26.5636
3.15727,3.76495,47.2473
2.91947,4.88742,113.44
2.9158,3.2579,33.4943
4.09538,5.08105,125.549
5.55947,3.08731,27.7464
2.8802,4.24694,69.9564
3.64245,3.73612,47.0921
3.97891,4.32127,73.0612
4.9938,4.12052,64.1067
5.16225,1.94913,10.2255
3.54715,4.21084,67.1856
3.78951,4.30811,74.3635
4.22079,2.96413,25.0238
2.51401,2.67897,18.7889
4.12998,3.89453,54.7455
6.36069,4.95722,117.266
3.59082,3.62698,43.1241
5.06827,5.2297,139.977
3.72179,5.67081,182.634
3.49373,4.90079,112.367
2.56277,5.58072,171.976
4.59738,3.9027,55.8344
4.89144,3.68862,46.0611
4.98994,3.77854,48.4366
2.34312,5.10025,127.177
5.19119,5.39235,153.31
2.93855,3.08155,26.4222
3.51304,5.17716,134.892
3.74417,5.60561,173.781
3.62654,4.66415,96.2062
4.28192,4.963,117.435
4.65903,4.79698,105.53
4.91555,2.41931,16.5101
1.88662,3.76325,49.3906
3.83769,4.16891,65.4865
4.90055,3.50987,38.3401
5.16049,4.05292,60.6477
2.61491,4.35542,78.4266
5.18719,4.76311,103.046
3.65396,4.92166,113.914
4.85672,2.79737,22.9178
4.04624,4.42502,80.5332
3.93895,3.44276,38.8637
3.70939,2.79854,20.8811
5.03118,3.96525,57.7321
6.05248,3.99608,58.2178
2.5884,4.60244,90.9361
3.84573,4.5821,89.4132
3.19015,3.93679,56.0858
2.31736,2.49802,15.9215
5.29938,4.68452,97.4258
5.56377,2.25061,13.7211
5.39815,3.78532,50.6053
1.81873,5.10013,125.57
2.44252,3.6037,42.9909
3.54971,4.18327,69.1623
4.19901,4.11968,64.3382
3.67701,3.62087,42.3428
4.2534,3.00231,24.6767
4.60022,3.7453,46.9374
3.60206,4.24196,69.5772
4.4195,1.64334,8.09335
3.35975,3.79312,48.4422
4.1558,3.61438,44.0804
4.01604,4.81674,106.875
2.53688,5.54637,168.106
5.38791,2.65198,18.5573
4.17062,3.47591,38.8969
3.75677,5.13088,130.974
3.7989,3.47905,37.1982
5.60309,3.23572,32.1793
3.56925,4.25683,71.5012
4.20488,3.85662,53.6349
3.29771,3.42892,36.5041
5.66067,3.93682,56.1885
4.3546,2.33427,12.6116
4.64555,5.43766,159.247
2.15193,3.31419,34.3366
2.90103,4.75454,102.788
1.79224,3.95256,55.3961
3.86178,5.25396,139.874
2.98329,4.92324,113.17
2.85306,5.14527,130.16
4.55619,2.5784,18.5082
3.11244,2.88025,21.8992
4.88245,3.91916,56.8427
4.91592,2.94099,24.8515
1.38038,5.26358,142.163
4.48377,4.75161,102.258
4.59981,2.98519,25.9025
5.02322,5.41931,158.08
5.00328,4.40891,79.1758
4.1021,3.89769,53.6645
2.59198,2.83193,21.7254
5.67355,5.78968,196.03
2.93406,5.0526,120.882
2.65638,2.33412,14.8583
4.73025,4.39009,79.2664
4.07062,5.97008,216.718
4.67832,3.44044,37.0531
3.36545,3.25151,30.4036
4.21098,3.67672,45.8693
3.70578,3.71427,45.8196
3.87222,2.77652,21.5195
4.22175,2.81389,22.3668
5.14079,2.854,21.8702
3.98376,3.69894,44.4859
3.60599,1.83506,8.21134
3.61345,4.81911,103.669
3.32368,4.87279,108.93
1.88837,2.58358,17.9518
4.65801,3.93644,56.5486
5.12644,4.96116,117.643
2.13783,4.01368,58.0724
4.53679,3.80488,50.3535
5.35334,6.93549,359.413
3.27958,3.41657,37.9012
2.96805,3.54596,38.6377
2.44576,4.84923,108.019
5.29254,2.71093,21.1526
4.20969,2.91815,23.5559
5.25164,5.58404,173.227
3.66711,3.0498,28.4646
4.29666,3.80796,48.8527
4.40357,4.51381,85.0254
3.73868,4.96164,116.696
3.16259,5.29532,144.703
4.15478,2.6929,19.083
3.19429,5.36626,153.041
5.47639,3.55784,40.453
2.75434,4.43079,77.5871
5.02488,4.91984,114.056
5.17495,3.60409,43.4384
4.02092,3.9332,54.6968
4.61786,2.71392,18.9935
2.47868,4.72542,100.325
5.01803,4.01955,59.2958
5.04337,4.25374,71.2111
2.51231,5.0273,122.7
2.37914,3.43544,36.5505
5.17606,4.84439,109.653
4.6486,5.09969,128.883
4.92747,4.09684,64.2256
2.63771,4.26995,70.2612
4.29434,4.43851,78.9061
4.16518,6.66538,314.668
2.68853,5.48788,163.929
4.73144,3.36189,34.9689
3.69184,2.51565,15.3071
4.25111,3.96984,57.1925
4.4716,3.94663,54.6067
4.9934,3.49708,37.8224
5.26499,6.55352,295.515
5.05609,3.29491,32.9096
2.28533,3.58549,42.5774
3.91878,4.82935,108.529
2.42627,4.27977,72.3648
2.83272,2.82599,21.5333
4.91404,2.46738,15.1681
4.15825,3.27039,31.343
6.24477,3.6319,43.5101
3.12047,3.60573,43.6218
3.95451,4.85404,108.938
3.87927,6.23437,250.51
3.26085,3.59377,41.4219
3.90646,4.20896,68.4745
2.583,4.52588,86.524
3.92914,5.16738,133.27
5.03062,5.67147,182.468
3.86048,1.43845,5.24325
5.17885,3.39701,37.2218
4.10175,6.6083,303.389
4.49943,4.98883,119.886
4.75543,4.46023,82.7234
4.99292,3.27145,32.9929
5.76848,3.38626,35.8527
5.23498,4.13205,64.9143
3.89574,4.86968,110.853
1.77013,5.41223,154.581
3.54089,5.41735,154.414
4.47966,4.60173,92.9323
2.12933,1.62875,8.67823
2.73298,4.37822,76.6268
4.38718,2.78708,22.8256
5.17307,4.32264,73.8155
2.51174,5.10234,126.487
3.09215,3.65879,44.2666
4.11641,3.33886,34.8029
2.4698,4.02085,59.9171
2.87831,2.01229,10.0057
4.31347,3.40409,34.4452
2.73201,3.09295,26.4578
2.87653,5.14656,131.653
3.64932,5.16748,134.093
5.37615,3.92133,56.3362
4.41607,4.29456,73.561
2.63896,5.77072,191.059
3.41176,4.45634,80.7507
4.1037,3.12791,27.9867
2.12447,3.61857,42.4935
5.20783,2.31186,14.777
3.3413,4.47757,82.2618
4.19424,3.06844,26.8477
4.59838,4.76477,102.646
3.12467,5.19678,135.769
2.80077,5.12937,130.221
4.44188,3.72414,47.5336
4.16317,3.74689,47.583
4.43346,4.64722,94.0844
4.26825,5.43677,156.703
3.62913,4.35722,77.946
4.34475,4.77755,103.499
3.70557,3.22697,31.9129
2.30919,3.57656,41.9363
3.87688,4.46053,82.9548
4.93668,5.38151,153.15
3.43358,3.96986,55.9801
3.34862,3.62254,43.946
3.12707,4.46503,84.8672
4.9818,3.90488,55.4482
5.00876,4.10768,63.391
4.34006,4.22375,69.4939
3.56563,3.944,55.4388
3.32353,3.28509,32.5101
2.33236,4.86274,109.573
4.09374,3.23096,30.2161
4.88317,4.30662,73.8094
4.82437,2.86247,21.6767
4.81308,3.5585,39.6257
2.60536,3.68936,45.3104
5.6084,2.05645,10.6352
5.67503,3.6794,45.3357
3.92169,3.75467,47.1426
4.79546,1.13289,5.55634
5.30646,2.23082,13.369
5.77757,3.34179,35.3026
3.06242,3.84637,50.7742
3.40894,4.38026,77.7843
4.92879,5.52472,167.389
4.22038,4.05905,61.6303
2.01043,4.32975,74.6983
3.51787,2.54889,17.8909
4.15077,4.48636,84.5656
1.19551,4.53676,84.7543
5.1038,3.30965,32.8017
2.79674,4.75408,101.778
2.29733,4.4314,81.1394
4.37128,4.70985,97.5657
2.33796,5.55892,170.896
3.81439,2.99817,23.4951
5.30523,3.41264,36.6926
3.49881,5.31522,146.291
3.27354,4.86205,110.639
5.23148,3.53983,39.3209
1.69241,4.82275,107.027
4.26259,4.15819,65.4974
2.8504,4.83166,109.838
2.84407,5.12092,127.37
3.2553,5.65014,178.843
4.16557,4.64596,94.0735
4.58072,3.67468,44.259
4.66221,3.73319,48.0196
3.52701,2.02927,11.9669
5.64749,4.3012,74.8075
2.5595,5.47922,161.14
2.64472,5.38187,152.481
3.61994,3.2069,30.6637
5.54101,4.66819,97.6498
4.68125,4.04083,60.4469
2.34634,3.94712,55.5734
4.08689,5.53042,169.713
4.78015,4.32327,74.3765
6.46366,3.89529,54.2887
3.829,3.24298,30.0904
2.94013,3.29313,30.8469
2.97332,3.61791,41.5624
5.2842,5.25058,142.461
6.68638,4.16926,66.293
2.78312,5.11426,128.423
5.58039,5.78308,192.643
2.7384,2.32418,12.9006
4.48529,3.21392,30.9584
3.58536,3.71337,46.4857
4.73484,4.39636,80.1159
2.61207,2.97618,23.13
2.145,3.20071,31.2494
2.59108,4.30182,74.9753
3.88568,5.79742,194.786
2.83289,3.79669,48.6739
3.56754,3.8068,49.9731
5.26749,3.86881,52.9625
4.3341,4.08561,59.9757
3.21657,4.27066,73.0899
5.01408,2.14363,14.2696
4.69071,3.22819,32.0321
4.15391,4.9185,113.796
4.18236,4.71408,98.1854
3.42004,3.20374,30.6589
5.28995,4.88583,110.474
3.53626,4.88431,111.711
3.26594,4.42369,78.8746
3.58146,5.2293,138.661
4.17442,2.32942,13.9125
4.60244,4.75561,101.611
3.09683,3.68634,46.74
6.38121,5.54651,168.241
3.58513,4.58264,90.1102
4.76809,4.48166,82.247
3.85254,3.3764,35.9882
3.78049,5.55733,168.733
4.92205,4.72653,99.7305
4.75644,3.55085,41.3775
4.56181,3.70198,45.6782
4.11516,3.39622,36.5081
3.72445,3.987,57.4758
3.27146,3.63633,44.9166
4.93946,2.70065,19.5082
4.85373,4.54287,87.992
4.18201,5.24308,140.215
4.21922,4.18183,66.4006
3.46885,5.33142,146.589
1.98804,4.81081,105.062
2.21889,4.50771,85.4338
3.65079,3.14226,28.6338
4.31077,3.2326,29.2269
3.61769,4.39161,80.2749
4.97956,3.36358,35.7842
3.86531,3.478,37.8357
1.68494,4.81685,105.817
7.74762,3.86527,53.1139
3.64985,3.84352,51.2376
2.98523,4.25911,71.4339
4.43407,2.6857,18.7974
2.50002,2.81468,20.0283
1.10005,3.98919,58.5036
5.22542,3.90473,54.7477
4.33013,4.34411,75.8358
5.58322,3.6259,44.2964
3.43456,4.38173,77.0175
4.82771,2.21304,11.8258
6.38107,4.05381,60.8758
4.25077,2.70223,19.8294
4.11323,1.70732,6.29169
3.7837,6.07046,229.544
3.58313,1.51299,6.84328
3.84979,5.9707,216.859
3.65317,5.37409,151.118
6.22367,4.07648,62.4978
4.4461,5.20652,136.419
3.58528,4.60346,90.8518
3.74652,3.35014,34.5
3.8456,3.79027,50.1352
4.73604,4.67007,97.0871
4.37377,5.44118,157.542
4.42956,5.23912,139.878
4.5388,2.86852,24.4849
2.11792,5.37588,151.038
3.59756,3.47307,39.1406
4.60029,3.27051,31.4493
3.50422,2.90655,23.2221
4.79556,4.4741,84.4018
3.98044,3.23296,32.7003
3.22751,4.46115,82.4872
1.54461,4.56867,88.2754
4.07263,2.40307,14.7893
4.86482,1.78067,8.53215
2.55538,5.29841,145.19
3.73777,4.98917,117.54
3.73008,3.45933,36.7757
3.6464,5.51017,163.43
2.9311,3.84379,52.1893
2.98003,5.02124,121.442
2.97383,3.35918,34.9237
3.80692,2.24485,11.9698
2.98517,3.05212,26.3091
3.705,4.45271,81.4515
5.3709,2.8352,21.7094
4.55469,3.28457,31.2153
4.92548,5.25269,140.278
3.029,3.69161,44.1304
3.04156,4.87327,107.952
3.58415,3.43823,36.2427
2.63934,4.27245,71.32
4.74693,1.47382,6.31052
4.1992,3.0017,24.6716
5.21512,1.99514,10.8984
3.26695,4.11003,63.2547
3.53485,4.3763,78.8353
3.88359,3.97762,57.9307
3.82626,5.3023,145.287
3.6611,5.12981,131.442
3.99571,5.08582,126.355
5.57983,3.58888,41.7143
3.528,5.07225,126.048
5.38862,3.55094,40.7099
4.54156,5.96646,217.124
4.09642,2.35963,15.3977
2.95701,4.36784,77.5373
4.27348,2.19784,11.5362
4.07369,4.88638,112.735
3.3462,5.51,163.591
5.14951,4.48484,83.278
5.42836,3.83207,50.6868
3.84492,4.21344,69.8134
4.69821,4.60949,92.4326
5.93787,5.21836,138.97
3.74411,3.69596,45.1678
4.38317,3.54464,38.8893
5.75891,3.43648,36.6667
3.8628,4.51749,87.3651
2.70409,2.11224,9.36529
2.17359,3.65389,42.0011
4.51394,3.90211,54.5382
4.66884,3.47304,38.3846
5.21549,5.16428,133.24
3.50294,4.54256,87.7462
2.58605,4.64767,93.9171
4.12309,6.34583,265.935
6.66584,4.40677,80.1383
3.37237,5.33821,147.938
3.35576,3.32008,33.6378
3.97051,3.61803,43.7992
3.33854,4.83909,107.819
1.68729,5.77651,192.315
3.23816,5.67495,181.587
5.47231,3.57472,40.4301
3.82663,4.26198,72.0023
4.78866,3.38823,36.3019
4.06443,4.90457,112.364
3.92082,3.07884,28.1789
3.13215,5.85153,200.685
5.10919,2.02579,10.6709
5.89228,5.07753,125.855
3.6012,1.1309,5.81021
3.93667,6.09956,232.497
3.42076,4.65045,94.6583
3.48995,6.08807,229.892
3.0302,3.65883,45.3912
3.56388,3.06849,24.64
4.29531,4.30938,71.8726
5.57336,4.81049,105.252
5.55898,2.96585,27.2604
4.27391,3.57711,43.6563
2.91392,4.98257,119.385
4.76239,4.01773,60.0225
4.31132,3.13628,28.5497
3.14408,3.73988,47.3668
4.54822,2.64507,20.7913
4.23256,3.3128,34.7277
5.35355,4.06999,61.4176
3.36711,3.43001,36.4944
