3
2.75931,2.76896,46.0224
4.47273,4.55097,158.881
2.85186,3.71126,88.1463
4.45787,5.64824,266.526
5.36963,3.07874,86.454
5.40782,4.26027,147.885
4.91683,4.73452,178.746
4.76821,2.81808,67.6626
4.67895,3.84424,111.106
3.70406,4.32736,133.465
4.10192,3.96039,114.925
4.13272,4.63615,162.148
3.43589,4.31984,132.302
5.83369,4.02913,141.051
3.47411,4.8402,174.398
3.86227,2.74812,55.4364
3.5599,4.9452,182.923
4.43651,4.30112,140.617
4.62501,2.78758,64.4134
3.21652,3.12575,64.626
4.50276,5.24291,223.441
4.00323,1.7239,33.6082
4.68386,5.59052,261.783
3.3468,2.33304,39.4326
4.62277,2.52293,54.8746
3.27704,4.0291,110.383
4.00554,4.54799,152.074
4.67264,3.8341,111.638
3.30235,3.3755,75.3522
2.99269,4.58051,148.235
3.9065,4.61874,159.614
2.91433,4.2868,125.785
4.07492,4.78549,173.535
4.50127,2.91591,66.2753
5.72785,3.88334,128.093
4.94235,3.48823,96.6267
4.3642,5.65321,264.901
3.89156,3.68717,94.619
3.67229,3.77653,97.618
3.74619,5.2638,216.297
4.3178,4.65532,165.947
4.42595,4.21314,133.334
2.22852,2.54723,39.2959
5.68844,4.1421,145.531
4.59155,4.44883,151.221
5.13611,4.32689,149.245
4.21144,3.96689,113.495
4.95025,4.0536,126.851
5.54169,4.32035,153.145
3.31473,3.97718,106.395
4.64594,4.98106,197.09
4.14453,2.74755,60.061
2.43704,4.10987,111.668
3.54958,4.09723,117.023
5.27154,3.16156,84.5451
3.75208,3.92185,107.582
2.72722,5.55108,240.783
2.68535,3.97576,102.547
5.23279,4.94421,201.893
3.95627,2.97206,65.3567
4.26867,3.94667,114.019
4.23346,2.26902,45.3954
4.16673,3.8004,106.839
4.14909,3.61703,94.7668
4.84698,3.88825,118.165
2.92667,4.05814,111.036
3.80872,4.88385,179.901
5.3181,3.43034,98.5391
3.98222,4.35597,140.521
4.36112,3.86603,111.865
4.51859,2.24095,46.1616
3.54914,5.47781,237.484
4.30732,3.13298,72.7782
3.52903,4.82394,172.072
3.26799,4.85133,173.414
3.87751,4.26278,131.566
5.41314,3.95103,126.678
6.28225,4.7359,201.047
4.42102,5.48769,247.727
4.34596,3.66504,100.084
4.37411,5.76104,279.843
4.02477,3.29665,76.7696
2.44679,4.39192,130.289
5.23263,3.98812,126.765
4.01854,3.66838,96.2988
3.10685,3.45998,78.0144
2.05854,4.27066,119.69
3.89008,3.46101,83.3228
4.41504,3.46458,88.6452
4.399,3.4889,90.3072
3.88384,5.0666,197.418
2.79082,3.91984,101.175
3.43752,4.62211,154.296
2.28308,5.0416,184.721
4.26325,1.69745,33.3566
4.3136,5.86307,292.561
4.15144,3.08724,69.9067
4.01935,2.07539,37.373
3.04969,3.74298,92.9475
3.91917,3.71153,96.9431
5.55607,2.40202,65.1974
5.20043,3.44523,98.4421
3.08846,4.66619,156.757
4.16395,3.71634,99.4778
5.0585,5.06941,211.742
3.16298,2.24975,33.8327
3.19103,6.32107,344.079
5.80139,5.95507,322.884
3.55819,3.37508,77.5995
4.63655,3.89612,114.799
3.10777,3.5318,81.3555
4.02237,4.30831,135.5
3.45799,5.79251,273.529
3.91138,4.29234,133.589
3.20181,3.29645,70.143
4.51761,3.74957,106.075
3.43127,5.47954,238.031
4.473,3.96328,118.05
4.74343,3.78668,108.464
3.09616,4.09196,112.769
2.62193,4.43232,135.218
2.98636,3.0232,59.6961
6.17103,3.21386,102.39
4.29341,2.73354,57.9316
1.09338,2.60187,36.9913
3.03192,2.46018,40.2849
3.36479,5.66627,257.938
4.91901,4.29702,144.522
5.44026,2.5943,67.5767
2.53321,4.03569,104.027
3.67683,3.17061,69.0506
4.2183,4.4775,151.3
3.7698,3.35971,77.8781
4.34497,4.73945,173.521
4.6381,3.27184,83.4393
4.1488,5.8085,283.027
5.30561,4.43906,161.458
5.2069,4.60498,172.249
3.95511,3.76883,101.719
4.75246,4.01282,124.256
3.23225,4.07169,112.298
3.17705,4.1195,115.042
3.5584,2.74755,53.5303
4.54218,5.01944,200.123
4.71994,6.77793,430.23
4.60337,4.13733,128.765
5.05299,4.93555,198.586
3.66483,4.10035,119.539
2.59961,3.90867,99.1187
4.82577,2.97837,72.9871
3.89918,2.61781,50.1921
3.59362,5.73067,269.06
4.01268,4.15863,125.775
2.98528,2.65902,44.6753
3.37716,4.31707,130.817
3.95963,4.16659,124.585
4.97355,4.80217,183.448
3.88433,2.6299,51.0186
3.5058,5.01743,189.681
3.7222,4.6482,158.939
4.44898,4.03296,121.312
3.278,2.51582,42.1252
3.6618,4.97806,187.32
3.6255,3.45184,82.0791
2.64271,3.74782,89.3796
1.65668,6.15584,313.632
3.89769,5.01609,194.541
2.98865,3.76142,92.5962
2.78675,3.99593,105.662
2.85944,3.2669,68.1069
2.67145,4.51497,140.461
4.18829,3.62917,94.6805
5.08315,2.29022,56.392
3.23895,3.61205,86.1219
2.63082,4.00017,103.333
3.63014,4.89165,179.799
6.16778,3.62364,120.22
4.83302,5.60794,266.881
3.74481,3.39183,78.5455
3.35805,5.01329,187.977
4.62856,3.08366,75.101
5.29018,2.37089,60.5019
2.15852,3.22558,62.7782
3.52759,3.80327,100.365
3.17101,6.19121,324.97
4.24387,6.18823,333.272
2.97233,2.66204,46.1946
3.73252,3.92237,109.256
4.09185,3.12234,70.9046
5.82179,4.12286,145.703
3.19538,3.4947,80.9568
5.68782,3.28219,96.9485
1.96924,3.66983,84.3945
1.83957,3.76344,88.8795
3.74264,3.50417,83.3538
4.12826,5.27011,220.985
3.06934,3.73974,92.0885
4.53744,3.85263,110.729
4.3285,5.6008,259.226
4.85764,5.92703,306.663
4.37624,3.62275,96.2123
1.47753,3.1072,53.9994
2.84747,4.59236,149.19
3.62566,4.52507,147.155
2.91419,4.41318,135.094
4.41763,3.27294,80.766
3.16764,4.3924,132.836
5.41202,2.44842,62.815
4.98918,4.16514,135.771
4.15525,2.04094,40.4382
2.34435,5.35771,217.148
3.95546,3.88108,107.697
3.49338,3.33415,75.168
3.10705,3.65962,89.3276
3.11738,3.79844,95.0246
4.36174,3.70237,100.686
5.49191,5.60929,273.9
3.58484,3.3045,73.9335
2.49195,3.13821,59.3074
4.3842,4.28106,138.016
4.25916,4.46817,149.526
4.40465,4.56364,159.904
1.59286,4.69917,151.767
5.01787,5.34679,238.807
4.8366,5.07581,208.492
4.67139,5.28074,228.004
4.20834,4.34547,140.112
4.82866,4.5178,161.436
4.39516,3.6618,98.9721
4.3803,3.09903,70.7806
3.75396,3.93148,107.581
2.92864,4.51798,143.085
3.66007,4.49544,147.144
3.12821,2.12123,33.7117
3.68472,3.25221,71.9322
5.76815,5.98228,325.96
3.46267,2.84317,55.4185
5.13124,4.31894,149.781
4.16623,2.31376,45.7668
4.19082,2.47423,50.9557
5.62489,3.21372,93.0816
4.83304,0.816156,31.7058
2.4063,1.02022,12.5356
3.05003,1.52575,20.1974
5.09513,3.42568,94.9734
6.19896,4.07359,149.525
3.34108,1.90509,30.613
4.92149,2.56179,60.0898
3.8997,3.6796,94.8541
4.71529,3.34592,87.3347
4.18191,3.83736,106.817
4.86661,3.79676,111.767
4.83109,3.67411,104.779
4.26681,4.42903,146.117
4.1421,4.25352,132.131
4.95978,5.06101,209.707
3.28344,3.92855,104.584
4.58824,4.28655,141.086
3.11374,6.10627,313.338
5.23874,4.15018,139.128
3.1604,3.83669,98.235
2.70237,3.32915,69.4662
3.33907,4.0256,109.844
4.98521,3.7066,109.396
1.89665,5.84526,272.248
4.9999,3.7939,114.231
3.63806,4.73799,164.5
3.65801,4.12459,119.938
3.62185,1.6525,27.4764
4.47246,4.38038,145.584
3.91664,1.87712,36.3018
5.81155,5.41959,257.309
2.59289,3.94689,102.055
4.31198,5.11374,206.561
5.12806,4.41617,156.142
4.54074,2.09678,45.3905
4.36607,3.87821,112.428
3.4854,2.95168,58.172
4.05511,2.34768,43.2517
4.2809,2.56469,53.3297
3.61593,3.12097,65.8114
1.8133,4.28728,120.063
3.38251,3.75966,95.9958
4.0395,4.40654,142.028
4.0843,3.40857,82.6114
5.65664,4.64567,181.646
6.24831,3.91642,140.907
4.46814,2.14183,42.8218
4.00689,4.7318,168.36
3.57701,2.97623,62.1326
2.9041,5.56317,242.953
1.64662,5.63455,245.579
3.40214,5.46615,234.705
4.56585,4.40576,150.229
4.45708,4.95317,193.629
4.38609,3.45969,88.258
2.96084,2.38833,38.0766
1.67137,2.24311,26.9145
4.53401,6.05436,319.114
4.49527,3.569,94.0648
3.45407,2.49303,43.7335
4.20017,3.17758,73.5314
3.58007,5.86587,283.703
2.55844,5.16506,197.947
4.54887,4.0682,125.303
3.42989,3.36521,74.7506
2.99105,3.97486,105.642
2.69942,3.21224,64.8645
5.41012,3.57106,107.212
2.32758,4.16933,116.565
3.2527,4.07904,113.158
3.18085,3.08633,63.5476
4.41686,4.47872,150.426
5.60543,2.90225,79.4232
4.39052,5.32005,228.003
3.93808,3.39674,82.0595
5.69528,2.98116,86.4796
6.34131,3.96577,144.989
4.73595,4.63605,168.965
3.8431,4.21306,124.49
2.88616,6.69339,399.77
3.49464,5.93626,293.215
4.88018,5.40008,243.786
4.34912,4.84504,182.027
4.64312,3.38974,85.6942
4.27057,4.92327,189.356
4.17,3.43781,85.5149
2.65519,1.79592,24.2682
4.00885,5.19493,212.283
4.42907,2.43335,50.9187
5.62551,4.28207,153.51
3.97548,4.29289,133.798
2.36069,2.8655,49.7162
4.03166,2.46452,47.6575
4.69682,3.79817,109.52
2.97557,5.09874,192.672
3.34721,3.37171,76.1677
3.21939,3.82316,98.6119
2.81363,4.75186,159.464
5.19928,4.48917,162.594
5.09128,5.77169,288.792
4.63117,4.36526,147.245
3.76739,4.00633,113.044
3.93075,4.04657,117.054
4.4274,3.56201,93.9679
3.53595,3.63147,89.3648
3.95332,4.27658,132.873
3.40785,5.55119,246.894
3.90958,4.44746,145.498
4.3262,4.82884,179.865
4.58105,4.00001,119.917
3.28159,4.00499,108.302
4.46217,4.13448,128.751
3.74196,0.85435,18.9782
4.59454,4.88339,187.644
4.0814,3.93426,110.719
4.57677,4.29971,141.542
4.25626,6.25102,343.688
3.93887,2.14431,38.5707
3.91192,4.19511,127.86
4.44866,3.95905,117.446
3.51193,3.19728,67.6948
3.50587,3.22265,70.8256
4.76449,4.15568,132.462
4.25928,3.39978,84.168
5.14566,2.46353,59.9481
2.49033,5.12208,194.449
3.2017,3.92841,104.961
3.08987,4.29334,127.963
4.26622,4.31261,135.885
4.27847,3.68465,98.0864
5.69207,3.75725,120.041
2.80606,5.61894,247.794
4.46598,2.35344,50.9643
3.69815,2.66792,51.4796
1.13334,6.02996,293.071
4.48593,3.31507,82.7357
4.54755,3.34112,85.3143
0.398666,2.7905,44.0289
2.89216,3.46747,76.6622
4.37168,5.39073,235.56
5.01277,4.3792,152.81
4.16817,5.39037,234.36
4.6236,4.85385,185.161
4.99276,3.50522,100.818
3.7233,3.21352,72.1806
4.92466,4.7765,180.777
3.73949,5.3988,230.466
4.56636,5.06998,205.667
3.6582,4.57424,152.505
3.58173,2.58808,47.3171
4.1671,4.94174,187.644
4.57817,4.63647,167.241
3.8749,3.51542,86.7311
5.73863,3.36145,102.779
3.9206,3.18725,71.2173
4.96786,1.92545,46.7084
4.82231,5.62267,266.97
5.86682,4.66865,186.739
3.12536,4.64469,154.912
0.902128,5.96238,284.504
3.50241,2.97347,62.4383
3.94654,4.50434,148.824
3.13784,4.21407,121.282
4.55249,3.58902,97.3173
4.97954,5.60641,268.433
3.16941,3.68746,89.2965
4.50602,3.07457,72.5205
3.30017,4.8561,172.962
4.17939,5.08641,203.664
4.65155,4.31809,143.357
3.82047,3.33564,76.2666
3.57989,5.99826,301.576
3.91308,3.41884,82.9619
4.8058,4.18577,134.594
4.25017,3.40713,83.1992
4.61459,2.34178,51.8392
2.96609,3.07071,61.195
5.216,4.76706,185.283
4.3606,4.50835,155.72
4.14855,2.99818,66.5321
3.85173,5.36426,227.237
3.81503,4.13598,122.392
3.5576,3.10027,65.6343
4.27008,5.06349,201.146
1.53885,3.42124,69.1806
4.70763,3.32113,84.3493
5.87209,2.59984,76.0739
3.41512,4.19446,123.883
5.26365,3.65334,110.501
2.09279,4.49834,137.97
5.01499,4.45211,159.198
4.88793,5.55566,259.594
3.9541,4.92078,186.791
6.42823,6.44566,404.514
4.83149,4.42108,151.63
4.14083,3.60829,94.1814
4.52294,3.03559,72.2474
3.23065,3.80735,95.7505
3.95468,4.20096,127.51
3.16908,3.07774,60.3895
3.87487,3.31844,77.3045
4.23893,3.72739,102.406
3.05717,4.08004,114.007
4.2621,6.73922,418.5
4.27222,4.69203,167.611
4.05242,5.63312,259.281
4.18718,4.55262,155.602
4.81587,5.21761,222.654
4.68584,2.86083,65.9031
4.37007,2.73478,59.3458
2.05172,3.10819,55.2702
4.7688,4.10306,130.256
3.96653,5.90172,292.002
2.46462,4.84654,169.827
3.81939,5.05974,196.689
4.58261,2.92398,68.0108
3.87276,4.0035,112.719
4.9964,5.14332,218.313
4.99883,3.33917,88.6803
3.38645,4.84346,173.342
5.08961,5.71235,282.792
5.64385,4.07122,140.129
3.50072,3.96572,109.12
3.87728,4.5906,157.143
3.16505,4.32345,126.976
3.39785,3.64541,89.3749
4.08893,2.6153,52.4465
2.25097,3.32133,67.301
4.61333,3.8613,113.893
3.12142,4.01937,108.247
4.11919,1.76151,34.8031
3.71054,4.44094,140.697
5.01272,3.23684,84.4693
3.70602,4.19773,123.81
3.13262,5.5815,248.011
4.06968,4.25608,132.374
3.02982,5.46905,235.002
3.99115,3.60386,91.0198
3.42373,4.53216,146.982
3.75978,3.88094,104.626
4.76873,2.64316,59.7532
3.46496,2.21401,38.2415
4.68397,4.76995,179.866
5.02297,1.42795,39.5469
6.31489,3.7185,130.458
4.77749,1.98017,44.9642
2.59407,4.16719,114.798
4.90781,6.32715,360.468
2.87711,3.6518,87.8412
4.12566,3.03032,67.2926
5.81171,4.54827,177.802
5.50264,2.79793,74.226
3.96861,5.27399,219.603
2.68162,3.70467,86.9542
1.58392,3.06957,52.2165
3.98286,2.00793,38.4918
4.45815,3.03681,71.936
4.34223,2.71291,59.5912
2.95344,3.18861,64.7456
4.17711,2.12444,40.394
4.96207,3.17841,82.9837
4.10526,2.04647,40.2097
4.88069,4.31785,145.526
4.4337,3.49609,92.8247
5.48032,4.105,139.377
3.53084,5.75097,268.68
3.74546,4.30037,133.09
4.5937,4.07606,124.605
4.16969,3.22761,77.3729
4.89879,4.59666,168.152
4.41414,3.644,97.8476
3.03409,3.82223,95.6241
5.25294,4.33509,152.295
3.70554,4.04053,115.541
3.59051,4.45393,142.305
3.7506,4.48416,146.554
4.88432,3.77824,110.718
3.53359,3.56045,86.1917
2.67022,4.37947,132.795
4.06257,3.11247,69.5629
4.3385,4.43054,147.766
4.31645,5.20364,216.579
1.94962,3.84289,93.9261
5.59786,3.67054,115.563
4.0977,2.87779,59.5395
4.23804,4.64456,164.883
4.79942,4.03742,125.007
4.99594,3.81675,115.274
5.05248,2.60786,63.3255
4.57623,1.14421,30.3565
4.0965,3.39347,81.7394
2.47864,5.01252,183.912
2.37993,2.05746,27.6069
3.60648,4.72443,163.003
4.37437,4.90731,188.26
4.35698,4.1768,128.509
3.43001,4.10883,116.705
4.02327,3.58014,91.6072
4.10236,2.10974,40.2052
3.8086,2.29463,42.6745
5.12716,2.43204,59.9266
4.52517,3.83495,109.962
4.51887,4.3089,142.21
3.17448,3.44061,76.2061
3.93207,3.02372,64.2208
5.05587,3.96652,124.366
3.9153,2.44927,45.1324
4.90514,3.51992,100.281
5.41389,4.32606,152.705
3.36735,3.40182,77.5603
4.90238,3.97209,125.438
2.56068,3.78602,91.0802
2.53723,2.46534,38.7453
4.29262,4.06829,121.296
2.54406,4.34497,127.704
2.47808,3.57276,80.5867
4.27786,3.94834,113.46
4.16908,3.51206,89.7391
3.07628,5.09274,195.273
1.60121,4.86708,165.603
2.85962,4.87631,173.093
4.57699,3.98087,119.87
5.6397,3.86463,127.471
4.71163,1.72032,40.1994
3.7183,3.77245,98.7328
4.10033,3.57176,90.077
2.33886,4.54502,142.981
3.86428,2.66106,51.2981
3.81756,4.99766,189.828
2.84115,5.05279,189.22
5.80096,3.92168,133.853
5.33845,3.18624,89.0471
3.37277,3.26814,70.2903
3.72894,2.81897,55.5884
2.39913,3.36471,70.2637
3.94129,4.00932,115.338
4.13865,6.03144,311.834
4.0395,1.6855,32.2808
2.86843,3.32081,71.0389
5.06126,5.53119,259.026
5.44143,4.85018,196.32
5.1607,2.01701,49.7088
4.78113,5.49178,253.236
5.06603,4.8747,194.925
5.36084,2.67541,68.8502
4.67976,4.60675,163.999
4.27245,2.97922,66.5499
3.30483,3.69775,90.0749
3.98787,4.52285,150.334
4.13249,2.68892,55.3198
6.02989,1.50568,55.2458
3.36445,3.44345,79.5308
5.20115,3.24503,88.5108
5.38488,5.51507,263.993
4.83172,3.44924,94.2177
4.8975,3.57635,100.889
3.47689,3.01458,61.3095
3.05914,2.72267,47.3292
4.75954,1.87077,42.6108
4.86621,5.14663,214.851
4.25622,5.25021,219.453
2.66692,4.0124,103.934
4.03079,5.16217,208.652
5.39039,4.91596,201.749
3.20017,2.71094,48.4279
2.25153,4.88622,171.335
2.43586,3.92781,99.8173
4.60972,4.43908,151.278
2.80414,4.96193,179.351
2.87794,5.34621,221.499
4.91167,3.23699,83.9367
3.22237,3.02895,58.5247
4.0766,3.49404,88.9542
4.91198,2.58066,61.0164
3.85374,2.31424,39.0149
4.90124,4.55767,164.991
3.58735,5.1295,203.26
3.94273,1.75483,33.0494
3.90975,3.73327,99.6175
3.98697,4.41874,143.804
6.17159,3.37296,108.247
4.31824,4.20367,131.898
3.46141,2.83112,53.7004
3.30599,5.6908,260.701
5.76157,4.78681,197.802
4.4271,3.60558,99.2573
3.41935,3.46705,79.8558
2.75404,3.26301,65.5732
3.24219,3.94432,104.09
2.91844,4.21965,119.881
3.16447,5.91747,287.26
4.47813,3.02226,70.4118
5.70566,4.01167,137.225
4.29321,2.58482,53.6349
3.12004,2.94834,56.6085
4.7594,4.12487,133.049
3.9317,6.17321,328.834
4.91229,5.00997,202.685
3.63997,5.94432,296.823
2.33325,2.53809,39.2624
3.72959,3.76817,99.7479
4.55627,6.47657,380.316
5.43836,3.57624,107.698
2.95909,3.96893,103.706
4.95004,5.18281,220.459
2.84581,4.43599,136.45
4.29326,3.35646,81.4946
2.52002,4.3521,128.179
4.11414,3.57202,89.6402
4.39471,2.73559,60.6689
4.16769,2.80341,60.0896
3.24192,3.90821,102.901
1.55533,4.34709,125.063
3.67043,3.40157,79.2669
3.52442,3.42513,80.1541
3.79245,2.95362,63.385
4.89955,4.97974,201.252
3.39446,3.20644,69.7556
1.84587,3.45774,69.9065
3.20622,2.98574,57.9723
4.83702,6.01022,315.312
3.50146,5.7374,267.002
4.09888,2.935,64.4876
5.07125,4.30463,146.462
4.84445,3.10396,78.7224
2.21191,3.83745,93.869
3.47819,4.9195,181.17
4.47907,4.10768,127.138
4.06284,3.78195,102.439
4.10239,4.87139,179.683
3.19127,3.56803,84.9829
4.42307,4.34388,142.529
3.78538,3.56196,89.3899
3.78484,3.57903,88.3908
5.15467,3.9467,126.12
4.85966,2.47972,56.7938
4.42136,4.8541,184.158
3.91409,3.51158,85.9813
3.59425,4.43482,141.969
1.99992,3.83182,91.0665
3.12093,4.17131,118.005
3.94412,4.74414,168.603
5.93041,3.32431,103.096
1.9056,3.22008,61.2195
3.6655,3.6146,89.4477
4.02503,4.7783,172.488
4.3535,2.89581,64.4538
4.10527,4.5681,156.618
3.72674,4.08929,117.205
4.29969,5.51968,248.958
3.81567,4.14347,121.746
4.20584,5.1025,204.068
4.71201,3.71999,106.587
5.46935,3.36239,97.4418
4.57965,3.97134,117.533
4.97941,4.03167,127.83
4.44791,3.61833,98.5288
3.42397,3.11744,64.6241
3.01769,3.60422,84.3917
3.89737,3.83348,105.135
4.23673,4.72959,170.985
3.31558,4.16322,120.538
3.97086,3.1804,72.8984
4.64625,4.27864,140.36
3.58699,4.10266,117.597
1.79126,3.56038,76.2825
4.60663,2.15937,46.9939
2.88404,5.01671,185.902
6.14334,4.10019,147.925
2.96883,3.4151,73.0635
4.7944,2.84664,67.9233
1.79147,0.450953,9.22708
3.73285,5.19119,211.712
3.05783,4.55584,146.072
2.22086,3.50302,74.7085
2.92395,5.25627,210.936
3.03666,4.12793,113.609
3.15207,5.90881,286.183
3.96768,4.9746,189.351
3.39691,5.00945,187.847
4.12361,3.85663,107.421
3.10031,4.74999,161.896
2.46607,4.25804,121.994
3.90327,5.45831,239.401
3.04504,5.61729,250.092
4.97439,4.20899,138.427
4.70878,2.96733,70.6391
2.77676,4.50636,140.719
3.99847,5.73289,273.431
4.40529,3.8148,107.724
3.25265,4.71317,161.636
4.09922,3.7556,100.986
4.11031,2.93128,63.518
3.49543,3.90787,103.133
5.12466,4.7911,187.024
2.53501,1.89287,23.9248
5.60924,3.78647,122.525
3.52589,3.92491,105.879
3.34389,4.18946,121.54
6.33495,4.03564,147.702
3.44485,3.56235,85.2976
6.15877,3.22803,102.929
4.19742,3.72305,99.7961
3.21709,3.09778,63.6333
4.08307,4.13798,124.655
1.95121,2.72477,43.077
2.78203,3.98361,105.834
5.45324,4.48459,165.828
4.40962,5.66654,268.402
5.27977,2.86873,74.5864
4.14262,2.31459,44.5834
3.7854,5.42306,233.882
3.8255,5.12625,204.166
3.73947,4.06029,114.627
4.82823,4.76978,179.293
3.34891,3.71336,92.2216
2.72063,2.36768,35.908
3.76892,2.89955,58.9544
4.95485,4.76331,181.704
4.22405,1.94221,37.3449
5.50374,2.51139,67.0203
3.13526,3.59283,84.9413
5.01896,4.07798,130.836
5.01186,4.94807,199.628
3.98443,5.09117,200.819
3.30879,4.26549,126.066
5.47473,2.92581,79.8488
3.4396,3.01687,61.0641
4.11081,4.63032,160.987
4.00604,3.88448,108.122
4.53999,2.87285,68.0883
1.48209,6.56115,373.459
2.33038,4.20192,118.182
4.76156,3.40897,90.3112
4.81007,3.11431,79.1093
5.51188,4.10765,138.644
5.19489,5.65582,275.394
2.11572,3.45079,74.1093
3.38315,2.93555,58.4877
5.26444,4.22975,144.467
4.11959,4.74163,171.81
3.08167,3.24902,69.5739
3.10913,3.98394,106.002
2.5671,0.779155,11.9505
4.45611,3.09293,74.9418
3.67407,3.84667,104.004
5.05817,4.01425,127.987
4.03711,4.76163,171.8
3.05454,3.05951,59.8858
4.85207,4.13525,131.688
3.86564,5.77826,276.681
4.4226,3.22592,76.3475
4.17461,4.92758,186.932
2.72662,4.41286,134.175
4.91319,2.91525,71.0347
5.69631,3.8516,126.427
4.21104,3.94694,113.653
3.27496,4.0644,113.858
4.34981,4.8777,187.181
4.37071,4.13193,127.945
3.59227,5.52668,242.265
3.56512,0.651083,17.5905
3.68261,3.17469,70.8875
3.34974,5.71197,263.634
2.85366,4.685,156.827
4.30039,4.15784,127.386
3.06982,4.99867,185.505
2.66468,5.16224,198.979
4.55308,3.67789,100.281
4.02958,4.45296,145.996
3.21915,1.72655,25.9568
5.16861,4.58532,168.822
4.62503,3.47997,93.7771
2.72188,3.77786,92.6884
1.96287,4.1094,110.082
3.71014,4.42976,142.355
3.92932,4.87853,180.141
5.509,3.92325,130.241
4.39621,4.08958,123.59
3.60587,3.43075,80.1111
4.66768,5.80308,288.081
4.97149,4.26252,143.441
4.73523,4.40897,150.614
6.10348,5.96756,329.273
3.58622,5.54042,243.907
4.05744,1.87459,35.9848
3.0707,4.65015,154.616
3.82042,5.68051,263.213
2.46278,4.54155,140.601
3.81589,3.81651,101.437
3.35537,4.43615,139.22
3.13081,3.79878,97.0447
3.86957,4.40302,142.525
4.56645,4.4022,146.544
4.45487,3.35463,83.4921
2.50832,4.18735,116.466
3.51647,3.37962,77.2781
4.71468,3.73225,106.956
4.54741,3.53204,94.219
3.20555,5.20322,205.739
6.0353,3.08955,94.885
3.64456,3.9235,106.659
4.02504,3.87619,107.963
3.71595,2.37223,43.2708
4.78974,3.88054,117.366
4.44188,3.92205,113.615
3.64197,3.69641,95.3142
2.79287,3.87588,98.3879
4.97413,4.1558,135.043
1.36604,5.54447,233.08
4.13372,3.54368,90.5955
4.60811,5.80704,285.978
1.84669,4.45351,132.624
4.20977,2.25837,44.3775
4.06252,3.01732,66.0327
2.15893,4.22394,116.983
1.84931,4.52376,136.853
4.84351,3.78811,111.999
4.16668,4.84703,180.668
5.43374,4.25208,148.537
4.64137,3.29452,85.0659
4.2769,4.32762,139.298
4.17429,4.52263,153.365
4.66206,3.24962,82.4081
4.32227,2.88949,62.5138
2.63836,3.03315,57.7619
4.00435,4.35998,139.78
3.6631,1.46636,24.1006
3.93906,3.65667,93.2591
3.96887,2.97054,64.9023
2.90298,4.25801,121.853
2.44679,4.37329,128.813
3.12463,4.4891,142.794
6.90398,5.11329,247.425
2.25226,3.30712,66.2867
4.63193,3.79228,109.355
5.25428,2.15972,56.691
4.09796,4.77672,172.692
3.88173,3.77006,99.8137
5.69566,3.63649,115.354
4.2018,3.68319,98.0665
3.74912,4.82126,174.534
2.45915,3.21525,63.8276
1.84665,5.45238,226.812
3.28248,5.13388,198.765
3.05541,3.88881,101.442
5.17386,6.04761,327.556
5.28814,2.61609,66.3132
5.1557,3.88263,120.208
2.34132,3.81692,91.2834
3.71172,4.72664,164.847
4.97447,5.17127,218.734
6.63848,4.91835,224.023
3.03657,3.39773,72.4765
2.34708,3.985,101.689
3.81275,2.85374,59.068
5.32729,2.68892,69.9421
3.18236,2.76431,51.0801
3.66825,2.63543,50.7956
5.40377,3.90213,126.399
4.13992,4.21311,129.186
2.06723,2.58146,38.5242
2.65976,1.44443,18.5305
3.74841,4.63807,157.391
2.31304,3.59439,80.001
5.0205,4.60692,169.921
4.2978,4.21488,131.296
3.73796,2.59731,49.1131
3.03557,3.28983,69.4473
4.11418,5.37393,233.189
5.33953,3.72441,114.844
3.4378,2.99341,59.2952
4.74257,3.61223,99.1987
1.79832,4.45968,135.287
3.68309,6.20237,330.921
2.85778,4.33484,129.433
3.68486,4.65404,159.52
4.12234,2.60628,54.8488
4.17545,5.11713,205.784
2.7615,6.38871,351.283
3.48747,3.17099,66.2102
2.48064,3.5466,78.3071
3.22529,5.22418,206.649
6.18725,1.74971,60.9959
5.75489,3.50006,109.349
2.56316,4.67256,152.542
4.18728,4.33961,138.744
2.7687,3.47752,74.0019
4.10524,3.95657,114.369
3.51818,4.46773,142.858
4.60221,2.32871,53.9412
4.53499,3.79152,107.854
3.00347,3.06842,61.5436
3.9759,3.05267,66.7255
3.38768,5.68815,261.278
4.94487,3.08603,78.0325
5.42162,3.89146,126.703
4.5268,5.11072,209.732
4.9096,2.78066,67.2522
5.27798,5.1835,225.959
5.1215,5.82594,296.895
4.06581,4.18824,128.189
2.74603,2.34631,35.4246
2.81042,2.92476,51.9845
3.78391,5.25584,215.993
2.58784,4.16981,116.598
4.79292,3.19596,81.8577
2.06707,4.43265,132.309
5.46532,4.82994,195.339
4.63228,5.50517,251.821
3.84162,2.54247,47.7404
4.42801,4.63035,163.747
2.819,3.69436,88.7352
4.89834,3.66814,105.292
3.11949,3.40355,75.6073
3.75633,4.55747,151.756
2.60512,2.48111,37.2535
4.21493,4.06276,122.822
2.22922,5.30847,210.602
3.12509,3.54287,79.41
4.90115,4.87823,191.241
3.4943,4.64901,155.903
2.74433,3.35051,70.6279
4.53715,4.78274,177.799
4.08323,3.41559,80.9382
3.39714,3.7526,95.5876
5.67441,2.65927,74.8349
4.37546,4.37817,142.745
3.91422,2.99525,63.8796
3.65874,3.59683,88.9519
4.35531,4.43595,149.381
3.0819,2.63429,46.2644
3.48691,2.74386,52.5316
4.92229,4.31685,146.034
3.70944,3.69736,95.6275
4.23833,2.60232,54.3187
5.93351,4.53885,178.002
2.75776,4.47906,140.952
3.49276,4.07408,115.076
2.78884,5.34846,216.758
3.70127,3.61996,90.7765
3.01184,5.22103,204.811
3.87178,3.8571,105.841
2.42358,3.62603,82.8637
3.95254,2.84629,60.5024
4.99419,4.7561,181.456
3.58894,4.4883,145.508
4.31052,3.43175,88.123
5.44702,4.86546,196.461
3.75625,5.64411,259.135
3.80593,1.83427,29.9243
6.10984,5.06627,226.965
3.69859,4.29858,132.34
4.83458,4.08135,129.072
2.8164,4.28919,124.607
2.68308,4.57656,146.674
3.09254,3.16975,63.7294
3.87622,3.40649,80.7405
2.35109,3.11488,57.9765
