3
3.75913,4.02822,31.6959
2.71941,3.86491,18.4214
5.15579,3.95507,58.6207
3.06337,4.20199,21.3591
3.96324,4.62862,36.0398
4.14322,2.59328,34.9471
5.6788,3.13242,71.0667
5.62244,4.67894,71.2804
5.12669,3.47679,56.9445
2.69276,3.77805,16.3807
4.21839,4.70127,40.9941
4.12397,5.75414,42.7533
4.53514,4.19116,44.6689
4.93028,4.62039,53.9714
3.90277,3.89257,33.3252
3.98454,2.84588,33.1127
4.58532,3.73741,44.0235
4.18852,4.96653,40.6685
5.15137,4.51037,58.629
4.91258,4.98705,55.9161
4.18027,2.38809,37.623
6.50244,3.89024,95.9024
4.45857,2.82667,41.9553
2.6722,5.06599,19.6809
4.69346,4.81376,50.8021
4.77225,5.61388,55.8116
4.27568,5.16188,43.7278
2.69908,4.16027,19.5701
2.98035,3.80624,19.236
2.11899,4.38714,13.6253
4.3641,4.36469,42.5257
4.21944,3.3053,38.0704
5.13132,2.95845,56.0593
3.731,5.14434,35.2318
4.49766,2.48916,42.9904
3.86511,4.21179,32.0287
4.20687,5.05894,41.9766
3.80829,4.22464,31.1348
5.15008,4.78893,60.2032
4.98183,3.60175,53.5869
5.33459,3.30264,61.1447
3.88866,2.97769,31.5339
3.44045,4.09446,28.1173
5.23642,3.62014,60.1112
3.34961,3.9354,24.6171
4.00636,4.00991,35.3708
4.2872,3.01059,37.466
4.53655,3.96966,44.0915
2.62858,5.02873,20.7892
3.61621,3.51856,28.6359
4.7603,3.2245,46.3258
2.71029,4.1108,18.7394
3.58464,4.83011,30.1447
4.92381,4.54563,55.0133
3.13209,3.22655,21.702
5.39061,2.85754,61.217
4.67919,4.88221,51.3207
4.39765,3.90574,41.9473
3.85301,2.95808,31.3036
4.8151,5.29655,54.0101
3.9998,3.61992,32.6008
3.29418,3.49224,23.8018
4.62599,0.775561,42.1394
2.21043,4.65998,14.7771
5.66487,4.18441,71.9078
4.21048,5.15325,41.9639
3.47406,4.53063,28.3872
2.38539,4.02322,16.1888
4.40682,3.35681,39.8981
3.73937,4.69114,29.7819
4.19074,4.90562,41.0373
4.47828,3.86739,41.1637
5.43489,3.39366,61.0045
3.0567,3.65822,19.9166
4.16059,4.50222,37.9425
3.0089,3.29043,19.0052
3.70245,3.65766,28.0905
4.15904,4.05794,36.7403
4.77096,4.89914,51.0986
2.20372,4.29602,16.1327
4.28024,3.1753,39.0594
0.566559,5.23856,13.0564
3.19103,4.14316,21.1302
4.59802,3.77795,45.0509
5.31056,4.80674,65.7797
5.26865,4.11198,60.537
5.32876,3.96262,60.6854
4.04997,4.71206,38.1541
4.02119,4.60457,37.1603
4.14242,4.7773,39.9349
5.32636,2.94284,60.6289
2.73261,3.96404,20.4834
3.39794,3.27262,24.3133
3.83773,3.41103,32.5778
4.39841,5.38104,46.5924
3.94525,3.74857,32.8306
3.15385,2.64412,19.9827
2.85811,3.55992,17.985
4.61782,4.20056,47.1926
2.7093,6.22505,26.3772
5.05376,3.3617,54.5993
3.10167,4.4943,23.4662
4.27249,3.24094,35.8109
2.48731,5.57363,23.569
3.45854,4.08553,26.7464
3.66385,3.06335,27.9051
5.34562,4.40514,63.383
4.643,6.31105,56.4624
3.26648,4.59125,26.0567
3.80214,4.84337,33.5692
5.11063,3.42324,53.9417
5.08252,3.41491,55.3439
4.11198,3.22632,35.0861
4.70496,6.25323,56.3212
4.19677,4.9381,40.6212
3.59484,3.0202,27.1326
5.22619,3.66517,59.7267
5.29889,4.72844,63.5026
3.3989,4.42445,26.6563
3.06874,4.98516,25.4363
5.45763,2.66419,65.3004
5.34514,2.92857,60.5797
5.28551,3.25864,60.3421
5.42964,3.89285,64.1859
3.17215,4.02047,21.8103
4.11201,3.30557,34.1961
5.25636,4.03257,60.8826
3.30262,3.94788,23.2779
4.86396,3.52338,50.8149
3.75803,4.77522,33.3361
2.95975,5.33431,25.0648
3.76193,3.65181,29.3401
3.25762,4.9692,27.9685
4.20485,3.43532,36.0028
3.9251,4.81923,35.8661
3.13085,3.92202,23.3289
4.15962,4.36806,36.8494
3.94661,3.36218,31.4034
3.72959,4.45166,31.7801
3.98791,4.55207,35.7042
4.32167,5.35958,44.8551
4.48049,4.8046,46.4554
5.35931,4.73721,64.9932
3.28239,5.20429,28.8106
3.04138,4.51648,24.5463
2.72642,4.89003,19.105
3.09301,2.97413,20.7062
3.36379,4.25044,23.7138
2.25747,4.25073,14.0559
4.3029,2.10586,35.5462
4.74785,3.51019,47.7724
4.24535,3.99883,37.5368
6.18931,2.31284,85.0494
4.3801,2.4345,37.8319
3.92099,5.71874,38.7413
4.77129,3.73603,49.0184
5.29564,2.35426,60.6319
4.13861,4.85727,40.639
4.83048,3.37225,48.5722
3.52534,4.14579,28.3806
4.15079,2.90007,36.4598
4.16627,3.19737,33.6407
3.30023,3.59723,24.6587
2.91253,3.23517,19.0891
4.07061,4.19573,36.1632
4.24274,3.71885,39.0099
3.33537,3.97722,24.068
3.59974,6.39348,40.3793
3.62913,5.14313,32.925
4.48651,5.26255,45.0996
3.95721,4.57386,35.3509
2.71245,2.97176,16.3146
4.28,3.48942,37.5947
4.23007,4.37653,39.5781
4.07395,4.34825,37.5174
3.66806,2.76967,27.2627
2.14178,5.22255,18.1769
3.52805,2.73615,25.1869
2.91663,3.44131,18.3556
4.80565,3.66675,49.9635
3.24208,4.54703,25.0584
4.15384,3.61776,36.8305
4.11086,3.10561,34.5143
3.96227,4.55128,36.3137
1.18282,4.33501,10.9248
4.62291,4.67816,47.8214
1.75855,5.16833,14.7006
4.13156,3.7422,37.0675
3.76151,3.34208,27.0968
2.48506,4.97909,20.3273
4.57014,5.49981,49.2064
4.24092,3.26016,38.7169
3.42688,3.84057,26.2699
1.67627,2.51026,10.1924
4.52089,3.55872,44.2168
5.19653,3.93267,57.7507
2.86963,5.13989,22.4737
4.91642,3.53755,52.5484
4.34373,2.91279,39.1778
4.37403,3.59291,39.8555
5.50794,3.25937,67.0483
4.89536,3.66334,51.6005
4.45468,3.89001,42.467
3.09391,6.17735,31.5214
3.90853,3.61767,33.3341
3.471,4.13469,27.402
5.60105,5.89027,77.5423
4.79127,4.17101,49.3869
6.1586,4.19798,83.8513
5.00227,2.99452,53.9615
4.38811,3.07549,38.8744
4.99877,2.10852,50.6305
5.10575,5.13506,60.8456
4.55589,3.16198,42.6545
2.92721,4.48071,21.9612
3.17846,3.32128,20.3067
2.30319,1.94477,11.8144
3.53054,5.71581,33.5819
2.60832,4.37042,17.4163
2.95979,4.14875,21.5603
2.78933,4.03849,19.0018
4.90867,3.48346,50.1441
3.65133,2.49518,25.7675
4.00388,4.54783,37.4541
2.93904,3.12595,19.2982
5.74267,4.46944,75.817
3.04844,3.92084,20.5503
4.41758,5.09989,45.8473
4.62091,3.14431,44.0874
4.02649,3.83771,33.5109
4.91714,1.99756,49.7334
4.2817,2.70963,37.7602
4.55779,3.87122,45.162
3.76513,2.77384,27.9841
2.46247,3.60586,13.6293
2.79542,5.44834,24.3987
4.78201,2.108,45.8804
3.58464,4.13598,28.3085
4.32822,2.14033,36.7673
4.51895,4.47211,45.9779
3.77136,5.05373,33.3847
5.31879,3.65249,63.0866
2.43534,3.05465,14.5059
4.20639,4.86615,41.778
4.51216,4.4027,45.6334
3.5619,6.30081,38.6295
2.8762,3.67832,18.6679
3.71705,1.35205,29.6546
5.43274,4.05487,65.1689
3.46106,4.1476,25.9479
3.96454,4.75295,37.1021
3.51516,3.64136,26.7678
5.53642,4.60366,68.3528
3.98528,4.43191,35.0805
2.03509,2.32285,11.4881
4.22498,4.49253,38.9621
3.23594,4.55507,25.7194
3.61983,3.22996,28.0876
2.26539,3.92615,13.1102
3.14268,3.19135,20.3526
2.83437,4.5453,22.103
4.28505,3.71074,38.2387
4.28451,3.41764,39.4502
5.64589,3.97026,69.7818
2.73759,5.01407,20.8568
4.34364,4.64363,44.9412
3.44537,5.31408,32.0286
2.21887,2.68512,11.9935
5.45038,3.70287,65.0463
3.87068,3.20221,30.4548
3.56694,5.5788,32.1188
3.50067,3.41572,25.9116
5.30388,3.49591,60.3134
4.96854,5.61252,61.8422
3.97114,3.72488,33.6448
3.89575,4.26642,34.5066
5.26149,5.17921,65.3928
3.79704,4.52265,32.9989
5.0673,4.16832,55.0773
3.6521,2.7859,26.7855
4.80532,3.2569,49.006
3.87317,2.75814,30.5168
5.33884,3.83573,62.1629
3.554,3.13518,25.8099
4.12941,4.81922,38.3103
4.56739,4.01073,45.1353
4.30859,4.17138,40.9127
3.81938,4.56144,33.8717
3.38839,3.69491,25.7294
3.68617,3.47772,27.6047
4.04583,4.44057,34.6946
4.7418,4.65461,50.089
6.16104,4.36585,86.3879
3.78257,4.07792,31.2729
5.17901,4.68648,61.1121
4.10471,3.68949,35.2822
3.9204,4.28563,33.9506
5.32763,2.70234,60.1939
3.82296,4.08223,31.9518
4.88192,2.38418,50.7565
3.79916,4.36178,32.6773
4.26367,2.45688,37.3461
3.15084,4.55857,22.6732
5.37903,3.12488,63.1757
4.97054,3.25053,53.2784
2.67013,4.51679,16.51
4.69044,3.36812,46.3849
4.81747,4.90741,52.677
2.23903,3.08173,12.3304
3.87321,5.36106,36.6428
2.99491,3.89079,22.3236
2.32207,4.98579,16.5369
4.99404,4.07797,54.0062
4.01905,4.67109,36.3739
4.22436,2.71034,37.2711
3.30205,6.2669,35.3349
3.88185,3.00257,29.2484
3.23548,4.14196,22.3067
5.32203,5.10762,64.8411
3.33195,4.25151,25.2319
3.81174,3.76955,31.1723
3.76529,2.60291,30.1588
5.49485,2.05013,64.9556
1.96425,3.6642,9.99126
2.98597,4.59577,19.6352
3.86057,3.59985,30.8428
4.29436,3.88334,39.292
3.75172,4.90115,33.2526
5.79272,3.78475,74.6761
3.89709,3.38596,32.9103
3.82259,5.58943,37.9836
3.68623,3.45338,29.2484
3.51557,3.83269,28.0824
3.53136,4.11095,27.1167
3.00214,2.33875,17.9583
3.13822,5.91676,31.2839
5.04436,4.07335,55.6828
3.95309,3.40487,32.199
4.21602,4.89352,41.609
3.83169,3.79404,34.1821
2.10493,4.35682,12.2641
4.76903,3.36917,48.8112
3.87619,4.41432,32.6526
4.41525,4.08083,43.0912
5.54834,3.19966,66.9181
3.91187,1.37842,31.3822
4.42976,4.75365,44.7895
4.66054,3.29201,45.698
4.76082,2.48139,48.8587
4.26112,4.08247,39.7083
4.76121,3.82086,50.5543
5.35605,3.34616,61.5665
4.86222,3.36028,47.9999
2.68446,5.76085,23.229
2.54797,3.51805,15.6075
2.11499,2.55802,11.3364
4.84261,5.14615,55.5982
3.87786,2.73074,30.1225
3.03286,4.22221,21.8637
0.786729,3.65156,6.65994
4.4627,3.63743,42.4795
5.25225,2.52881,58.1315
4.99912,3.58042,50.8963
4.39266,2.55548,41.5632
4.68718,3.5687,46.0814
5.23296,2.68645,55.5333
3.12729,2.63694,20.775
4.17409,4.58582,38.8656
4.35258,4.86754,41.6484
3.50497,5.24822,29.9199
3.1884,5.07194,25.0883
3.0942,3.50034,22.0826
4.36052,1.79266,39.1752
5.4487,1.78683,61.3635
2.98599,3.03413,19.131
5.70294,4.53593,73.9518
4.34274,4.05335,40.6273
3.424,4.40706,27.461
4.23323,4.31592,37.9605
3.01486,3.48849,21.268
4.93202,4.0611,52.6001
4.60328,5.01844,49.9269
4.00923,3.09339,33.0394
4.08971,4.96144,38.0229
2.93085,3.05448,18.3012
3.31512,4.18418,24.3919
5.44925,3.06874,65.1774
5.28347,3.16418,61.1409
5.14334,3.95301,58.2968
3.06074,4.43573,23.7038
2.7323,4.36089,18.2632
4.85103,2.60184,47.3078
3.90763,6.11393,42.9432
2.86842,4.34506,20.8113
5.18296,6.79813,72.1343
4.27421,4.23183,38.8104
3.75076,4.43094,32.5961
3.2676,4.79388,27.3732
4.68621,3.44347,46.5829
2.74858,3.70661,14.7112
4.57272,2.47847,43.467
4.13391,3.0661,35.3447
5.75072,1.72088,71.5978
2.57286,3.79614,16.6106
3.39935,2.26986,23.0381
4.07051,6.31377,45.8552
4.29183,2.58771,38.0464
4.56404,4.58713,46.1301
2.73507,3.0886,16.8006
3.98123,4.51615,35.2288
4.55983,3.93009,42.5331
7.26766,5.4846,130.23
3.76214,3.38639,31.8292
4.52445,2.69731,41.1685
3.89086,2.89554,30.2474
2.231,3.80429,14.1781
3.74013,4.11717,31.7882
1.87203,1.63396,9.4801
4.96429,1.99658,50.9958
5.51704,3.784,66.742
2.21713,3.54551,13.1337
3.8686,3.88203,31.9928
4.98384,5.21577,58.2829
4.03086,4.56495,36.7581
5.13369,4.56947,56.9999
4.30794,4.32471,42.8474
4.92528,5.79148,59.4007
4.25889,4.79602,39.6674
3.45037,4.5847,27.4127
4.78676,4.4627,49.9423
4.62944,4.36843,46.8464
4.23503,3.60904,40.1013
4.99509,4.82702,56.285
4.70744,3.15896,45.4522
3.53846,5.78122,33.6492
3.86812,3.91556,32.2083
4.63655,4.77289,48.7649
3.21257,5.25104,26.1417
3.76419,2.8181,29.4023
3.30946,4.14911,24.7069
5.10615,6.19724,65.3604
3.99787,5.36031,37.145
3.91627,4.44539,35.9581
4.99313,3.22464,52.0133
2.98053,3.04371,17.5764
3.95853,5.00643,36.1054
4.14984,3.95826,35.8394
2.65237,3.51493,16.0604
2.6389,2.60727,16.4894
4.26609,3.2193,36.8872
5.21135,4.23825,59.3148
5.54261,4.84939,69.8933
5.01197,3.63974,52.6414
4.35176,4.25051,40.0615
5.21072,4.37036,59.3913
4.19698,4.49226,40.0096
3.27942,3.6749,23.3765
2.70135,4.15792,18.9612
4.75132,4.40538,49.3171
4.32683,4.19683,41.5669
4.41175,4.4836,42.2058
3.27714,3.3993,21.2562
4.69849,3.10227,44.9676
5.12997,3.65168,55.5151
4.87538,5.48704,57.754
4.4787,3.47358,42.1344
3.27667,3.73254,23.9634
4.11988,3.73838,35.2908
4.19911,6.54835,48.7566
6.12397,2.05543,82.0823
3.82894,3.78798,31.9069
3.25669,4.92798,25.9388
4.05859,3.04096,34.4897
6.13019,4.74404,87.0163
4.13967,5.04195,40.2562
3.34564,4.76085,27.3768
4.99175,3.83809,53.2704
3.53193,0.828815,24.5984
3.04406,3.62083,19.658
2.40061,4.61366,15.9006
3.47954,4.8003,28.249
4.76508,3.11351,47.7514
4.8094,5.85946,58.1032
3.65417,3.20061,29.1381
5.31023,2.88194,60.3489
4.94321,2.14048,49.1774
4.07583,3.32101,35.3814
5.49081,3.35316,65.2031
3.72245,5.02817,32.9166
4.60242,4.13738,45.5703
3.1013,3.77202,21.7604
3.18214,4.8655,24.1621
5.67773,3.97062,71.3773
3.60511,4.5759,30.5794
2.51417,3.69682,15.3442
3.26235,2.848,22.1024
2.83432,4.22234,20.2385
3.38218,4.73205,28.3058
4.53404,2.94982,43.1957
4.25706,4.39862,40.0785
4.02504,3.24007,31.0587
4.01993,1.73298,32.0312
3.8744,3.61832,33.2954
4.17891,2.61619,38.0505
5.09051,3.5092,56.0558
2.83312,3.69564,17.3865
1.92783,5.93812,19.1248
4.31915,4.53002,41.3088
3.35085,3.89874,26.3878
5.08465,4.0147,56.9277
3.92285,5.49389,38.1311
4.6914,4.04966,47.4659
3.84394,3.60518,31.0244
4.21955,6.33077,48.8058
5.50418,2.29704,65.9378
4.94377,3.01956,52.6049
3.06087,3.98186,21.3064
4.88461,2.72551,49.1519
3.3016,4.7284,25.5557
3.73274,4.42531,30.4456
4.48159,4.29475,43.9594
3.94888,2.95928,32.1387
4.29328,3.56124,38.8043
4.83123,4.19236,51.8944
4.21372,5.41926,42.1928
5.4998,1.9696,63.9869
5.77869,3.05064,72.2416
3.56954,1.89013,25.7312
3.3498,5.89135,33.3596
3.26015,3.58206,23.7232
5.10103,2.3777,54.5168
2.32045,4.92356,18.0052
4.23737,4.14525,38.5708
4.91266,3.16027,52.5927
4.61177,5.01656,48.802
4.05613,2.54551,32.5253
4.11909,5.0731,41.0483
2.21434,3.85562,13.5411
5.11214,3.65913,56.9383
4.71745,3.51843,47.533
1.17721,6.68266,22.3675
4.46872,5.02184,47.3143
4.36459,4.29565,40.7303
4.01998,3.81619,34.6008
3.52902,5.64373,33.112
3.59275,4.55742,30.1853
3.49028,3.25572,26.452
4.55425,4.31509,45.0545
3.86808,5.31989,37.8762
2.92365,4.43979,22.3221
4.50341,4.28743,43.8133
3.99337,3.71577,32.6695
4.44493,4.12222,42.6558
4.48652,4.2667,42.6884
5.50682,3.79452,65.5083
4.16955,3.56921,36.7969
2.32067,2.04627,11.8285
3.30568,3.35749,22.8547
2.73419,6.26,28.2296
4.87555,1.59826,48.6755
4.59708,4.93927,47.4771
3.20143,2.65857,22.7286
4.02064,2.23114,32.6176
4.13819,4.70602,38.161
2.49551,4.54645,17.6885
3.43529,3.12859,24.18
4.00824,1.88328,30.4952
2.90125,3.39276,17.5987
4.39845,3.63888,40.0519
3.89614,3.56812,32.2629
5.85765,4.86556,80.035
3.61315,5.93391,37.6527
3.09448,4.52549,23.3407
5.75556,2.96884,72.8402
3.62333,3.94471,28.0401
4.45403,1.86065,41.1505
4.97039,4.78293,57.1976
3.19473,3.61531,23.2955
3.99363,2.44925,30.9898
5.42673,3.89115,65.712
2.27835,3.12535,11.5352
3.1733,4.40952,23.4176
3.96606,4.47195,35.5151
5.24566,4.14681,61.7475
2.47369,4.95152,17.2858
3.77534,4.52565,32.1187
6.20004,5.12506,90.2578
3.97397,4.02789,34.2874
5.51989,3.62712,65.9721
3.65177,3.18084,27.85
2.63112,6.57498,29.1721
4.30474,2.87437,37.0926
3.40156,3.56714,24.3544
4.19182,4.23699,40.2949
5.59523,3.60059,66.5233
3.98233,2.53428,32.9321
3.04048,2.79002,18.5851
3.42897,4.58108,27.9734
4.817,2.86606,46.7743
4.69648,3.96171,48.4194
3.16939,4.3119,22.4584
3.46064,3.29497,24.4084
4.38089,4.20218,42.6182
4.17352,3.50792,38.2575
4.98436,4.21546,54.5047
4.21487,3.11922,37.4072
2.55752,4.29031,17.1239
3.64308,4.72722,31.7897
3.97428,2.35443,29.3534
3.16849,3.10832,20.8773
4.96429,3.53736,52.6278
2.38326,3.06855,12.8385
6.12253,4.00556,84.7978
2.87616,6.0509,30.1435
4.45127,4.03966,41.3088
4.62753,3.70151,45.7703
4.13549,3.23492,35.8775
4.50888,3.33815,41.7482
4.43925,3.47015,41.5097
2.95063,2.96065,19.1156
3.67436,4.50531,31.9701
2.97368,4.18592,22.9521
4.68363,5.47762,54.4713
4.19653,3.85401,37.9159
2.48541,4.83549,19.2668
3.96925,4.69769,37.1567
4.87673,3.52931,51.3497
3.23073,2.31261,20.7615
4.03985,5.18529,39.0232
6.12575,5.54212,90.8852
4.31939,3.36124,40.6571
2.3761,3.50967,12.1837
3.21959,4.19435,22.7546
4.1276,3.61537,34.3565
3.58339,3.50501,26.4115
4.30276,3.80934,38.4541
3.51565,4.05587,27.9963
4.4412,4.63178,44.635
3.8795,4.41365,33.5289
3.31878,5.65561,31.0105
3.03427,3.06244,18.6555
2.97457,2.89634,17.5815
4.02015,4.25101,36.564
2.87194,2.85057,16.5108
3.04118,2.38604,18.0706
4.36476,4.03795,40.2359
5.70619,4.42278,74.6269
4.38244,4.15292,39.6947
4.08146,3.01612,32.7452
2.69626,3.34127,14.8049
4.41047,4.26005,42.5532
4.45581,3.14533,40.566
3.168,3.08953,20.8999
4.37116,3.59152,40.2462
3.60144,3.67273,26.8353
4.40008,4.82298,44.9942
3.34619,5.1966,28.742
3.5666,3.96115,28.2318
3.12322,4.6515,23.2305
4.1327,4.39517,37.6908
5.06982,4.78806,56.9094
3.31713,4.30021,24.8825
3.04641,5.67398,27.4442
4.51292,4.45956,46.484
5.20065,3.24062,57.9436
3.30984,5.58784,31.6001
4.85569,4.74325,53.3175
4.39772,2.56876,39.8761
4.61806,4.4912,45.6156
2.88958,3.07076,18.8741
2.36822,3.0221,14.7093
3.43899,3.61152,25.3535
4.14367,2.59808,34.3609
4.19331,4.8223,38.5046
5.03258,4.37428,55.7271
5.42524,4.11426,66.5251
3.30863,4.75925,27.4173
3.30446,3.99673,24.2176
3.97481,5.60727,41.1139
5.22338,4.70834,61.5381
2.96762,4.58424,21.198
4.65298,3.23519,45.1801
4.05849,4.66461,37.0044
5.00489,4.05904,53.9097
3.48043,2.79533,27.0357
5.65639,3.35305,69.3467
3.04662,4.59471,20.7879
4.37341,2.94103,40.2463
2.95608,4.36013,21.6884
3.95139,2.43516,30.4684
3.55061,4.08491,27.0325
4.67844,3.6558,46.1282
4.55399,3.9439,46.9756
2.33595,4.84402,18.685
4.1494,3.76031,34.4948
4.55038,3.59272,42.2879
2.87979,4.62432,21.2147
3.11791,2.75411,21.6273
3.96761,4.40728,34.9165
4.92914,3.45177,52.8704
4.26123,4.65094,41.3839
3.56722,2.29401,26.1774
3.85224,3.39855,29.3812
3.50895,5.42132,32.3336
3.63462,4.08503,28.2502
4.24785,4.37253,41.1239
3.39063,2.60454,22.5147
3.58089,1.77643,24.7385
3.34685,4.3668,26.1496
3.69799,5.14407,32.7508
4.94121,4.94178,56.1906
4.89205,3.69009,51.1604
3.24851,3.66527,24.4238
3.586,4.13242,29.0137
3.21876,3.07671,22.0375
4.3219,4.23884,40.0755
4.32846,2.8253,39.8835
4.58743,4.73529,47.7324
5.63248,3.45539,69.5679
3.54363,4.26627,28.0814
5.78724,3.73018,73.1503
4.1893,3.82547,38.2395
2.66614,5.66093,25.8025
5.35062,5.30524,67.9762
1.45644,5.01912,13.1146
4.01388,3.49727,32.4071
3.1206,4.57986,23.3628
4.68022,3.12148,45.0378
5.99052,5.33884,84.4813
4.76407,3.55882,49.0553
1.85963,2.80492,8.95388
4.24221,4.15699,37.6016
5.21103,3.99527,59.6794
3.09037,3.5626,22.4188
2.31921,4.42051,16.2504
2.42589,4.72059,16.4046
4.85456,3.13154,49.5973
3.66881,4.18878,29.2509
3.8414,3.83398,29.9341
4.17027,4.0196,37.4023
6.62412,3.24766,99.2431
4.00464,3.95492,33.5167
3.99233,3.20877,31.1251
5.05778,4.92877,57.9982
3.22821,4.27676,24.1207
4.15603,5.30587,42.3526
5.64176,3.99889,69.7454
4.01054,3.36877,33.3818
5.21853,6.69259,71.7207
2.60851,2.4381,14.514
3.97895,1.75432,32.416
4.42616,5.04175,44.1658
2.86752,4.30193,20.2119
4.3,3.97853,38.3633
2.93809,3.92034,20.4687
3.88718,4.03441,32.8402
4.39061,5.05004,42.9909
6.44513,3.07994,91.9176
4.45054,4.66593,43.8051
6.02509,3.16144,82.455
4.27993,2.81152,39.4783
2.40753,4.72154,17.9652
5.44567,4.01129,65.896
3.49248,3.56677,26.9441
3.13406,4.09248,22.7453
2.73205,3.97621,18.9407
4.8459,5.21115,53.3102
3.67228,6.33615,40.27
3.66221,4.91752,32.6079
4.51166,4.13071,44.7146
3.93175,5.19011,35.9213
3.59578,2.8192,25.817
4.07982,5.09445,39.3488
4.81812,4.61664,52.2227
4.32713,3.85438,40.8349
3.77602,3.54592,29.872
5.45122,3.22278,64.9657
4.28909,2.93052,38.207
3.36045,4.51084,27.4219
1.49043,4.62236,12.8405
3.98069,5.35529,38.3522
2.46228,4.79779,17.9872
3.39128,4.42919,27.3625
3.22172,3.11685,22.6451
3.38939,3.12662,24.0584
4.37757,2.6698,39.3882
6.4533,4.20101,94.988
4.66385,4.28587,48.5824
2.98097,4.40443,24.1841
3.72277,3.28956,28.8604
4.4611,6.15727,53.1299
3.07319,2.53052,19.1368
2.9328,4.6446,22.1838
3.31381,3.51257,22.7826
4.93226,5.49188,58.1131
1.57777,5.31959,16.2458
4.8637,4.88629,54.1617
4.67446,3.86752,46.9553
2.05542,3.8658,11.4185
1.40301,3.85719,9.90728
2.79975,3.97244,18.94
6.11031,6.30691,95.104
2.65203,4.54215,17.9526
6.0015,5.45185,84.8864
6.42397,4.25015,95.871
3.81695,3.47626,31.0439
4.20132,3.49821,35.1938
4.27286,3.41288,38.8756
6.90895,3.04026,111.057
2.4885,4.49675,18.0297
2.57784,4.16757,17.0699
4.02331,3.57353,33.0933
5.2158,4.41291,60.1862
4.41288,3.46755,40.6665
4.1923,3.77609,35.1804
5.18445,4.33698,59.5148
5.3779,3.4736,62.9399
2.53073,4.72991,18.4771
4.56092,5.04457,48.3017
4.62106,5.12131,48.8912
3.3399,3.39467,24.5073
5.04197,4.15663,56.3944
4.19158,4.61955,39.6174
6.23171,5.34001,92.6742
3.72423,3.84892,29.7668
3.74508,6.00118,38.7968
4.99832,2.25468,51.7472
2.73553,4.42927,20.6241
4.23175,3.4991,37.4136
4.21803,4.88074,41.389
5.98697,4.31505,82.8697
5.01993,5.02858,56.5979
1.92073,3.22256,10.1445
4.2299,3.86251,37.8319
4.28546,4.22416,39.3309
4.54876,4.83663,48.7388
3.98379,4.71886,36.0532
4.60066,3.45702,44.2468
4.05108,4.17254,34.6879
4.39355,4.28036,43.2717
5.58299,3.09712,67.5067
3.76602,4.47625,33.1551
4.23756,4.5866,37.8921
2.96679,3.31735,20.2204
3.33483,4.05723,23.7635
3.72796,3.10538,27.9446
5.12476,0.335751,55.2445
3.23486,2.71197,21.6988
2.36404,5.88258,20.7396
3.11725,6.08215,30.7968
3.68473,3.95345,28.4464
2.47871,3.1376,13.1693
3.3396,2.07187,22.157
3.33447,4.70987,26.6142
2.78387,3.79626,19.382
4.86366,4.87004,51.9686
4.65693,4.77724,48.9238
3.57321,3.87836,28.961
4.72287,3.36676,48.7242
4.58925,4.85698,48.079
4.71212,2.98594,44.6525
3.77088,4.67842,32.9359
5.85563,3.25806,74.7834
3.74195,5.14162,33.8518
5.49954,3.31366,64.197
4.71593,3.48273,46.8179
4.70801,3.30468,45.3166
4.13433,5.67067,42.9808
4.61404,3.70498,45.3044
2.92367,4.91212,23.8305
3.06001,3.51008,20.4026
2.20772,5.31801,18.6368
3.53401,4.40075,30.7234
5.15678,4.40171,61.2081
3.66055,4.18308,29.3667
3.56137,3.46871,26.1353
2.70635,3.84746,17.7254
3.48467,3.99614,27.6339
5.19931,2.88899,58.0422
4.77628,5.09357,54.0267
3.47435,3.54911,27.2238
4.88611,3.78818,52.0663
3.6764,4.64916,32.1943
4.48451,4.0938,44.0452
4.11336,4.86836,36.9412
4.68879,5.29625,51.8128
4.40532,4.02676,42.5334
3.85995,1.61329,29.7186
4.11826,3.26799,36.2071
5.22029,2.63251,56.2177
3.0448,5.48098,25.2322
3.97631,3.94822,34.3578
4.3444,5.2612,43.91
2.67243,4.80482,19.5217
5.3221,3.65525,61.4322
3.5573,3.2182,24.6498
1.29655,2.40295,8.97604
3.34785,4.9586,29.8553
4.4501,1.88395,40.7052
6.24564,4.72054,91.5214
3.12419,3.66506,21.7877
4.36433,0.649041,38.9536
4.61486,3.55971,44.3922
3.68102,2.78017,30.082
4.97822,5.01004,57.9753
4.49414,4.60978,46.0585
5.51641,4.60892,67.6491
4.54199,4.61126,47.403
6.40304,3.75258,92.0608
3.51067,3.84949,28.0778
3.95712,4.81337,35.3348
4.23551,2.66776,36.5131
4.14772,5.68547,42.0047
2.42341,5.23725,20.8936
3.5907,5.05805,30.6535
3.88899,4.31745,33.1608
4.6397,3.67511,45.8848
6.1259,4.53416,87.1971
5.55272,5.05255,70.0427
3.4929,5.35044,32.0069
4.42262,4.25176,43.4832
4.65875,4.70475,49.8362
2.6473,4.23767,16.1012
5.72518,4.71596,77.0532
2.05778,3.88366,12.6342
3.30437,3.55544,22.7459
4.96026,3.18937,51.0363
3.91748,2.39046,31.5322
4.05919,4.61333,38.3701
4.57628,4.28718,45.4191
5.51319,4.21538,68.0272
3.62683,2.25212,25.4531
4.45234,3.23152,40.748
4.63925,3.20916,45.8587
4.18049,4.29496,39.7101
3.91214,3.93166,33.9938
6.06257,5.34775,87.0385
5.10683,2.91075,56.3569
4.27088,3.89606,39.8826
5.90243,1.87784,75.6326
3.35139,3.29227,24.549
2.81087,5.61235,27.5664
3.21033,3.16323,22.2066
5.15693,2.82409,55.8686
3.40959,3.5305,23.1988
3.16175,3.65151,22.4379
4.15552,4.79339,40.3571
5.16927,3.21597,54.3101
3.01179,4.71003,21.9961
2.28459,3.62569,14.7222
2.23562,3.89311,11.7536
4.26758,2.53737,37.1687
3.80375,2.69766,29.7008
2.65484,2.89276,15.876
3.12136,4.31276,23.6951
3.48823,3.84318,26.6585
5.3351,2.27317,62.4519
3.90636,3.10929,30.0518
4.78586,3.86592,52.1578
4.75827,3.3716,47.3092
2.96418,2.58414,18.4909
3.16004,3.5247,20.8166
2.36619,3.15079,12.5113
3.69538,2.66211,26.6404
4.71216,2.9804,46.6087
3.79977,3.7374,31.0494
3.57885,3.29928,25.0135
4.43322,3.23815,42.1516
5.2281,3.67575,58.3152
6.23197,2.57568,86.1317
4.96491,4.90226,54.928
4.48684,4.39523,42.5418
3.87519,2.80255,30.1226
2.84805,3.71125,19.5466
3.26797,2.42028,20.3538
3.17693,3.34815,22.4643
4.45637,3.80838,42.9435
2.87986,3.30969,17.8139
4.44574,4.58857,45.2222
5.37643,4.32338,65.5053
2.64702,4.64624,17.6832
2.96562,4.34693,21.579
4.63336,3.76163,44.4842
4.15167,4.31455,36.5249
3.93836,3.98285,31.5398
2.97941,3.71725,19.7802
3.03151,3.83075,20.3369
4.80366,2.38107,47.531
4.30253,5.02409,43.9531
4.47862,4.36903,44.1214
6.00893,4.41026,82.4605
5.26661,3.9277,59.2236
2.74049,2.45602,15.4501
5.10432,4.14936,55.8813
4.22533,3.20227,37.2053
4.53238,1.88407,41.8397
3.53966,5.07017,31.3029
3.99271,2.11985,31.4528
3.62976,4.93712,31.227
1.47836,4.86525,14.8776
