3
5.123,3.74384,660.612
2.53651,2.55237,95.155
3.53652,5.98113,1083.1
4.63681,3.93421,546.723
4.15897,4.62177,588.677
5.4588,5.16609,1149.96
5.32038,2.45157,617.861
4.08933,4.59189,566.212
5.98053,4.42266,1146.73
4.61116,4.37985,629.45
3.95198,4.24032,455.631
3.76178,4.66321,531.192
5.16543,3.19959,612.372
2.57272,3.42474,166.389
3.40696,2.95308,201.56
2.9135,4.04858,283.983
5.71826,3.06559,815.32
4.12311,3.67167,391.23
3.01121,4.13228,307.46
4.38624,3.9475,487.825
4.93718,2.68964,501.91
3.22213,2.39482,151.124
2.65797,3.71333,209.482
5.06663,3.9288,672.427
2.02297,4.0567,230.38
3.97873,2.90863,284.371
2.95603,5.14799,596.066
3.62935,4.33059,425.354
3.87655,5.68663,965.092
2.77346,3.47866,184.672
4.77567,5.73235,1186.25
2.04801,4.67241,374.889
3.5909,4.72112,522.91
4.0912,2.93649,308.925
3.88908,4.74027,573.703
3.34743,3.89286,300.174
3.83991,5.96599,1116.57
5.73295,3.94477,931.684
3.96798,1.98619,239.048
4.72205,4.58054,712.203
3.95503,3.65952,356.05
4.51456,2.98796,402.796
5.16891,4.6822,878.152
4.59116,4.82222,748.245
3.67511,4.96933,614.21
4.47069,4.44953,611.356
4.38371,4.23735,540.692
4.07535,3.12904,319.015
5.02343,4.89555,896.358
2.81385,4.73335,439.488
2.04282,2.98565,95.8954
3.86384,2.8949,263.162
4.23311,3.07391,345.108
4.46274,4.15528,546.621
4.17908,4.28307,507.427
3.88526,5.56518,901.634
5.70031,3.75231,886.785
3.12123,3.97856,290.196
5.71774,3.94198,924.428
5.36105,4.96827,1037.39
3.18882,3.7025,254.603
2.64642,5.91897,952.592
3.72639,4.86026,585.878
3.78928,3.96428,375.325
3.4442,4.69035,492.471
4.0711,5.27253,798.082
3.47227,3.72907,289.981
3.86167,4.94349,636.512
4.49298,4.37042,598.122
4.825,3.25156,508.306
3.26907,4.36938,386.856
5.76083,3.37144,864.125
4.40986,5.03249,774.671
3.84579,4.79632,584.149
3.29976,4.3929,395.389
3.33183,5.09687,614.455
5.33282,3.29848,679.131
4.15394,4.89251,671.871
3.21579,3.81276,272.496
2.6644,4.35517,328.238
6.25715,4.11548,1225.21
3.32376,3.79871,282.911
3.87285,4.6022,530.554
3.73368,5.0262,642.834
4.07651,2.77662,293.658
5.62958,3.3548,804.001
3.0662,3.63716,231.917
5.29106,3.00862,640.803
4.64712,3.52089,488.09
3.54268,5.14563,660.92
3.54205,3.49385,270.53
4.28541,5.6402,1014.74
4.3504,3.69471,439.867
3.95032,3.36373,317.834
5.49883,3.29632,743.561
4.28929,4.52877,591.809
5.78418,4.56739,1090.86
2.21658,3.5353,156.859
4.13302,5.57407,949.346
3.45157,5.61768,862.06
5.46734,4.91814,1061.14
4.83238,3.48275,535.935
4.62386,3.9902,554.413
3.61728,5.31284,740.408
3.32361,2.9421,188.689
3.72536,3.68487,320.381
3.19092,5.02689,571.43
3.25906,4.30483,371.013
5.18315,3.89597,706.247
4.248,2.93379,338.735
3.18777,4.54991,423.62
3.04625,2.75817,146.546
4.76638,3.08566,476.872
6.58228,3.4497,1317.43
2.49262,5.19532,580.81
3.57612,4.61959,490.679
3.34381,4.38853,400.874
5.57621,2.97682,750.622
1.55256,4.06862,216.402
4.14065,4.2137,486.591
4.4771,4.3064,581.124
4.67203,3.24991,464.587
2.1173,6.06046,1012.98
1.66231,3.31465,112.214
4.417,3.85988,478.53
3.12453,3.54183,226.882
3.64521,2.62517,213.166
6.2685,2.96996,1084.74
3.07812,3.98104,286.87
4.65358,5.09797,859.217
4.17291,4.36469,524.65
4.65075,4.96199,811.262
1.73315,4.18463,245.546
4.17479,3.73673,405.741
3.85688,2.19914,227.634
3.98916,4.85058,626.341
3.67112,5.23706,716.402
3.42259,5.03496,601.9
3.69455,2.42669,208.997
4.07052,6.44873,1501.21
4.20283,3.66744,404.96
4.0505,5.43196,867.235
2.63548,4.57668,381.411
3.72312,2.57115,222.107
5.91734,4.68573,1187.27
5.42877,4.27921,871.116
4.00305,3.17932,308.705
3.32636,3.55784,249.536
3.34723,4.97414,571.837
5.17538,2.54958,573.141
4.66422,2.43934,409.285
3.752,3.95856,368.755
5.02122,3.4573,590.361
3.45586,3.62468,273.518
3.67643,4.1797,399.422
5.02909,2.8487,540.11
3.77719,3.38965,293.528
3.6713,3.58061,297.909
3.57539,4.28072,404.95
2.41037,5.29523,615.981
4.32848,4.98286,739.638
2.89067,3.86141,248.609
2.95301,2.6554,134.784
5.25683,3.19051,641.285
1.98404,5.83508,867.248
3.59754,3.17365,244.228
3.56658,5.03577,622.439
4.1974,4.50303,565.275
2.69311,4.00496,257.258
4.41296,2.22053,337.926
3.66072,5.05612,644.229
4.62132,4.38846,633.469
3.06636,4.95771,535.294
3.37934,5.61195,850.74
4.22904,4.21916,506.876
3.76692,3.2308,271.85
4.58616,3.63862,487.939
3.82318,3.53574,318.301
4.35838,2.69178,345.934
3.21972,4.68511,463.915
2.37444,4.63975,382.689
3.81981,5.15016,705.058
3.20161,3.13387,189.273
4.27834,4.44293,566.672
2.08078,4.12935,246.333
4.71515,3.57129,513.954
3.67547,4.41319,451.421
3.56375,4.5474,469.158
2.90098,2.94133,147.854
2.86608,4.92499,507.005
4.06361,2.45212,272.686
2.85496,4.9995,530.821
3.62906,5.78388,977.669
3.70439,4.93982,608.51
3.72935,2.74156,231.422
2.78799,3.73918,223.103
3.42283,3.54038,260.084
3.55701,4.01792,347.483
4.79803,4.37807,681.256
3.07694,2.47854,135.945
4.50005,4.81049,722.202
6.01849,2.90768,947.526
5.15504,3.93625,705.093
5.14844,3.76399,672.378
6.40597,4.73008,1462.43
3.56025,4.02684,350.515
2.78685,4.69259,425.451
5.27575,6.63635,1987.86
4.57208,4.67237,696.655
5.0351,5.01738,942.084
3.80105,4.03016,388.856
2.54302,4.48142,348.784
2.87703,5.00499,534.582
4.85366,4.71795,788.253
4.56917,4.5113,654.129
4.37296,3.46771,416.426
3.97314,2.73405,273.003
3.69722,4.07749,380.606
4.25686,4.13656,493.893
2.83665,1.59209,90.6419
4.01108,3.9978,416.904
2.35627,2.19354,71.5753
5.68977,4.81484,1120.4
4.28481,3.67921,423.469
4.47698,3.85741,494.752
3.22775,4.53174,424.029
4.23596,4.29333,523.42
4.42956,4.10097,525.338
5.64914,4.11665,924.983
5.6025,3.59181,821.472
3.0891,2.2613,128.511
3.98234,5.62145,945.635
3.21203,6.00492,1057.59
3.68668,3.48131,288.534
4.18644,2.2331,290.369
5.38621,4.75534,976.954
3.13074,5.81655,935.982
3.8152,5.02635,657.149
2.62078,2.56322,100.598
4.01794,3.22582,317.16
2.62325,3.58877,187.335
4.10334,5.82123,1079.48
2.66748,5.4315,694.03
1.97978,3.10813,103.011
4.37355,5.20156,833.32
5.1859,4.86003,937.666
3.86015,4.17558,426.704
4.99869,4.88224,884.031
3.53083,5.12123,650.283
3.08387,5.12994,601.166
5.16252,3.82242,686.986
4.31212,2.64096,333.455
3.71438,2.47979,215.011
4.57493,4.7054,706.931
2.58494,4.75792,432.043
5.02722,4.84512,881.761
5.56074,5.58735,1381.21
2.4756,4.48894,348.251
4.76791,4.32661,659.389
4.35375,5.10414,792.166
3.51817,4.69307,503.932
4.92683,4.7254,811.394
4.41358,3.54243,435.197
2.87998,4.97867,526.029
5.15961,3.78593,679.151
2.06483,2.86261,88.78
4.70088,4.56825,701.738
2.68386,1.6548,79.6531
3.13379,3.00579,171.563
3.39354,3.75161,283.282
3.14022,3.33216,200.992
4.59845,3.36574,457.753
3.84069,4.73974,565.038
5.82854,6.56489,2152.38
5.47758,4.575,960.986
3.39695,4.66147,476.124
2.83533,4.10732,287.732
3.00465,1.26041,103.371
3.28668,3.32473,218.811
3.47116,3.26379,234.8
4.3045,3.21925,375.625
4.0005,3.78566,382.671
3.76234,2.18457,212.358
5.74081,5.2545,1306.05
3.11408,1.25595,112.276
3.13812,5.7599,902.217
2.39677,3.55319,169.452
3.08314,4.543,410.996
6.06068,4.18808,1134.9
3.96747,4.42058,500.938
5.02938,4.92295,906.364
5.19918,3.26374,630.384
3.61904,3.70572,307.087
4.74597,3.47695,511.065
5.69234,3.75686,883.218
4.39829,3.84607,473.705
3.35406,6.50081,1433.55
3.96219,4.65678,560.63
3.63962,2.66578,213.538
4.71394,5.45386,1026.61
3.70549,3.21307,261.924
2.94658,4.8192,478.231
4.96517,4.45214,749.041
5.30196,2.86594,633.991
3.23295,4.53046,423.306
5.52831,5.41223,1283.36
4.88603,4.51313,739.579
3.22177,3.09283,188.902
3.3041,3.16105,203.872
3.26241,4.11009,331.126
4.16303,5.69047,1016.02
3.20748,5.18312,635.047
3.31025,3.9713,309.518
4.04805,3.38873,338.874
1.71398,3.99406,207.944
3.36614,3.65049,266.624
4.69408,4.57381,700.64
3.47248,3.81738,303.886
4.93784,3.35963,550.754
4.59572,1.72378,371.056
3.68893,3.44018,285.149
1.65508,4.67022,362.273
3.77276,4.01782,382.221
4.29863,4.46578,576.98
3.53421,2.50989,190.106
3.37278,4.29853,383.106
1.23223,3.70027,150.836
3.29219,4.87646,532.175
3.51188,4.96144,588.299
3.61555,4.08425,368.5
3.17996,3.56248,233.326
1.77096,2.7508,70.1578
2.66017,4.54737,374.748
3.88752,2.89401,265.914
4.0689,5.37281,843.082
4.79785,3.6232,542.246
3.57219,3.34824,256.213
3.71414,2.2557,206.345
4.73727,2.87713,452.482
3.71078,3.09885,254.407
3.24971,4.71437,476.097
3.54393,3.39527,259.576
4.11073,4.07699,453.277
3.52052,4.75817,522.583
5.82437,4.4702,1082.86
3.32174,5.79297,940.108
5.0378,4.44962,772.179
4.10482,4.03388,445.282
3.98134,5.27311,783.134
2.34288,4.58476,364.993
4.66054,2.55592,412.257
2.99021,4.10357,300.472
3.51764,4.00054,341.108
3.33165,3.79759,282.928
4.7035,1.79644,400.356
5.40419,1.72406,627.423
3.03269,3.57888,220.265
4.45789,5.39197,933.719
3.22725,6.48516,1406.87
4.94684,5.16361,970.481
3.97835,2.22022,250.019
4.01605,4.92185,654.591
4.22034,3.78674,426.005
5.59445,5.88376,1556.36
4.2604,4.34819,540.2
2.245,1.9863,57.7304
4.05757,2.20236,263.589
4.22744,2.70489,318.621
3.92643,3.5609,336
4.59789,4.25313,598.189
2.79216,5.51045,741.792
4.48637,4.97501,773.628
4.68545,4.98711,830.526
5.47543,4.68213,989.855
5.60334,2.92994,758.33
3.602,1.33329,173.546
4.99327,4.01861,665.204
4.68074,4.38184,649.511
4.31924,5.31148,867.793
1.81947,3.47703,136.799
2.07885,2.68797,76.9312
4.83239,5.63797,1151.58
5.15417,3.61392,654.139
4.13994,3.93026,431.289
5.5791,4.07357,888.123
4.26053,3.04234,350.179
3.05952,3.09777,173.397
2.9655,4.17422,313.423
3.41338,2.79484,189.171
2.46516,2.75083,101.676
3.26079,3.93304,296.228
3.6391,4.96148,605.873
4.05907,4.42115,516.126
3.59416,4.12467,374.186
2.97558,5.22929,629.77
4.82662,4.96601,860.691
5.12506,5.19989,1042.06
3.35108,4.69214,481.107
4.97106,4.39644,736.87
2.72906,6.10524,1078.49
4.21935,7.01631,2058.28
3.50925,3.93964,328.839
4.43653,5.05885,791.042
5.85759,4.73027,1171.55
2.58695,3.56278,183.057
2.79226,4.94554,506.162
5.02299,4.16374,700.605
4.51828,5.71205,1107.23
3.31791,4.69973,479.007
4.64032,3.62674,500.501
2.5403,4.70469,413.24
4.79167,4.86075,816.299
4.97432,3.11998,542.464
4.59006,3.53593,475.728
3.98005,5.15271,733.349
3.92858,4.2851,461.494
4.32078,4.18087,515.641
2.31974,3.31448,139.351
5.20942,3.30247,636.212
4.29693,3.89313,459.213
1.96717,4.99584,476.835
4.45473,4.22063,556.913
5.29992,4.39789,848.634
0.985435,4.86956,409.793
3.05383,4.75486,467.044
5.78721,5.27797,1336
4.29751,4.72138,648.098
5.58688,6.09678,1690.67
5.80015,3.46786,891.917
1.94996,5.52646,699.272
3.89161,4.89179,622.062
3.01051,3.7601,244.155
4.07427,3.8128,401.03
4.44139,5.36084,916.08
4.28475,3.84169,448.221
2.89896,2.7676,134.675
2.57104,2.72532,107.455
1.65273,4.58795,338.217
3.3776,4.4225,411.832
5.16849,4.53539,835.877
3.39809,4.62944,469.711
4.64082,3.14088,447.231
3.14032,3.38725,209.306
2.50404,3.23175,138.148
5.15324,3.25181,609.707
3.38986,4.01329,326.044
2.96633,3.49997,204.755
4.79943,3.75753,561.792
1.8914,4.42498,306.22
3.52343,3.88858,322.551
2.86814,3.7758,232.498
4.4442,3.93022,496.811
2.78066,5.74323,859.688
3.99378,3.88889,398.253
3.32599,4.13135,341.498
2.69836,5.65183,803.695
2.04067,2.80944,84.3517
4.66438,3.99108,563.57
4.89641,4.54167,750.093
4.94558,2.46293,492.402
4.65638,4.45455,658.623
3.12148,4.41451,380.231
3.8912,4.25236,448
4.86142,2.75548,481.138
3.80095,2.86423,249.737
3.41198,4.74587,504.27
1.25411,4.63417,345.052
4.69961,2.75937,434.481
3.73408,5.8191,1013.73
3.33433,3.57355,252.752
3.80596,4.22043,427.975
3.4517,2.92075,203.154
2.55294,3.70902,200.402
3.04582,3.78795,252.605
3.24722,4.34898,377.922
3.91262,4.4542,500.018
3.65305,4.00529,362.317
3.69898,4.69349,531.433
2.38316,1.98042,66.6319
4.25859,5.26289,831.746
3.44307,4.63772,477.324
3.87663,3.16278,285.575
4.26125,3.34604,377.93
3.83767,5.4111,819.381
4.45477,2.8029,376.299
4.67489,4.01426,569.767
3.51144,5.78214,958.867
2.88799,4.70442,439.237
4.43651,3.15422,398.568
3.60974,3.95819,348.301
3.37847,4.78417,511.951
4.13133,1.80589,268.546
2.56964,3.01485,126.034
4.03118,3.32639,330.312
2.70844,5.7516,860.188
3.17193,3.48462,223.615
4.46422,4.5289,630.642
4.63963,3.0703,440.525
2.64581,4.09936,270.931
5.19619,3.63609,670.828
4.0481,4.45946,525.326
3.97268,2.45831,257.486
3.74089,2.71313,229.587
4.40801,3.19555,395.679
5.62042,3.96208,885.638
2.32669,2.73493,94.7391
2.97622,3.20398,173.922
2.90759,3.03914,154.9
3.67677,5.54976,859.612
3.71128,3.59798,306.637
4.10011,1.98174,264.938
4.28274,5.09524,770.25
4.73399,4.51818,697.276
2.8529,1.94701,97.2278
4.23087,4.82631,666.379
4.37874,2.83873,361.166
3.50365,3.78392,302.956
3.08771,3.34771,199.277
2.54346,3.42445,162.137
5.56875,5.94895,1587
3.23152,2.65429,158.879
1.79463,3.67301,157.791
3.43694,2.55889,181.238
3.40285,3.28183,228.478
2.7915,3.33763,171.151
5.72667,3.82246,908.64
4.91449,5.9535,1356.75
2.92362,3.04966,154.141
4.03585,3.2903,327.095
5.41621,3.45585,729.69
4.27344,4.13839,498.17
3.93686,5.69061,973.735
2.92632,5.89826,962.508
4.26055,4.66427,622.737
3.42551,3.91,313.47
5.91733,3.42922,943.59
4.20545,2.02896,287.337
3.67677,3.83912,337.657
4.75169,4.82223,790.692
3.48618,3.74756,296.827
4.33261,4.98685,744.175
3.73587,4.08889,390.114
5.10196,2.84752,561.926
4.33533,2.56487,333.57
5.45404,2.70049,679.5
5.31998,4.96293,1020.47
3.83759,2.41718,231.124
2.57586,5.11481,552.056
3.42358,4.88716,552.115
2.86558,4.22825,315.538
3.69552,3.09177,251.593
3.58517,3.08944,233.907
3.24401,4.26454,359.426
4.13214,3.0856,324.181
4.59906,4.77927,737.557
4.43397,3.78968,473.736
2.53684,4.17605,279.205
4.55474,2.76848,397.864
3.96794,3.17803,301.884
3.66895,4.27929,419.941
4.15931,3.49979,371.94
4.66404,4.17634,601.515
4.25532,2.9465,339.264
4.20006,3.27615,357.826
5.08879,4.75923,872.072
5.84041,4.56407,1115.43
5.68034,2.16092,752.374
4.02285,2.00614,250.716
4.04074,4.39172,506.081
2.89111,4.9015,497.951
1.848,3.92316,199.466
6.09784,4.08834,1135.66
4.80092,3.10286,487.809
3.85741,4.23662,437.965
4.57466,3.96859,537.359
1.50431,4.22785,248.97
3.40023,4.03449,331.596
4.8929,4.54968,752.957
2.91588,4.77185,458.445
3.6891,4.37988,443.913
3.10465,4.78749,482.207
4.31581,2.72655,338.781
4.53167,6.14139,1372.62
4.8172,3.40205,521.029
3.20969,3.06802,185.855
2.94048,5.06031,558.988
3.22338,2.99375,183.141
3.33418,4.35853,389.818
5.89571,2.03397,847.029
3.38963,4.38785,403.131
3.85597,2.44452,235.623
3.87631,4.20031,435.253
6.29474,3.95454,1217.38
4.11977,5.30504,822.718
3.82313,4.37243,465.621
4.79333,4.95124,843.656
4.35116,1.00332,303.938
3.60391,3.46633,274.856
3.24633,4.72321,478.02
4.01079,4.13165,443.015
3.20096,5.14651,618.771
3.70155,4.49635,475.654
4.67698,4.76432,752.586
2.41699,3.87117,215.806
4.90579,3.75273,593.181
4.28464,4.64327,620.576
2.80499,3.7545,225.391
3.52336,1.87588,168.022
3.73096,4.18602,408.851
4.29384,4.24971,526.578
2.80637,3.95955,257.034
2.67868,5.12084,561.059
3.31209,6.04079,1091.89
4.731,4.00251,584.017
3.46473,3.70748,287.676
4.18122,3.77706,415.148
5.29984,4.76529,949.155
2.80115,3.44051,183.864
4.34442,5.46871,943.159
3.01243,4.11186,304.789
4.4048,5.38908,920.53
2.83932,3.25734,168.564
4.34269,5.05464,768.623
4.51135,2.63323,380.189
2.57946,3.15333,139.145
3.19431,2.74873,161.714
4.51096,3.52576,454.123
4.35128,2.96673,362.461
2.08114,2.89788,89.7395
3.9669,3.57919,346.096
4.3267,3.61738,423.824
2.18046,3.20692,119.612
4.72501,4.65489,732.585
4.68965,4.61325,710.116
4.92712,4.41486,728.393
2.45404,4.25548,290.352
4.89047,3.12424,516.482
3.35196,5.48023,781.446
1.91004,4.32663,280.862
2.49318,3.86779,220.413
5.62914,5.13328,1207.08
4.76538,2.9865,469.599
4.46561,5.03098,788.717
4.49787,4.64509,670.065
4.39934,2.42358,342.304
2.74055,4.48156,363.364
4.19379,5.24578,812.133
4.96555,3.72022,607.973
3.35601,4.93255,558.251
3.85614,4.59162,526.769
3.60145,2.95505,225.188
4.25948,4.53049,582.877
4.58005,4.13719,569.632
4.49601,5.37339,936.475
4.35039,3.7895,454.398
3.28319,3.55935,244.887
4.58249,1.39401,363.655
3.59776,5.02528,622.421
4.35177,4.17251,522.314
2.3928,1.40553,58.0767
2.22342,4.10647,247.915
3.34861,3.55645,252.587
4.44337,3.58294,444.992
5.41012,3.19614,700.398
3.85788,3.43951,311.696
4.38771,2.34105,336.108
2.64269,4.3222,319.566
5.23634,5.5466,1236.14
2.01263,2.70719,76.6062
4.44606,4.89168,735.87
2.07054,4.02656,225.073
3.12369,2.88898,163.154
5.00816,3.94993,658.742
3.33004,6.9259,1821.55
3.72494,4.05705,382.703
4.06716,3.22184,325.326
3.06421,3.93479,277.414
5.95614,4.60778,1184.74
5.23244,3.4064,654.146
3.82861,2.33022,226.946
3.33912,4.18356,352.747
3.56722,3.4269,265.609
4.90412,3.12986,519.879
3.24433,5.17514,635.45
3.9298,3.99153,402.309
4.09457,4.53899,552.963
4.88532,1.62721,449.984
5.39548,4.49299,907.595
4.44207,3.8076,476.674
4.96924,4.7048,819.581
3.03549,4.65794,439.029
6.25785,3.94327,1194.58
1.38896,4.19159,238.538
4.44354,4.55244,631.871
3.36183,5.08113,615.53
4.19556,4.06175,467.447
4.52367,3.03997,410.554
4.30893,4.8494,691.049
2.18308,4.72652,398.275
3.167,3.2456,196.619
5.07983,4.65934,839.895
2.79711,5.49117,732.528
3.37523,3.06296,204.507
4.09938,3.47923,361.17
4.84155,4.97293,866.686
4.41814,3.14334,392.638
5.1246,3.60929,642.477
5.69719,3.61126,861.89
5.25429,4.76902,932.408
3.76676,5.62099,909.258
4.49391,5.13902,835.445
3.87462,4.99932,657.857
3.34482,3.22726,214.288
2.35353,3.75236,194.835
3.67448,3.5991,303.234
1.57383,5.89893,891.708
3.79733,3.09051,267.113
3.59292,5.19193,687.067
3.4729,2.832,199.836
4.04147,4.06563,438.636
4.40543,2.39798,342.556
3.18492,5.95642,1024.52
5.24943,4.36257,822.568
3.81101,2.88447,253.576
4.00063,2.89415,286.558
3.60271,3.22662,251.454
4.04001,4.26192,476.645
4.07978,3.71525,388.554
3.99291,5.04567,694.187
3.22628,4.33546,372.147
5.91154,3.61953,964.9
4.17326,5.00501,713.309
4.15684,3.84502,420.144
4.78549,4.42221,687.177
4.12266,3.64068,383.418
5.3521,3.5359,713.775
4.04701,5.01561,694.816
4.19615,6.92352,1958.92
3.87585,3.8325,367.545
3.27217,3.57141,247.313
5.42522,2.92738,685.19
4.76314,4.63932,740.196
3.13438,5.02148,565.922
4.26479,3.9138,453.511
3.71249,2.47829,213.204
3.27312,4.51381,423.246
5.44064,2.72149,677.273
2.84013,4.42094,356.659
4.62413,4.41294,641.751
6.00556,4.19003,1107.59
2.85899,5.22566,618.264
3.43535,3.3008,233.583
2.96966,5.06221,566.048
3.54428,4.01676,346.283
3.66552,3.66931,308.03
3.31834,3.50165,241.395
1.53021,2.93419,73.8303
3.81117,4.00079,384.413
4.10699,1.04607,255.66
4.53284,5.7681,1142.77
4.93583,3.54364,574.668
2.7296,1.66645,80.5273
4.1235,6.9627,1984.15
4.89956,3.52775,561.891
3.16685,3.18752,191.933
4.76246,3.17542,482.827
4.92301,4.26222,690.513
2.91087,3.73145,229.38
4.3046,4.89267,702.576
4.35352,4.19331,526.066
4.10416,4.7543,616.718
4.4462,2.62285,363.282
4.61755,3.00262,431.919
3.94447,4.76176,588.12
3.99164,3.72365,371.877
4.9041,4.80726,828.737
2.11576,3.47074,145.475
3.96464,3.31579,315.786
4.39655,4.4185,585.527
4.27524,2.04392,301.859
5.34095,0.777429,597.375
5.50747,3.4333,762.879
3.04833,3.26428,187.244
3.03585,4.97234,538.087
3.52952,4.80946,541.679
5.31728,4.41052,859.264
3.0568,3.95005,278.672
4.9669,3.50226,578.566
3.73802,1.82556,198.704
4.97622,2.90717,525.83
3.09294,4.03863,298.345
3.92696,3.8174,373.837
2.54443,3.76562,206.518
2.95894,4.48863,383.643
4.00741,4.91826,652.304
3.06433,4.04642,296.035
4.35215,4.23319,533.547
3.15361,3.43971,216.405
4.16646,4.67432,606.535
4.79487,4.78681,789.491
2.32912,5.00057,494.805
3.52357,3.78029,305.655
4.63739,2.2098,393.902
4.81491,5.06146,892.649
4.18258,3.94178,443.488
3.45745,2.87801,201.056
3.11089,4.14235,321.283
2.95257,3.56461,212.046
2.72455,4.49316,364.695
4.84488,4.02573,622.091
4.44717,3.57845,447.353
3.30151,3.86435,291.978
3.00935,3.75304,243.433
3.73839,4.58588,505.048
4.07517,4.31744,495.573
4.6204,2.25996,391.048
1.66495,3.7643,169.531
3.61476,3.36429,265.626
3.54101,4.13082,368.756
3.34536,6.51979,1449.09
3.7878,3.38427,295.22
3.17303,3.67943,248.454
4.25218,5.48699,931.564
4.88538,4.22929,675.075
3.68638,3.21796,260.86
4.05802,2.57559,278.45
4.03093,4.17029,455.951
5.60158,4.46105,981.434
5.12802,3.99516,704.268
3.28089,4.17575,344.853
3.3194,6.18694,1191.02
3.78834,3.79336,345.064
3.98889,4.71297,582.349
3.73935,3.38145,284.927
2.80694,3.17989,158.838
4.03792,4.2472,472.774
4.64759,3.90766,543.308
4.93912,4.05748,654.705
5.8318,3.96845,980.255
5.20819,4.85688,945.851
2.79204,4.36596,339.918
6.39963,3.0741,1169.62
3.873,4.79155,587.011
2.99067,5.31287,666.225
4.49736,4.76745,706.353
3.72801,5.10399,671.676
3.53659,3.19943,237.985
3.48681,4.95651,582.443
3.17081,3.21084,193.739
4.17321,4.98628,708.289
3.6718,3.28115,263.124
5.78228,5.52473,1445.92
4.06268,4.47991,532.125
3.74418,3.5031,299.814
3.5148,3.80513,308.948
2.53788,4.16324,278.274
1.81518,4.65329,361.608
5.28905,3.21749,654.857
4.56868,3.51812,468.238
3.17271,4.62986,444.22
4.11995,4.32964,506.215
4.48761,3.65394,465.6
4.84517,3.14435,503.57
3.24648,3.32795,214.959
6.31006,4.29567,1294.78
3.90388,4.30458,463.04
3.72269,4.78895,561.137
4.78708,5.03457,875.393
4.06991,4.15942,460.178
3.38149,3.02608,202.744
4.75815,5.44869,1037.4
3.71865,4.26005,420.867
3.17837,3.78767,264.608
3.21833,6.20506,1192.45
3.09747,3.9607,284.771
2.81801,4.09506,285.163
3.87018,2.17515,228.576
4.0209,4.55197,544.473
3.32352,3.0513,197.318
5.54868,3.87789,839.33
3.28612,3.44687,233.464
4.90932,5.32946,1027.58
4.46337,3.74057,473.193
3.70378,3.33921,275.158
5.47911,4.27546,888.07
5.13637,5.06798,995.812
4.121,2.357,282.053
3.94366,4.2365,454.527
3.25466,3.03837,189.438
3.6888,3.2426,263.05
2.91748,4.07652,289.504
2.73396,1.92283,88.3217
2.55714,3.97516,243.896
1.10548,3.64692,142.426
4.91051,3.8655,612.601
2.82209,5.3093,648.57
3.91672,4.52818,517.904
3.12469,3.39409,208.643
3.49943,6.19041,1215.74
5.56282,4.04788,876.509
2.39065,4.16927,270.75
3.38671,4.32049,390.286
4.30011,4.17409,511.279
3.52663,4.73574,514.619
2.42168,4.19493,275.05
2.82112,2.42981,110.201
3.64479,1.6596,181.284
3.96871,3.76885,373.499
4.47512,4.71836,687.855
4.58718,3.22716,443.144
2.1264,5.06041,508.213
4.81276,3.51361,534.424
2.81331,3.74536,223.9
4.18135,3.51539,378.583
5.42178,4.87542,1030.4
3.19909,2.63813,154.855
3.85004,4.67149,545.66
5.25591,5.7868,1370.26
3.5771,5.52582,833.833
2.52279,3.7007,197.478
2.96716,3.47885,201.542
4.78184,4.63285,741.93
5.3062,4.74713,944.756
2.75266,2.50908,109.374
3.13377,4.22292,338.049
4.77832,2.53448,446.415
4.30236,3.82169,449.142
4.77833,4.36168,670.848
4.05712,4.10489,448.989
5.76017,2.17456,789.845
0.710343,3.59636,129.183
1.39956,5.33412,598.164
5.38708,3.84703,773.531
5.3794,2.81474,659.304
2.22489,4.48354,331.891
3.56988,3.34279,255.842
4.85963,4.41522,707.655
4.64453,3.33528,466.51
3.70097,4.82528,571.085
4.4356,3.97129,502.283
3.69778,4.00121,367.905
4.67092,4.10249,586.281
5.45628,3.92118,811.066
4.40253,4.60152,636.764
1.87248,4.08009,228.082
5.61461,4.35867,962.448
5.08339,4.39196,771.552
3.76025,3.93767,367.684
3.58382,6.07403,1148.99
3.75086,1.75366,199.331
4.29107,4.83318,682.676
4.73534,2.69718,441.111
3.40348,4.46956,425.237
4.1703,2.35412,290.441
5.29636,3.84163,738.652
4.78203,3.34391,507.063
4.1322,2.38104,284.035
2.23941,3.68807,180.103
3.84801,3.06248,271.363
3.11203,5.09867,590.372
4.20848,5.92539,1160.92
3.43481,4.46963,431.62
3.46714,6.70971,1630.83
4.81506,4.6378,751.751
3.46202,2.97691,207.012
2.48528,4.39429,325.33
3.86826,4.51326,505.956
2.39104,3.87071,215.981
4.16565,2.55698,297.144
4.11845,3.12284,326.731
4.54331,2.45401,378.036
5.47277,5.18865,1164.58
3.70995,4.70877,534.179
3.71691,4.29295,427.873
4.17016,3.17155,342.123
2.82407,4.8084,464.571
4.20545,4.35648,529.166
4.07653,3.98704,428.393
2.93868,3.99873,276.9
3.63233,2.94411,229.908
3.89282,2.32098,238.202
2.27613,5.56186,733.232
5.1877,4.6287,868.584
3.32603,2.78336,178.452
2.8833,3.98903,270.436
4.81121,4.56738,733.887
4.4402,3.54358,439.326
3.82889,4.0388,392.412
4.81613,3.60982,546.316
5.356,5.5929,1303.49
2.30518,3.37118,142.809
2.59425,5.47031,706.559
3.45437,4.01424,334.832
3.38439,4.53895,442.942
5.27107,5.34321,1153.54
2.92808,3.81582,244.105
3.76584,4.37011,454.657
3.20003,5.17315,628.212
2.2925,5.57956,742.45
4.50639,3.09727,409.225
