3
3.67941,3.82898,12.5975
1.29933,3.52827,8.92164
4.36621,4.91098,19.1333
3.34799,5.20858,19.99
4.65838,3.81905,15.501
2.46101,5.19625,17.6658
2.85872,2.89513,11.8924
3.67161,4.1613,15.928
3.72133,3.04552,10.9257
2.60059,3.79668,14.2777
3.38284,3.45017,14.2772
4.95665,3.85867,15.0755
6.15053,1.55171,14.0215
4.78698,5.09111,19.8916
3.59806,2.69836,9.50963
4.80618,3.33074,14.9773
2.32665,3.06115,11.5191
3.0634,2.84948,10.7926
3.21734,3.69182,13.0876
3.89405,3.26743,12.2975
6.01094,3.99614,16.7574
2.43355,5.13355,17.7077
5.74013,5.29379,21.6889
5.07757,4.23043,15.7522
3.83233,3.20632,9.34163
4.36675,5.04698,21.3986
2.89899,4.77177,15.8947
3.92656,3.62526,14.5477
3.03286,3.18961,9.58188
4.34012,5.297,21.1757
2.42868,4.30157,12.6246
4.19211,2.51117,11.3726
4.76127,3.68053,15.4321
5.469,5.07969,20.5819
3.33674,4.62686,16.2356
5.05912,3.87531,14.3008
3.11161,5.01218,19.7977
3.2009,2.73805,9.30931
4.74637,4.07907,14.5646
3.79835,5.16221,18.4359
6.40078,5.11363,24.3861
3.71368,4.4366,16.0318
6.17904,3.99986,16.9153
2.02452,4.9329,15.4002
3.50454,3.10972,11.7555
2.64664,2.8281,8.45591
4.34271,3.7513,13.8965
5.39322,2.45216,12.9647
5.58825,3.21514,13.5984
3.75309,3.72917,14.1564
4.39997,3.87368,13.7078
2.80377,4.87022,19.0212
4.96697,2.60173,11.6234
2.78833,3.49448,11.7337
2.77661,3.99902,16.2914
5.00605,4.45569,19.5708
6.11845,4.00803,17.9717
4.70585,6.49096,28.8348
3.75776,2.52101,12.1121
4.56415,3.11476,14.7406
2.40845,4.28205,15.0529
3.37478,4.13676,14.0092
4.59296,5.05486,18.2052
2.88451,3.32839,11.7903
4.20831,3.82531,13.2493
4.43154,3.18214,13.1944
4.53059,5.34254,21.3351
3.29486,4.84664,18.0184
3.93256,4.24665,15.6941
2.96583,4.36558,13.9668
2.11755,2.73332,9.47645
3.67989,3.43813,11.9694
6.40838,4.12809,19.505
3.72533,5.66475,21.682
4.53662,3.17928,12.5398
3.84471,4.75227,18.4021
2.54833,1.64577,7.27094
4.88317,4.39874,16.3898
4.11752,4.34743,15.0418
4.83307,2.6507,12.4957
2.27549,4.39894,15.1867
4.60655,4.25027,17.8891
3.07475,3.9079,13.2061
4.07324,4.86966,17.0563
3.76364,1.75983,10.7461
4.31597,4.63588,15.8375
3.89386,3.96942,13.4102
4.59256,4.04299,17.635
5.51847,4.53806,17.4067
2.4111,5.09035,15.8751
4.62335,3.88915,14.9885
2.9206,4.64567,15.1762
1.72111,3.78154,12.7457
4.76134,3.14772,13.6365
4.81962,4.79968,17.6164
3.16712,2.6646,7.41251
3.62866,3.82747,12.2891
5.69505,4.86426,19.5147
4.20737,3.81942,13.4863
5.60889,5.01288,20.3938
2.92291,6.31032,26.9632
3.84989,2.7291,10.6103
4.15747,5.33029,20.4684
2.01688,5.1275,16.633
3.73858,3.49815,12.5288
3.68701,5.36309,20.9934
2.47181,4.49357,13.8676
3.88404,3.08535,11.0535
2.14737,3.70098,11.3301
4.19859,3.96821,14.5197
4.01091,4.85751,18.7977
4.24219,4.02159,14.0538
5.59061,3.70113,16.3607
3.58281,3.28143,11.9956
3.92756,3.9502,14.1962
5.22608,5.82394,23.9575
4.00208,5.49144,22.3429
4.87149,3.95591,15.4835
3.59961,4.04511,14.8001
5.28449,3.39023,15.005
4.69743,2.92225,14.3571
4.15818,4.37651,16.7664
1.4507,3.02437,8.90087
5.6848,5.49141,24.1878
5.11792,4.9507,19.5891
3.39737,2.73315,10.0227
4.60573,2.63822,13.3346
4.88627,4.2452,15.6713
4.31548,5.64772,21.6715
3.89291,4.04835,12.8415
3.85009,4.15284,14.2316
3.30304,4.46415,15.8106
3.85149,5.5042,18.7256
4.05915,4.03906,16.5778
5.33114,3.40521,14.8351
3.86649,2.72009,11.7189
4.96601,3.38264,15.4288
4.59004,3.12174,14.3621
4.87227,3.39645,13.1504
4.17552,4.47514,15.1385
3.25325,2.45607,9.21962
4.4835,3.96741,13.545
3.46535,4.73431,17.6864
4.34294,4.03705,15.9489
3.12387,4.75172,15.8602
4.07136,4.34921,16.3182
5.09441,3.90009,15.0793
2.9639,4.23546,16.3962
2.98802,3.46771,10.4702
5.46971,4.11054,16.8311
5.97331,3.97279,16.1877
3.96479,2.72335,10.9247
5.46355,4.37734,18.2067
3.1068,2.90535,8.76055
4.82177,3.01047,14.8912
5.49981,4.27498,17.8206
4.2919,2.83435,14.0076
1.95486,2.62525,10.1095
4.97458,4.0109,15.7463
2.47955,4.20021,14.1909
3.48602,0.972609,8.69352
4.88454,4.64578,18.5733
3.8332,4.00806,15.3309
4.59908,4.80303,18.9306
4.61454,1.68243,12.1625
4.9936,4.07597,16.2029
4.28927,4.72053,16.2376
4.67948,3.0469,11.6943
3.2148,2.91802,10.8301
3.56106,4.39147,15.9879
3.76243,4.03713,15.6367
4.54325,3.31872,12.8894
4.2422,4.43645,16.1149
3.07246,3.86334,13.4749
3.94469,3.75685,14.3112
3.97577,2.85468,11.6536
3.82649,4.59307,15.6651
2.19838,4.5674,15.5568
4.30116,4.81475,17.4967
5.97927,2.99572,14.5869
3.7524,2.89507,11.3477
5.5808,5.01203,20.8258
3.32926,6.00434,23.6468
4.68616,3.40993,14.7516
4.28093,5.20778,20.8429
5.78548,4.61617,19.4676
3.25425,4.04801,11.9677
3.90503,4.52303,16.15
4.92414,2.36404,11.8331
3.69219,3.11603,11.4968
4.1838,4.75829,17.2172
3.77539,5.13066,18.8123
2.57098,4.45699,14.4836
3.70688,2.45164,10.834
4.61966,3.52646,14.0411
3.61464,5.17634,19.8536
2.83318,3.79507,11.6543
3.10873,4.86714,16.6336
5.44506,3.96733,16.9319
3.58363,4.07835,14.6434
4.50097,4.09559,14.8585
3.08489,5.69691,19.5925
4.07791,3.89226,14.9219
3.97036,3.18331,13.1872
3.65449,4.31336,16.1036
4.73026,5.12929,21.8371
4.49991,5.6625,23.3185
2.71365,3.41247,10.4385
2.7953,4.3238,13.0408
2.79948,4.67803,15.8054
5.30863,3.6904,16.8679
3.43818,3.85734,13.9467
3.72304,5.2629,20.9351
4.02402,4.78219,17.3458
3.72121,5.87642,24.6012
3.55732,5.45779,21.8703
5.19582,3.44302,15.4956
3.92055,3.34028,12.283
3.67592,3.83897,14.7705
4.16647,4.60024,16.1385
3.63091,3.74178,12.9811
2.91375,4.23625,14.015
3.89138,5.31753,20.5411
4.93941,2.61608,12.733
5.27122,4.25383,15.4009
3.18897,4.70135,16.8613
3.66167,5.86281,22.6216
3.53199,4.33728,17.0502
1.19027,4.17208,13.5174
3.87668,4.54041,15.9695
3.73719,3.6924,12.5053
2.87032,3.08076,9.60626
4.24965,2.39303,12.0759
4.57965,4.34014,15.6585
4.07336,3.64672,13.6999
5.06353,3.24322,15.1286
6.69908,3.55582,17.6436
6.2809,4.05046,19.1959
3.06503,4.48824,15.2252
4.51531,2.37802,10.8308
3.88426,4.31879,13.9969
3.9205,4.40767,16.2107
5.14451,4.45715,17.7209
2.37244,3.34841,9.60591
2.94498,2.16062,9.10998
4.7387,4.02927,16.786
4.14096,3.05896,11.8991
2.66753,6.14978,24.3311
2.45859,3.90103,12.8979
4.26749,2.76608,10.485
3.9237,4.28944,17.2814
3.13341,3.82622,11.9279
3.46714,1.61341,9.91342
3.83028,3.65512,12.4001
4.10584,4.17427,15.3933
3.47758,3.67327,11.3562
2.94066,4.10484,13.2506
3.35971,3.77491,12.1256
3.50524,3.96135,13.9892
3.26815,2.27184,8.83641
4.33931,2.91499,12.7954
5.14149,4.27292,15.5382
3.95802,2.35936,8.9085
3.80323,3.83322,15.4846
3.44841,3.3426,12.4357
4.86844,4.52668,17.8043
4.31622,3.05616,12.4176
4.54554,4.09721,17.7396
4.1329,2.98984,11.9729
3.11685,2.30848,9.50653
4.27732,4.72614,17.9889
2.75736,4.00881,12.6241
3.38805,3.26405,14.2438
5.81421,3.97248,15.9205
3.15226,4.40467,13.7193
5.12642,2.81112,12.1964
2.8189,4.21036,13.6061
4.63077,4.76746,17.9368
4.02402,4.11889,15.1165
3.46031,3.07375,12.1357
2.90979,3.59495,12.7107
3.39164,2.89202,11.2278
6.22483,3.44263,17.4089
5.02073,3.81646,14.3769
4.92748,3.43498,12.111
4.77678,3.29753,13.3786
2.04611,2.80493,7.98182
6.41975,4.14319,18.7273
2.62257,4.30475,12.6361
2.32887,3.77048,11.3126
4.16393,5.82991,23.1662
4.40032,3.23543,11.8878
2.86371,3.20507,9.16184
4.86384,4.42864,17.1442
4.85746,3.33452,13.2791
4.04001,4.8634,17.6558
3.21444,3.72856,12.411
2.9145,2.43931,9.46121
3.87573,3.47381,13.3154
4.57874,3.42095,14.1195
3.87972,3.5989,13.6495
2.80258,4.32764,13.8631
3.36756,5.8157,22.1436
4.17786,3.97204,15.4311
2.56688,6.03242,23.0594
6.01047,3.6567,16.4483
4.74804,3.27975,13.1494
4.38138,4.39244,16.4556
4.13965,2.16443,10.3286
3.1304,2.77962,9.11439
3.81544,4.92928,18.2517
3.02102,2.76867,9.12124
4.14152,5.45599,20.9058
3.06147,3.09115,10.128
5.41147,5.35075,22.4749
4.72341,3.39097,13.8305
3.03952,4.5384,14.6553
2.01691,5.54479,19.2143
3.38153,4.72904,18.2218
4.01674,3.75443,12.7555
3.61585,3.4857,11.8611
3.98136,2.96909,11.6143
4.82045,4.07482,16.8487
5.48492,3.29472,12.8319
3.37405,3.38881,12.2813
6.11414,3.39837,17.0074
3.62184,2.78631,12.1438
4.33724,3.74666,13.6446
3.82858,4.22643,14.7185
4.41049,2.76039,11.772
3.18887,4.90077,17.3976
4.39389,3.72704,12.9905
3.36703,2.68242,12.0308
2.45025,5.36194,17.5129
1.89622,4.29228,13.6036
5.05093,3.77042,15.6216
2.90131,3.31908,12.6605
4.59719,5.08613,19.9993
2.49762,3.82154,10.7152
4.05409,3.15264,11.8313
4.41334,3.79068,14.0078
3.85187,5.4407,20.8049
3.40039,3.11268,11.6928
3.12956,3.80908,11.3142
3.53663,3.01248,9.03839
4.4114,5.12557,19.1229
4.64908,3.37445,13.0022
3.38147,4.43832,14.0069
3.22853,3.56543,11.7588
3.88827,1.63611,8.25625
4.26808,5.15997,19.6712
4.43482,5.22265,20.2706
3.0109,4.04036,11.9049
3.06429,4.79247,16.6334
3.0102,4.8836,17.0179
5.7793,3.50522,16.0637
4.73734,4.49917,19.4359
4.73883,4.10957,16.7281
4.08961,6.12748,24.5676
2.90671,5.57168,21.8122
4.97759,3.82066,15.7955
4.19841,5.25955,21.979
3.50139,4.80057,16.7978
4.22571,5.49503,21.2874
4.63246,4.12609,14.0061
6.38908,3.79341,18.1921
4.74441,5.63108,22.1905
3.52865,5.70111,23.4238
4.19205,4.47514,15.8583
5.33746,4.19965,17.8207
4.76962,3.69846,17.3841
4.48142,5.47694,21.3857
3.51489,3.86656,13.0888
3.66867,4.3473,14.368
4.6166,4.26632,16.1088
3.8135,3.01332,12.6305
4.87491,4.49497,17.3735
3.60646,4.36951,14.7744
2.27861,4.52693,17.5041
2.96453,3.43405,10.3617
3.85326,2.34263,10.6553
5.59929,5.74459,24.4124
4.31926,4.50249,16.3569
3.0891,3.03869,9.6705
3.41181,3.82941,13.4958
4.73928,5.68921,22.6614
2.16142,4.22643,15.3543
2.8885,2.78873,9.2929
2.51056,3.65921,12.4003
2.98125,4.90506,17.8332
6.0469,4.52889,19.6359
3.74514,2.40194,11.7217
3.59678,2.24059,11.4085
4.14984,3.17495,13.2916
2.08051,4.00383,13.7094
4.1631,3.2054,13.2458
4.05742,3.56081,12.777
4.92793,4.02686,14.4586
5.16281,4.47125,15.5466
3.27519,2.51745,9.68939
3.4106,3.60602,12.1205
3.97148,3.53943,13.6158
4.79686,2.86158,12.7523
3.92893,3.65767,12.5842
3.44077,4.26467,15.4024
3.75498,3.70374,12.7006
3.60363,4.81118,15.749
4.52809,4.03019,14.9106
3.23954,2.80535,9.67573
6.52226,3.23035,15.0421
5.14037,4.64853,18.789
2.54518,3.47184,10.8571
5.20403,3.00485,14.4785
3.27854,6.08483,23.8049
2.9757,3.75095,12.338
5.02942,4.24843,17.3156
4.94279,2.58048,11.581
5.17289,3.35695,14.0404
5.42873,3.23984,13.817
4.18455,4.13084,16.5851
4.31688,2.07283,9.72208
4.18576,5.74869,23.4531
4.10022,4.65709,15.4262
3.80634,3.29432,11.4665
4.63963,5.07948,20.5033
3.54437,3.18408,10.9092
5.49727,3.4849,16.4305
3.20619,3.18643,11.7855
3.01916,4.24006,14.717
4.10039,4.00246,13.8184
5.29832,2.46297,14.3524
3.4213,3.31797,10.3716
3.39843,4.04624,14.9201
4.40697,3.39027,12.2136
4.36348,5.20715,20.2774
4.71553,5.11445,20.9779
4.1322,4.08123,13.2033
4.16345,4.9461,18.4807
3.9529,4.10914,13.5499
3.19384,3.01889,8.06566
3.79155,4.16656,14.5546
4.00454,3.08789,15.2319
4.39852,3.41257,11.3825
3.34655,4.35135,14.5012
5.68902,1.93275,14.481
5.02635,3.39177,13.7685
3.81826,4.94535,16.9734
4.5129,2.18878,9.68957
4.57098,4.70094,20.4836
4.66246,2.81602,12.394
5.94094,5.26372,23.3003
2.48439,5.19179,19.8229
5.69038,5.70781,24.6907
3.7711,5.02671,16.9727
6.01487,3.53956,15.0919
5.62022,5.25595,23.114
5.94811,2.31199,13.7997
3.06972,2.64509,8.9497
5.12864,2.97752,13.3817
5.17374,2.96125,12.9406
4.50903,4.38658,17.3936
4.18071,3.92663,13.5039
3.41604,3.20573,12.1031
3.31773,3.35655,10.3496
4.18831,3.30431,13.248
4.70197,2.48433,12.7657
5.04517,3.56712,16.2794
5.34668,3.30074,14.8889
2.58389,4.78172,14.6494
4.33774,2.68431,9.26578
4.84722,4.70916,19.4275
3.76966,5.99552,25.477
4.52195,5.49238,22.8268
5.82796,3.53997,15.3801
2.67559,2.83044,8.43069
4.78814,4.29774,17.9223
6.43266,3.76261,16.756
3.365,3.49793,12.5605
4.75406,4.57319,18.8052
4.78366,5.71303,24.3051
4.47332,3.00926,10.8763
4.15005,5.37826,22.1092
6.09821,3.96472,17.9877
4.51236,4.50679,19.6391
4.23075,2.83761,13.4513
4.60114,3.18881,13.1454
2.80292,2.04648,8.39612
3.6253,3.54908,12.6708
5.15981,4.9588,17.8695
4.42697,4.36861,16.2619
3.43394,7.78153,37.8781
4.69824,4.17686,14.7901
3.84571,5.31369,19.95
3.53227,3.35577,13.3013
1.94748,3.36983,9.09286
4.1318,4.13181,16.2723
3.77202,5.44621,21.1475
4.47278,4.04089,15.4893
2.84492,4.56887,16.3894
3.30221,3.32736,12.1868
1.50498,3.21325,10.9256
2.6461,3.6219,10.7033
3.4822,3.28966,12.5017
4.4494,5.54915,24.0435
3.98336,4.93624,20.0378
4.63654,3.46526,13.6489
5.1344,4.31065,17.8175
4.41271,3.60747,13.8001
3.26508,3.46405,11.2084
4.4083,4.85102,18.7115
3.19822,4.76466,17.794
3.99389,3.2526,12.1492
2.08162,3.59099,12.2387
3.47508,3.90252,15.2421
2.9141,1.9814,9.85924
4.08963,3.80094,15.5929
3.30366,4.25844,13.9216
3.6129,4.3056,16.9766
3.2552,3.96339,12.2234
4.38838,3.59966,12.9057
1.57802,3.22458,9.47439
4.32422,4.87994,17.6146
1.81802,4.70836,11.8009
2.63877,4.36481,12.3407
4.49649,4.53885,18.3127
3.01536,3.39943,10.6614
4.18778,4.09054,17.4299
2.83535,3.39773,12.0737
3.97872,3.91496,16.5874
3.55588,4.1823,13.9567
4.9024,4.97242,19.5485
4.89728,3.54738,15.1122
2.85819,4.22594,14.4421
3.44204,3.26452,12.1975
2.90391,3.88211,12.6879
3.13174,3.85521,11.3484
3.67261,2.54112,9.42784
5.10746,4.64989,18.5886
5.01575,3.33769,13.2131
5.39551,4.71645,20.01
2.79344,3.45691,11.0898
4.44945,4.29811,18.1254
4.66856,4.11513,15.8576
4.20409,4.79752,17.764
3.11525,4.07347,11.3563
5.49492,2.4018,14.2581
3.33097,3.53735,10.9791
4.14644,3.63579,12.301
3.54995,2.11312,11.1473
5.81137,4.81335,21.8454
4.55944,1.94978,11.0494
4.73978,2.53039,10.8413
4.61496,4.76325,17.7268
5.05856,3.53272,15.0556
3.81696,4.31501,15.3975
3.35695,2.0775,8.58655
6.39154,4.39693,19.5637
3.85725,4.02695,16.2102
4.66721,3.87217,15.3597
4.14858,4.56508,16.9985
3.72469,3.40425,11.8882
5.69951,5.21817,21.4338
3.0939,5.73758,20.4213
4.4068,5.74317,23.9454
3.8802,5.11917,21.2435
4.88766,4.72935,19.1046
4.62896,3.29658,13.939
3.40803,3.02203,10.0224
4.15666,1.80964,9.44944
2.91098,4.63877,14.2697
4.46006,5.57546,22.9246
4.10462,5.13783,20.3794
5.43573,2.48893,13.8878
3.29065,2.36308,8.05848
4.03246,4.55895,16.7469
4.374,4.2481,17.1589
2.57644,1.03853,7.43967
4.87688,2.27695,12.4075
3.73942,3.42546,12.2454
4.15797,5.51404,20.598
3.09384,4.26167,15.6161
3.8264,3.6015,12.5738
4.28472,5.3156,19.7475
2.31194,3.28522,10.7809
2.81853,3.85251,12.8211
5.25018,4.42761,19.7207
4.90663,4.37934,18.3257
3.88202,3.58528,11.8044
3.77772,4.18017,16.1382
2.95847,4.54306,16.2957
5.83499,3.09063,14.1688
3.88493,3.86187,14.1916
1.91103,2.91406,7.70012
4.91863,6.14703,28.7293
3.52969,4.71665,16.7412
2.71391,4.66943,15.4628
4.2747,2.15451,10.8213
2.80469,5.04591,18.3001
4.27153,4.95711,17.8801
5.81045,3.77991,17.3853
3.38467,3.81486,14.9687
2.83439,4.8206,16.0076
3.72584,5.23522,19.0942
4.18972,3.91181,13.2728
4.59344,0.713592,11.5151
4.03497,4.09141,13.9178
3.9521,4.77494,17.4855
4.84735,4.50039,16.7948
3.05727,2.98724,12.0403
5.45223,4.00028,15.4938
2.39344,2.35086,8.74043
4.50918,3.69331,14.3907
3.11012,2.31386,8.12611
3.22723,2.36482,9.79081
3.18923,4.06459,14.5272
4.41051,5.04643,20.5701
3.9797,5.29768,20.5313
3.88364,3.4665,13.4031
4.3158,3.93765,16.0731
4.13228,4.87079,17.8144
4.41115,4.35345,14.2539
5.56259,3.37332,15.9198
3.86093,3.53995,13.1374
4.20813,3.27196,12.5218
4.24921,4.10449,15.1609
2.25592,4.09086,12.8445
3.91207,4.25583,15.7064
3.86906,4.6665,16.1911
2.15444,2.64402,9.53563
4.70368,3.82615,14.6646
5.89476,3.65353,16.7648
4.34653,2.05638,11.8093
4.24328,4.13374,15.9382
4.84961,4.49657,17.2568
4.99662,4.73243,19.4651
5.03107,4.99725,19.8866
4.55058,1.92379,11.241
3.00508,3.49533,12.6811
4.28591,2.92371,13.9726
2.72968,3.42767,11.7188
5.92349,4.22034,16.9745
4.54943,3.33492,13.3524
4.38546,5.62738,23.3476
3.80361,4.27209,16.1003
5.73243,3.02682,12.9565
4.29658,3.23399,14.1095
4.43049,4.2413,14.9644
4.02393,4.96218,17.8567
4.5466,3.18137,13.6197
3.26795,3.77341,12.1602
3.59871,4.97196,19.0191
4.35901,3.84688,13.4229
2.90851,6.11502,23.0616
3.66842,3.275,11.7575
5.70747,4.38646,18.0984
5.16125,4.14844,16.7984
3.94133,3.14666,14.1416
4.76765,3.59476,14.183
3.67754,3.62334,13.7846
3.6681,5.11814,17.9451
3.15867,2.72271,10.3964
3.44923,4.22873,15.3924
5.89854,3.28536,14.8637
4.52638,3.88207,15.2723
3.85384,4.41446,16.5544
2.58563,3.69974,11.4097
3.28806,4.11289,14.8583
5.30099,2.00634,12.4707
2.05858,3.61023,11.0007
5.5758,5.42946,24.2556
3.44409,4.91161,17.9725
4.47899,4.17879,15.3338
2.65491,4.65257,16.9633
4.13629,3.64485,14.3077
4.37261,1.83984,9.41321
2.07186,6.68525,27.9986
3.94129,3.56816,12.5264
3.49971,2.83973,11.9876
4.24403,4.64574,16.7263
6.04382,5.25337,22.7715
2.48832,5.16805,17.3439
3.8757,4.12614,16.3737
3.17109,3.91117,10.8737
4.73782,2.14358,12.2666
4.96247,4.53415,18.192
3.81981,3.05243,10.9724
2.81373,2.78829,9.61854
4.74207,4.50314,17.3667
4.10055,5.66339,21.4249
4.35971,4.68642,19.6525
4.84794,3.98201,15.5866
4.02986,2.22958,10.1656
3.81607,4.26331,14.1025
3.12965,2.62233,10.8213
2.31748,1.64526,6.05586
4.07741,3.23638,12.0411
4.06006,4.03688,17.3007
3.47263,5.24512,20.2034
3.9352,4.85989,19.0947
4.43736,6.43489,26.3044
4.27043,4.07877,15.6409
4.79862,4.44856,17.4007
4.4143,5.34439,20.6062
4.38626,3.53968,13.3226
4.19332,5.49512,19.7347
2.47433,3.88907,12.9614
4.46376,4.13311,15.3852
2.786,5.5903,21.1157
4.02722,2.2349,8.70047
3.56891,5.03814,18.0922
4.24379,4.0638,13.0056
5.15673,3.11278,13.8919
3.24205,1.90192,8.56606
3.65205,2.68166,11.125
4.44485,3.88153,15.5225
6.31179,3.23885,15.5537
3.57332,3.92251,14.5288
4.58237,3.60556,13.1295
4.35286,6.41624,26.3083
3.83983,4.27194,16.3156
4.20939,6.27708,28.1583
3.55397,4.10036,14.4762
1.82715,3.90841,10.4915
2.52675,3.81323,13.2956
3.92906,5.23781,20.0757
3.4786,4.27514,15.9023
4.82087,4.77458,20.2733
5.19946,3.20641,14.3723
3.13543,3.84045,11.5239
3.88125,2.7616,11.589
4.17815,4.86453,18.4349
5.14636,4.57695,18.335
4.31734,2.03126,11.5966
2.96709,4.97832,17.7918
3.33199,3.70419,13.1324
5.59058,6.06402,26.3297
3.46908,2.43999,12.2773
2.60277,4.62805,14.898
4.18423,3.21212,12.5065
5.19319,3.87526,15.6731
3.42127,5.77892,21.6112
2.39322,3.56628,10.5975
2.70498,2.23655,9.05336
2.78878,2.4139,8.45938
4.12116,3.1287,12.0927
4.09894,4.47467,16.4493
2.56194,4.18786,13.9919
1.97907,4.96493,15.6512
3.09695,7.07681,30.3608
3.603,4.15363,14.2888
2.92941,6.75155,28.8771
3.57792,4.33247,15.112
3.44448,2.82983,9.67843
3.10877,3.57743,11.2994
4.77331,3.71541,14.0092
1.30157,3.86649,10.5661
3.3729,4.27381,12.9978
4.20546,5.68553,23.5042
4.81351,2.7515,12.4844
3.47221,5.35229,20.0446
4.14471,4.79283,17.4416
3.79293,3.46713,10.2052
5.07473,4.20199,18.7461
3.5781,2.74665,10.2693
3.1007,3.33903,9.82527
4.46954,3.50736,12.9553
4.2339,4.18418,14.8997
5.26756,3.3425,14.1992
4.71572,3.13702,15.1532
2.33003,3.29655,9.67807
5.89948,3.25928,16.1707
4.25137,3.41173,12.5314
4.3687,2.91714,13.0994
3.22553,2.51742,7.85425
4.65055,3.71607,14.6305
3.7415,1.34922,7.86374
3.53626,3.24829,12.2972
4.27281,4.39707,15.7577
4.23392,2.19152,11.3348
3.08933,5.95571,23.7855
4.86824,3.41181,13.2498
3.75976,3.47905,12.7786
3.38983,5.17434,19.5122
3.13857,4.87666,16.2654
4.24192,2.67547,11.991
4.3531,4.31008,15.2645
4.07277,2.72497,11.8773
4.38687,4.0545,15.3816
5.70809,3.66574,16.3032
3.85715,4.42013,16.0645
5.43983,3.84489,16.2283
3.38227,3.92189,13.143
4.21729,3.84231,14.2773
4.11956,4.76651,17.9684
4.40899,3.61697,12.8942
4.64526,3.48155,13.8423
3.67375,2.3832,9.97536
3.61314,2.88184,11.8459
4.07898,4.04406,16.6719
4.90158,3.21359,13.9947
5.6973,4.32848,18.0753
4.70234,3.25836,13.0004
4.04104,2.75785,11.0677
3.72321,4.7717,16.8144
2.75581,2.23554,9.96364
4.33999,5.04251,18.1785
2.97489,4.65635,15.4337
4.69915,6.25252,26.9801
3.45381,5.03547,19.4188
3.86022,2.76248,11.7797
3.66913,6.03608,23.0867
4.35843,3.85954,13.1876
3.80651,4.16873,15.0758
4.13998,3.64358,11.8744
3.25941,5.52483,20.5376
4.82434,2.57031,12.0399
3.87338,3.84314,13.4788
5.4847,3.87306,14.5035
2.7454,5.37503,18.9504
2.54466,1.59318,8.28646
4.72035,2.61451,10.4051
4.33799,5.74968,24.3504
5.52498,4.09643,19.0677
2.95686,2.98239,10.192
4.0122,5.08902,17.9741
2.64536,4.14754,13.5072
3.62778,3.17625,13.4192
3.14026,4.30426,15.2606
3.1165,4.65231,16.1605
3.69367,3.34957,13.2619
2.511,5.49329,18.803
3.5399,6.05786,25.0355
3.89012,3.53955,13.4914
2.66294,4.18473,13.221
3.50189,6.00776,23.6666
2.96805,4.00758,14.9509
3.3811,2.16466,9.44035
4.6092,3.01999,12.6679
4.89927,4.95234,19.352
3.33051,4.19604,14.3622
4.79118,3.90043,16.1793
3.79236,2.75238,11.711
4.8235,3.98832,15.0066
2.49259,5.45552,18.863
3.08965,5.52564,20.7581
4.07566,5.2472,22.1941
3.96694,2.77402,12.2401
3.95376,4.609,16.0192
3.15619,4.6559,15.7833
4.29464,4.7389,20.0161
5.48747,3.58942,14.756
2.89326,4.18925,14.4757
4.07607,5.63765,22.7878
4.42211,5.24062,21.4034
4.20769,3.99321,14.3631
4.11505,4.68829,16.7086
5.62128,3.5396,16.4254
5.22776,4.85691,20.7784
4.25472,1.84656,9.6463
4.18675,4.95619,18.4153
3.46513,3.67404,11.4996
3.4796,2.86248,8.5954
5.50007,4.04837,17.5497
5.91913,4.83003,20.4453
4.33359,3.55793,14.3715
4.15037,2.99983,12.3342
4.68956,4.33471,16.9084
5.52216,4.26262,17.3846
3.73465,6.55635,26.8918
3.14213,2.88818,9.69507
4.2254,4.89311,18.8756
4.31118,3.12848,12.8638
4.38731,4.78487,18.6461
3.80694,3.74205,13.2054
4.3382,2.6536,11.1795
3.13202,4.25838,13.8073
2.392,3.23734,9.25362
4.08211,2.89828,12.2615
6.01056,3.64936,16.1815
2.59319,4.72225,15.559
3.02021,4.32748,12.9766
3.82943,3.0166,11.2975
3.36125,4.29041,16.6064
3.42049,5.50693,20.6262
3.0973,4.44566,16.4979
6.1455,2.05912,14.0518
3.47765,4.46499,16.072
3.9243,3.77102,14.7495
2.95101,4.79661,16.3205
2.58474,3.81398,11.6039
4.1685,4.70365,16.9852
2.78025,3.68742,12.756
3.0065,4.06894,11.9566
2.32551,5.31058,17.8601
4.43937,3.69227,14.6787
3.69107,4.90237,18.1591
2.30351,5.44187,18.3697
3.51609,4.41012,15.532
5.8113,4.63172,20.805
4.21146,4.21508,15.533
5.20271,3.11529,15.166
1.46908,4.17579,11.3985
4.72351,2.90111,13.2394
5.72825,3.98927,18.5237
2.84103,4.18558,12.8879
4.20076,4.06104,14.2752
3.96094,4.14112,16.0188
4.82544,4.2993,17.1653
3.71784,3.99922,15.1051
2.73294,5.91034,22.036
5.50669,4.28009,18.6109
3.15439,4.18137,13.9258
4.95402,4.1935,16.7957
2.75158,2.3061,9.7907
4.70062,2.12702,11.8223
2.99331,3.32361,9.25029
4.35521,3.85243,14.398
4.24826,4.31257,14.8574
4.34566,3.56725,14.5739
5.55552,3.64333,14.1016
5.58914,4.11475,16.8939
3.61132,4.02532,12.2856
2.75161,3.0111,8.65756
3.92998,3.56682,12.2387
4.48178,4.58814,18.8103
3.69025,3.94355,13.6995
4.86327,4.17694,15.347
2.93277,3.74615,11.5703
3.97713,2.0581,11.4571
4.10967,3.89116,14.9004
3.58645,4.24394,16.3861
3.89651,4.25703,16.1663
4.00163,3.10394,11.8097
3.40973,4.71817,17.0035
5.3388,3.45967,14.762
5.06769,3.93244,13.6361
3.65832,4.02151,14.7131
4.00926,3.5851,14.4563
5.22642,3.13098,12.7763
5.35625,5.89718,26.3878
6.05291,5.27325,21.8618
3.08022,2.23546,9.82136
3.88483,4.27716,14.8688
2.97718,4.71403,15.3876
4.8697,2.54536,13.1952
2.94895,3.12949,11.9135
1.23216,2.94584,6.9968
4.59093,5.32626,21.394
3.42001,3.18064,8.57514
2.452,5.05615,17.1621
4.58295,3.01646,12.8836
4.15325,5.95965,24.8943
5.33692,3.84537,16.8296
2.6892,3.45065,12.3941
4.10375,4.48544,15.7682
4.54587,2.97642,12.187
4.10264,2.2102,10.6178
3.70977,4.6572,15.9749
3.85315,5.39222,20.3405
2.98622,2.59416,9.69574
3.50868,3.64264,12.4576
4.12649,4.31455,16.2011
2.30927,2.91253,10.8925
4.94732,4.3483,16.463
3.64244,5.68811,21.462
3.2403,2.9418,11.5846
3.02375,5.34239,16.995
5.41863,2.73609,13.9674
4.0708,3.74047,15.2994
2.84953,3.51491,11.2524
3.14687,3.49974,12.3641
3.87748,3.74879,13.5716
3.70829,5.15137,19.2864
6.29132,4.06451,18.0551
4.56466,5.69585,24.9714
3.76405,3.85811,14.0073
3.28058,3.92911,13.9666
3.92079,4.57601,15.7664
3.82602,4.44146,16.6645
2.59032,3.97373,14.1917
4.68831,2.42742,13.5236
2.18141,1.09653,7.34483
2.80126,3.81018,12.7558
3.3368,3.99027,13.0321
6.65077,3.09012,16.1591
2.73607,5.64651,20.1718
3.10647,5.66432,20.2562
3.83375,2.70732,10.1294
1.57129,3.789,11.2968
5.14154,4.66089,18.1305
4.81,4.07981,15.5273
2.96025,3.25948,9.76877
4.77477,4.91244,19.5626
4.34883,4.22438,15.2428
4.40421,3.54834,13.1617
4.9221,3.50471,14.843
2.84995,3.83821,11.919
4.81101,2.81455,10.8148
4.66208,4.37349,17.7387
4.41411,4.32545,16.8515
