3
3.69267,3.73058,68.9635
4.50544,3.64104,68.0507
4.29066,1.0893,21.4921
5.40379,5.49583,183.849
4.55438,2.96341,47.7263
3.95922,4.22869,92.199
3.89041,3.91093,76.593
4.2954,3.6303,67.6512
5.43719,4.60689,123.307
4.8913,5.07263,148.885
5.63555,2.28582,42.4498
5.17372,4.47596,111.88
4.4249,1.09448,19.9977
3.18202,4.36142,95.3261
3.72042,3.99453,76.8603
4.50575,3.77205,74.7951
4.29442,4.22237,92.1964
3.91152,3.27985,54.1006
3.42417,3.38926,52.8918
3.21921,4.56209,106.368
2.31527,4.62054,105.555
3.39693,4.43506,99.1407
3.97006,5.74055,195.673
1.32591,2.66358,28.291
4.31527,2.59223,37.9326
5.02283,2.94122,50.5568
3.17021,2.92939,41.5687
5.9051,5.45382,184.64
2.56612,4.8282,117.953
2.70967,3.06335,41.3344
4.91073,3.59474,69.6635
4.619,5.06999,145.158
3.72937,5.75299,193.112
4.61684,4.83335,131.362
5.47532,5.74729,206.662
4.26633,4.50754,109.612
5.46844,4.99455,146.757
4.33977,5.18878,152.137
4.0025,3.87673,77.0629
4.26454,2.66431,37.7677
2.65282,5.70171,182.62
4.26676,3.72992,71.1238
4.31929,2.70191,41.1317
5.42155,3.84632,83.414
3.21412,2.65658,34.039
3.11551,3.7177,65.7446
1.40778,4.16756,77.8265
3.41625,4.03238,81.6396
3.4809,3.22657,49.8782
4.319,4.2866,96.9447
4.89818,4.66993,121.945
4.67673,3.67296,72.1382
2.46147,3.33922,49.4153
3.69977,4.00017,79.7936
4.32043,3.76556,70.8792
2.4597,3.68569,60.284
4.18275,4.51704,106.917
3.59476,2.82129,37.771
4.75968,4.65158,118.714
4.0952,3.91476,78.4336
4.00851,5.46897,170.589
4.08073,3.32729,55.5834
3.96776,2.69111,38.5317
4.38342,4.91379,134.308
5.2141,3.79002,80.6034
3.28906,1.84958,21.6574
4.44387,3.64184,68.6264
4.81693,3.39826,63.8457
5.18256,5.44343,178.154
3.53081,4.23379,91.8826
3.39794,2.96903,42.265
4.45058,4.06574,85.7511
3.71461,4.56283,106.919
4.02618,6.09646,229.394
4.27065,3.90195,76.9163
4.25485,3.03803,49.8784
4.10055,2.47174,35.7325
4.08117,4.80988,124.123
4.20963,4.10871,87.5775
4.47214,4.08037,86.4455
3.8737,4.76492,121.139
2.8375,3.27113,47.8011
3.785,4.29136,95.7077
4.44576,3.62004,68.1235
6.25237,4.31581,115.067
3.55257,3.42137,55.4215
4.22298,4.62835,115.238
4.1226,4.18712,91.2801
4.07002,3.25838,52.9121
3.99052,3.93382,78.9157
4.87969,5.61994,191.178
5.57967,4.94594,143.892
3.47859,4.81841,121.352
4.30009,5.16996,150.905
4.95623,3.54652,71.2369
4.22521,2.92117,46.5023
3.30404,4.64904,111.291
2.84111,4.09385,80.3608
3.35221,4.26315,88.9733
4.83869,4.08232,90.121
3.06113,5.52719,171.006
4.11259,2.63412,37.1301
3.97042,1.75277,21.9814
5.70233,2.803,53.7166
3.80035,3.72193,68.3084
4.22673,4.85281,126.38
3.4051,3.93243,74.6328
3.53172,1.57165,18.5263
3.8403,4.09066,84.6003
2.50916,3.61066,58.974
3.97594,4.5001,105.922
4.80343,3.30391,58.0693
1.36906,3.03869,36.8779
4.06795,3.93607,79.5696
3.99138,4.89659,129.093
4.40779,6.18918,240.169
3.48776,3.92764,76.0129
3.92468,3.99367,79.8477
5.2186,3.37138,65.7396
3.08215,3.94559,74.5947
3.26209,4.80991,120.258
4.74414,3.15481,54.8813
4.32079,3.55754,66.1269
1.06498,5.72031,182.417
6.22576,4.36117,117.398
3.08587,4.81727,119.707
3.57377,4.93175,131.091
3.99692,1.63015,21.2273
3.18813,3.70829,63.0103
3.58311,4.95749,132.633
4.79163,5.20333,154.804
3.32329,2.6477,34.9361
4.52274,5.58278,182.032
2.59922,3.91377,70.281
3.58829,2.85565,39.7597
4.90493,5.42635,177.205
3.25398,5.89192,204.215
4.22337,7.52288,401.719
4.19209,3.64981,66.0181
2.39095,5.44022,160.503
4.95563,4.3816,107.657
4.7418,3.49728,64.703
5.11747,2.42753,42.2896
2.6683,3.83256,66.5442
2.25536,4.95261,126.043
3.27492,1.7318,19.1734
3.35221,3.48349,56.5407
3.84712,3.4717,59.9526
3.14537,2.48468,30.6509
5.08583,3.62624,73.9144
2.10082,3.91541,66.9639
3.41211,4.13923,83.9387
4.09201,4.50694,105.611
5.85453,2.75946,53.6244
3.22497,3.64062,62.0635
3.8866,4.39985,101.935
5.3149,5.53957,186.249
4.37285,3.36062,57.7437
4.82883,4.31506,101.857
4.48887,2.19967,29.8864
3.95767,3.7259,71.4787
4.5226,2.43872,34.826
3.40604,4.7058,114.06
4.31161,5.1587,152.338
4.39178,3.213,54.8126
4.43338,5.47386,174.911
2.5545,5.24389,147.568
4.37844,5.54058,180.335
3.37397,2.98005,41.624
3.49756,2.24606,29.375
4.90578,2.75012,45.8658
3.8474,4.28325,94.4388
4.43486,3.80795,74.9342
4.18,4.63277,114.714
5.19315,5.86066,211.035
5.42664,1.86672,34.6318
3.80374,3.21606,51.3885
2.6389,4.05405,76.2376
4.84139,3.64815,71.5334
2.66222,5.03599,132.708
4.34799,4.12667,89.7179
3.25206,3.38182,53.1378
5.26603,4.79092,130.942
3.08543,3.42713,54.2246
4.12079,4.5067,107.414
4.62747,2.80333,44.5321
5.53643,3.94728,90.1881
3.41699,3.66299,65.3004
3.12144,5.74199,189.617
5.35122,4.13105,96.2453
4.02387,4.46786,105.23
4.88576,3.49093,68.1251
4.7073,5.66591,191.985
3.80972,3.99483,81.5864
5.09839,3.72891,77.8825
2.75317,3.50724,55.7423
2.89732,5.24032,146.987
6.15073,4.54489,126.07
4.09226,3.82839,75.8237
2.09622,4.91928,123.127
5.88798,3.34361,69.4848
4.82688,5.56167,185.409
2.77914,3.6568,61.196
4.39087,4.62284,116.761
2.67234,3.86572,67.356
3.58946,2.79293,38.0178
3.8041,3.70727,68.4528
2.75048,5.53298,170.333
3.1686,3.56055,58.4623
3.4153,5.81136,197.887
4.5874,3.21816,54.8179
4.85612,3.79805,77.2543
3.80921,5.39308,163.544
2.86652,2.97688,39.0234
4.52745,5.16519,152.249
3.08254,2.48294,29.78
3.92333,4.27933,94.1659
4.55857,3.70595,69.4428
4.15895,5.12403,146.441
3.30072,5.14707,143.216
4.0771,2.75224,41.7102
4.98031,4.8661,135.112
4.91098,5.15257,152.579
4.35562,4.79298,126.977
4.664,4.50266,110.303
3.30642,3.92095,74.4486
3.7342,3.74879,69.3482
4.76508,4.42987,106.927
3.72849,4.19486,88.7092
2.3135,4.82125,117.674
3.1116,2.55793,30.8821
4.38969,4.12105,88.4625
4.00552,3.70784,68.3987
6.1983,5.55249,194.683
4.88059,4.20058,98.665
2.09907,3.55601,52.9457
4.00107,5.48691,172.239
5.42961,5.16897,158.999
2.88214,3.38386,53.3547
3.72715,4.9204,130.307
5.18688,3.6432,74.923
1.81633,5.95877,203.83
3.0215,4.32293,88.5503
3.82487,4.27752,91.4717
4.27565,4.75096,123.235
4.21488,4.45163,104.681
3.01502,5.04821,135.963
2.89654,4.7702,119.5
3.428,2.96461,40.6592
3.52364,3.76998,68.0867
3.89045,3.78312,71.2189
5.55318,4.29199,107.425
4.57377,4.59235,115.434
5.793,2.76585,53.4899
3.08272,4.93481,127.85
4.21613,2.9802,45.3187
4.98153,4.016,88.4563
2.49858,3.49737,53.1643
6.65859,3.67622,87.9592
3.24768,4.18735,85.3125
1.48899,1.97923,15.6429
3.99338,4.16646,89.2873
3.4857,2.76973,36.482
3.55371,3.10517,45.5963
3.56245,5.37401,161.177
3.62121,1.93687,22.8948
5.24769,3.68273,77.6779
3.81492,4.4511,102.393
4.08461,4.56698,109.381
4.78548,5.44591,174.991
4.3288,2.23578,31.5225
2.64749,4.25036,88.0239
5.91548,3.50032,76.3795
6.02184,3.63826,83.6482
2.59128,2.81518,33.8794
4.59968,3.67571,72.2593
4.25953,4.75851,123.343
3.03368,4.56988,104.912
3.6418,5.26012,153.088
3.99326,6.14462,231.023
6.01212,3.31266,71.0171
3.16378,1.77364,20.0856
4.77944,6.07223,230.048
3.79808,4.65673,114.755
4.48322,2.25749,32.026
4.83954,3.20695,56.732
3.78372,3.40074,56.0557
4.15585,5.33449,162.051
4.27484,4.61415,115.133
4.78429,3.62826,70.4646
3.8094,4.39752,99.7773
2.97775,4.30642,88.8666
3.49148,2.30995,27.5277
3.16758,4.14933,84.1657
3.74419,3.20151,48.8904
3.83691,2.5844,36.3217
6.24148,2.4786,51.4433
4.09032,4.59076,112.168
3.8602,4.66414,115.404
3.31405,2.69989,34.7183
5.48676,3.27142,65.6261
4.44667,6.31234,251.372
4.55649,3.79928,75.8965
2.51186,3.55789,58.2339
4.0856,4.93243,132.746
3.59298,3.57306,63.0872
3.54961,3.72308,66.5269
5.89082,3.77177,87.0839
3.45679,2.72134,38.1067
4.395,2.942,46.9976
3.02845,4.97957,131.161
4.23229,3.82067,75.1504
3.54144,4.52874,104.084
2.05555,2.90186,35.4939
3.08905,4.22147,87.3597
2.93945,3.22948,47.0553
2.23473,2.5591,26.6488
4.46691,5.77412,199.654
2.64927,4.38468,94.8432
3.04353,5.79582,194.909
1.73192,4.62388,104.88
3.33455,3.39631,52.8624
5.24402,4.23494,103.107
2.90129,2.74265,34.1468
4.29478,2.62456,39.9325
2.50527,3.13187,42.1091
4.93396,3.82439,79.4058
4.08336,4.68428,117.422
5.00319,5.74226,200.805
4.05972,4.89455,131.364
1.91329,4.33434,87.748
4.68035,4.36502,103.027
5.15361,4.04934,90.2382
4.78129,4.7637,127.968
5.14011,4.67723,123.619
4.25098,4.82284,127.183
3.75292,3.97332,78.6896
3.49247,4.05061,81.1023
3.74332,3.99715,81.0557
4.44495,4.21522,93.4762
5.65481,4.35322,109.554
3.83028,4.20789,89.2274
4.46716,3.91061,80.5977
2.2325,4.43211,94.4913
4.08731,4.51732,108.358
3.61849,5.83698,201.672
3.88553,3.00153,44.814
3.31023,4.76874,117.375
4.79817,2.65146,40.9743
5.50817,2.4465,42.8335
3.84908,2.84894,42.3459
3.70102,5.33579,156.798
2.65022,5.43676,162.391
2.40961,3.80869,64.7776
4.12212,4.62021,113.7
2.61541,5.60872,176.92
4.49429,5.02749,140.875
5.45758,6.74195,306.601
2.67627,2.38799,24.8761
4.51573,4.02766,84.0396
4.52879,3.62644,70.1025
4.80916,4.3793,103.839
3.6836,3.45498,58.2495
2.63537,4.0317,76.5077
3.11635,5.46083,166.647
2.00432,3.0651,40.13
3.68332,5.12209,143.323
4.49049,4.03738,85.3406
2.59526,4.71029,112.445
5.62551,3.11078,60.9986
3.71232,4.22652,90.6183
6.18128,5.1884,166.092
3.69224,4.32831,92.8208
4.17466,3.30888,56.5998
4.9268,5.75622,200.908
2.54046,5.25146,147.941
4.32707,3.64065,68.0225
2.61719,3.67719,62.2681
5.05388,4.66362,121.59
3.89617,3.59385,62.834
4.44036,2.78425,43.9275
6.36503,3.52338,80.3243
4.88002,5.02491,143.824
2.37199,4.34126,88.22
4.29195,4.6112,115.403
4.1797,4.5847,111.589
3.62481,3.34795,53.8771
4.49071,3.10255,52.5067
3.64219,3.74301,67.4164
3.55161,3.86837,72.4179
2.76949,4.39112,95.7188
4.38549,3.5847,65.2858
4.1266,3.22181,51.0766
4.20189,3.09931,50.849
3.66274,3.34619,53.8852
3.09745,4.30207,92.8454
6.71261,3.64619,87.6141
4.31406,3.4822,63.8165
2.82476,2.45344,27.455
3.45255,2.85136,39.5073
3.96147,6.52453,271.605
4.07874,5.11914,145.864
4.23451,5.22999,154.869
3.04464,4.89362,124.355
4.4417,3.32469,59.5636
3.98934,3.90683,78.3288
5.93603,3.25704,67.333
3.34323,4.75069,116.571
4.34861,4.09974,88.9836
5.13064,4.61537,118.829
4.46053,5.75493,198.432
4.6668,3.889,79.7271
4.50795,4.35767,99.9478
2.73029,3.68195,60.2812
4.98479,3.73564,76.4172
2.09809,3.66953,59.3521
5.09432,5.22427,160.91
4.64045,4.73878,125.787
4.57089,6.1209,234.652
4.34389,2.81307,44.5946
3.9968,4.57043,111.881
3.33056,4.16127,84.303
3.82089,4.273,93.0375
6.40972,3.87001,94.8493
4.52166,4.35112,102.073
3.59683,4.69166,115.433
4.9925,5.09296,149.511
5.28684,4.6416,123.921
2.61358,3.95252,71.3018
3.19582,3.538,58.942
2.00801,4.23138,84.1539
2.7551,4.81178,117.989
2.91457,4.30746,91.2699
1.53937,4.34421,88.8924
4.16591,3.80408,73.1534
2.67676,4.21799,86.5173
3.61531,4.91939,129.779
2.23171,5.39229,158.887
4.41944,1.67891,24.9012
4.54143,5.32123,164.465
3.08468,4.2298,88.0018
4.76272,4.69653,121.179
4.13873,4.02291,81.3556
4.23925,3.84426,76.5455
3.76233,5.43815,167.776
4.25474,4.93215,133.254
3.91111,3.33023,56.4885
1.7639,3.02346,37.3187
3.22415,3.88107,73.9681
4.54072,2.51299,36.7889
4.13893,3.8025,74.0718
3.37136,3.5929,59.7889
4.98575,4.02205,89.9024
4.66467,3.95144,82.796
4.13803,4.47245,106.383
3.58401,5.48416,171.537
5.35108,5.18888,159.285
2.41266,3.50814,53.3287
5.08122,3.67649,74.6394
3.86184,4.04872,83.8106
3.25657,3.09925,44.1147
3.30673,5.15842,143.139
5.04341,2.93469,50.873
3.75092,4.99527,134.716
4.0764,3.92169,78.8214
3.35154,2.41207,27.51
6.0058,4.88819,146.321
3.90443,4.44599,103.103
3.02786,1.86322,20.8671
4.86398,2.95251,51.1311
4.67132,4.52539,110.693
2.56007,2.60083,30.7151
3.69517,3.4029,55.9588
5.17495,5.24531,162.736
4.93444,4.69678,124.854
4.89586,4.07296,90.4885
4.24177,2.56756,38.932
2.53967,4.19181,83.052
4.55921,3.79987,77.1761
4.69782,2.83001,46.1522
3.70881,4.54181,108.043
4.94998,6.52922,277.444
3.35664,3.99043,78.2284
5.31068,3.92042,86.9363
3.6661,4.22608,90.9141
3.81558,2.75632,37.7831
4.25525,3.52007,64.0149
4.46958,4.6967,122.101
3.89199,6.51006,269.49
5.21853,3.87262,83.8904
3.48543,4.6394,112.256
3.29129,5.41107,164.174
4.70281,4.27232,100.345
4.07066,2.72556,39.0639
4.95383,4.01118,88.7551
3.33828,1.64479,20.632
2.88614,4.69797,113.27
3.6209,4.91876,130.039
4.92005,4.00187,87.5832
3.30877,3.70756,65.938
6.34068,2.36204,51.0024
3.5102,3.12003,46.4902
1.72533,2.17065,21.008
4.74264,5.71211,194.53
3.75211,3.31763,53.6948
5.06266,3.58996,71.4278
2.93661,4.64376,109.326
3.75647,2.99368,44.7287
3.2358,3.82744,69.4191
3.95367,3.5665,61.4524
4.76652,3.02968,51.1287
4.20309,3.48903,61.8396
4.22203,4.25162,93.0262
2.49117,4.92016,124.092
4.20698,3.41512,59.774
5.40341,3.65657,77.3453
2.1399,4.51874,98.6806
4.78034,3.7351,74.0753
4.52402,3.72896,74.7568
5.70808,1.4298,33.6793
4.57088,5.10898,147.832
4.18606,3.57667,64.9807
2.84181,2.64535,32.7094
5.16157,3.29931,61.568
5.47871,5.08843,154.454
2.10775,2.33658,21.5827
3.84283,5.43994,166.713
3.1367,4.14106,82.767
2.74414,5.61889,178.646
3.31962,2.35316,28.393
2.63594,4.80556,117.257
4.0431,3.66833,70.4818
3.97275,4.26884,94.5716
3.95676,4.44451,102.871
4.14327,5.20392,153.225
4.19657,4.58509,111.604
2.44946,3.58969,56.4292
6.16855,4.0975,100.992
4.59251,4.74942,124.603
3.35016,5.65318,183.823
3.6811,4.46947,102.509
3.20822,5.06677,137.601
3.11056,4.94701,128.191
4.63156,5.39893,169.179
4.32461,4.43991,103.766
5.08115,4.77099,129.455
5.97673,3.58326,79.2413
3.39359,3.56731,60.1433
2.59638,2.69344,31.8616
5.07539,2.68202,43.2006
2.80602,6.45699,258.923
4.7238,2.46899,35.8144
4.43697,3.79844,74.3914
4.40363,6.08884,226.69
2.57472,4.56744,104.117
4.32324,2.3862,34.8051
4.4596,3.66912,70.217
3.95077,4.19864,90.8614
2.61492,3.30729,48.3119
3.6046,4.01844,78.1966
2.46404,4.63607,108.069
4.49933,3.65077,68.555
4.62195,2.37188,35.4415
2.39121,3.60007,57.5115
3.81691,4.46099,102.147
2.94361,4.56015,104.367
2.94068,2.51399,30.1215
4.24678,4.07007,83.9558
4.89568,2.39113,39.0581
3.52812,3.12334,48.2604
3.98128,3.40633,58.1595
4.23957,5.37185,165.707
4.65901,3.1124,54.1515
3.39019,3.72159,64.7003
3.38063,4.60456,108.759
3.6805,3.60845,64.5105
4.23818,5.56694,182.385
2.93141,5.60525,178.281
3.53726,2.67394,34.6805
4.50393,4.77228,126.771
3.30651,3.31777,50.5043
4.06696,3.98593,79.1299
2.49969,4.335,89.0979
4.88484,3.1896,57.7436
3.84908,4.00548,80.4051
3.64549,3.79625,69.0316
3.73872,5.11764,143.62
3.06711,3.98448,75.9164
4.00868,5.24715,154.486
5.29615,2.93623,51.1846
4.71311,2.93792,48.1102
4.02744,5.53708,176.252
4.67504,1.43568,26.4309
5.10068,3.40372,64.7813
3.61276,2.73792,38.2029
5.74062,5.31213,172.466
4.9768,4.78676,129.074
1.88981,4.86801,117.094
3.16186,3.1232,43.4473
3.45509,4.64721,113.266
5.20554,5.65809,196.227
4.58185,4.19985,93.7256
2.44118,3.69855,60.6065
4.33615,1.78961,26.3923
3.80423,2.66542,37.2093
5.21418,6.18858,245.07
4.81887,3.91218,82.8483
2.8303,3.959,73.3189
4.3735,4.0321,84.6848
3.17714,4.09707,81.8676
2.53769,3.04005,40.1744
4.00997,4.20665,90.2736
2.95096,4.61021,106.65
3.67087,2.43386,31.8719
1.24281,3.57449,53.7733
4.24101,5.1181,147.481
4.48215,3.60186,69.1572
4.89261,2.79502,46.4487
3.69657,5.68115,189.568
5.49291,5.2714,169.474
3.15966,5.71456,188.036
3.68034,6.93231,319.296
4.2036,4.67754,117.769
2.49949,1.55418,15.098
5.05327,3.86555,82.5236
2.89534,4.9609,129.69
3.78229,5.69886,190.276
4.22446,3.79202,74.0391
3.64789,3.31134,53.7718
5.429,3.35103,66.987
5.09013,3.18291,58.1782
3.61678,3.42823,56.7021
5.32235,3.89223,85.9212
3.75017,5.42146,167.429
5.66446,4.35448,110.662
4.49924,5.61838,186.344
3.92879,6.29381,246.952
4.13015,2.2831,32.3509
5.00461,3.06468,54.2604
4.05469,4.68129,117.582
3.80737,4.54532,106.963
4.71091,4.46952,109.599
4.301,3.96336,82.4713
5.08004,4.28998,101.432
4.21463,3.09103,49.7823
3.72561,3.36666,53.7493
4.53846,3.52576,65.6943
5.27857,3.303,61.3666
3.75879,3.68141,65.1589
4.91682,4.08966,91.457
4.0049,3.16006,51.8282
4.83078,3.82617,80.3708
4.51651,3.78605,76.221
3.25921,3.3879,54.6064
2.74063,3.67133,60.5254
3.14105,2.80705,35.7236
4.89141,3.97495,86.3886
5.13036,4.51884,115.359
3.96201,3.84792,73.6588
4.56243,5.34429,165.839
5.29021,0.983199,27.6439
3.32771,2.12991,24.1345
4.48636,3.19165,55.6207
2.82125,3.77622,64.7939
6.58911,2.88571,64.7945
3.59726,4.21348,90.0688
3.39317,2.65003,35.057
6.04066,4.58882,128.125
3.98865,4.53136,108.572
3.95202,5.36435,163.361
4.16241,5.55522,179.452
6.13324,5.49441,189.393
3.2357,1.35053,14.9107
4.59801,3.94421,82.471
4.8596,4.63269,118.966
4.75958,4.59096,116.614
2.8694,4.16431,81.7002
5.58439,3.29147,65.5705
3.93046,2.42569,32.221
4.24445,4.20768,92.1665
4.73057,4.27305,98.9351
4.47798,4.87376,131.316
2.83247,4.61024,105.457
3.51019,4.43891,98.8239
4.25865,4.4774,107.037
3.28524,2.79082,36.5383
4.36737,5.53737,180.408
3.03654,5.17116,143.731
2.95313,4.4738,99.1869
4.83709,3.40213,63.9625
3.5474,5.22099,150.928
4.32178,3.69801,69.6631
3.09513,3.3075,51.0377
4.09412,5.08764,143.881
3.34067,3.33707,52.1119
4.34771,4.45649,106.438
3.26019,3.27296,48.8858
5.10801,2.92751,52.9858
3.5802,4.01017,79.5172
4.97048,4.37565,106.345
4.05717,3.26134,53.8537
4.86432,4.13591,93.3198
6.5088,3.07841,69.8376
4.6741,2.89939,47.6665
4.82271,3.20201,56.0768
4.94767,5.08954,150.439
3.55063,4.61621,110.414
3.60189,3.21136,49.5649
2.53615,3.85913,68.763
4.45201,4.76483,125.24
2.37691,3.98325,72.7569
5.41938,2.05341,37.4303
3.11003,2.90874,37.6546
3.52642,3.67868,64.3574
5.46114,3.64028,75.5431
4.23934,3.88117,79.0238
4.99847,3.6275,72.2308
3.78801,4.42229,98.9992
1.30012,2.80054,30.1047
2.1284,2.85891,32.3244
3.52444,3.30621,51.1107
4.35625,3.46598,63.4982
2.93617,3.1799,46.7552
4.00335,5.01596,139.103
3.40536,4.99682,135.622
3.57842,4.99774,132.462
5.77582,3.18112,65.8388
7.11029,2.98606,72.3175
4.27976,3.67466,68.1231
4.77311,4.05675,89.0981
4.59295,2.50346,36.5938
6.24749,3.06213,66.5706
4.38679,3.60768,67.1258
4.57385,4.14084,91.1499
4.12831,3.93098,78.6654
5.08499,4.16735,97.2371
2.67135,3.1224,43.5747
3.50563,4.60632,107.767
5.15647,4.64538,123.934
5.42924,4.20909,98.9127
4.9059,2.81397,49.46
4.54508,4.43488,105.58
4.09692,5.28107,155.372
3.80347,4.64009,115.265
3.81712,3.13139,49.5913
4.84655,6.02025,226.404
3.94962,3.44932,59.4025
6.23101,3.52741,82.3004
3.61878,3.10049,47.5483
2.40016,4.12434,79.7956
4.4613,4.04851,84.4998
3.9402,3.01167,46.7513
4.73333,4.44579,107.376
1.30603,4.07,73.9692
3.63991,3.20151,49.9912
3.0181,3.76249,66.6418
4.26749,3.93235,80.7511
3.69441,4.87807,127.702
3.25532,4.02099,79.966
1.73058,2.34601,22.559
4.21025,4.28269,96.0381
2.77938,3.38364,51.7262
6.06926,4.14784,104.638
3.5181,3.13742,47.0425
3.54429,3.59047,61.8145
3.49298,2.8443,39.0637
3.52794,4.39486,98.4151
4.31114,3.9727,82.7128
4.45551,5.84512,207.001
3.93453,3.12945,49.8323
4.28628,5.86655,207.363
3.97188,3.80776,73.6241
4.07559,3.22673,52.8702
4.16856,4.24005,94.6135
3.47202,4.33155,96.145
3.7086,5.07511,141.407
3.41733,3.73165,65.986
3.93162,3.89045,76.9534
3.29695,4.60905,106.128
3.96526,3.15358,51.0287
4.38679,5.3938,171.592
5.11758,3.16007,57.9015
2.96249,4.79989,120.178
5.49203,3.56176,75.1912
3.87937,3.67083,68.2028
4.48802,5.26313,158.861
3.92764,4.74916,119.53
3.15782,5.22066,148.197
4.61617,6.06989,227.858
4.79026,3.47497,65.2988
3.88897,3.86913,76.0619
3.85863,5.29001,158.891
3.85969,3.37703,56.519
4.31776,3.2877,56.0894
3.6956,2.83678,39.1534
4.75059,3.99867,85.1432
3.14892,4.12561,82.7001
5.05317,3.09811,56.0447
3.95208,4.25808,94.5039
3.96465,4.30179,97.3666
3.72428,3.87687,76.4067
5.15942,4.51253,113.708
3.32801,1.68347,20.8763
3.57262,3.57097,61.2196
3.37769,3.68638,65.5179
4.94597,6.25219,248.916
4.91593,2.96196,52.0707
4.34885,3.11217,51.6304
2.88552,5.22739,147.817
4.29554,2.75851,43.1168
4.55899,3.73012,72.8918
4.62149,2.78556,44.6224
3.93614,3.64928,68.1659
5.35021,2.84785,50.7531
3.70563,3.29535,52.386
3.32295,4.63643,111.378
3.48272,2.78573,38.1585
5.04817,3.07505,54.6589
4.96529,2.57499,41.5098
4.19897,4.69279,117.369
4.52451,2.58715,39.2167
3.46018,4.42326,99.4346
2.52601,2.21341,21.7091
4.93017,4.84626,133.374
5.8333,2.93893,56.3914
5.63022,4.99696,148.321
4.22666,3.37092,57.754
4.17401,4.14973,89.9391
3.44148,3.39295,54.1488
4.51979,3.93395,80.4379
4.16745,4.50387,106.288
3.09922,2.69139,34.615
4.85111,5.10132,149.267
5.48984,4.20411,100.849
4.78747,3.41009,63.5222
4.8071,4.03081,86.3614
3.75287,4.90062,127.617
3.95925,2.51414,35.241
3.94964,4.50169,104.196
3.01052,3.00887,40.4727
4.72628,6.22292,243.698
5.07214,3.5865,72.3959
4.44548,2.77473,41.4555
5.26349,3.98978,88.3296
1.97027,3.69424,58.456
3.01193,4.12135,82.5263
4.38128,4.20064,91.4138
3.99349,5.02107,138.503
4.03073,5.03496,141.839
2.61434,6.08548,220.406
2.70835,6.55481,268.734
2.31365,3.4971,54.1908
6.64589,5.44669,191.246
3.70039,4.76479,117.134
3.26389,4.09455,83.5984
3.83238,4.7834,121.861
2.16766,4.92671,122.906
3.65121,4.90692,128.402
4.8561,4.77814,129.119
4.33147,6.05611,224.781
3.1024,3.61742,62.0246
2.80121,2.73821,33.5356
3.51269,3.66827,63.328
3.26131,3.3924,53.1556
3.13815,5.81685,197.411
2.98396,2.9881,39.2343
3.83452,4.68008,115.374
5.11813,4.0179,90.9422
3.49081,3.34031,53.2782
3.17416,3.67701,65.5848
4.1669,3.73307,71.5436
3.79674,4.79207,121.193
3.07731,3.33682,52.3663
3.93478,5.0081,134.717
4.21183,2.59873,38.4217
3.7988,5.11851,143.058
4.49743,4.4585,104.932
2.14817,4.84292,118.801
5.92432,4.17102,103.609
2.93079,5.77679,190.616
6.19588,2.64065,54.7349
3.21662,3.57515,59.6418
4.53198,3.62014,69.4332
5.44837,5.54237,186.974
5.02346,4.04979,89.3909
4.89064,3.50653,67.3869
3.22607,2.96312,41.4624
6.35749,4.21498,108.446
6.43994,3.44294,79.7823
6.72242,5.48963,196.599
5.58746,3.56312,76.7668
4.33849,4.55649,111.991
2.69653,4.53638,101.109
3.87886,4.34189,97.3153
4.66159,4.28059,98.1287
3.26532,2.98185,41.5363
4.44703,6.22778,242.888
4.05326,5.18484,151.896
4.50231,3.99226,83.5386
2.36678,4.08891,78.0984
4.34064,2.65031,39.3078
3.9163,3.88044,76.4518
4.7337,2.99469,50.3357
3.94297,3.67104,65.8839
1.72083,2.37561,22.3321
4.28336,4.28729,96.0989
2.52447,3.57005,56.7517
4.50119,3.08607,50.208
3.91587,5.19246,150.261
6.98174,4.23113,118.577
2.64548,3.15696,43.7249
5.49447,2.67917,47.5422
1.44644,3.73112,61.2309
3.14952,4.18353,84.2337
2.99022,5.2584,151.298
5.67427,2.34304,44.5353
3.97995,5.12589,145.19
2.21907,4.29054,86.6584
3.29686,5.10479,141.43
4.95081,5.56132,186.558
2.69858,4.49087,98.9956
4.26655,5.88183,209.287
3.79046,4.96845,134.056
3.32165,2.85039,38.4523
4.64079,4.91697,135.613
3.58426,3.44911,57.7817
4.94547,5.73369,199.482
4.10863,5.06049,141.882
3.56516,3.08939,45.8645
3.59566,3.13901,46.5322
4.41127,3.82523,76.1286
3.9264,2.79719,40.2912
3.68584,3.5374,60.2362
5.39311,4.98598,146.247
2.84983,4.5376,101.621
2.61146,4.01617,73.4176
2.74807,4.64294,109.148
3.37525,4.66459,111.316
4.25298,4.82682,127.015
3.73719,3.43509,56.8965
5.8928,4.75311,138.323
5.02812,4.85294,135.451
3.61035,5.41143,163.173
2.8525,4.87199,122.253
3.54859,4.27353,90.3908
3.75861,3.0855,45.0072
3.42674,4.72501,115.187
2.63313,4.24657,86.9987
2.24083,5.07482,136.215
3.44999,5.09471,140.766
3.5885,4.84158,123.925
5.66335,3.48051,73.3063
4.66238,4.40078,106.084
2.3295,3.34382,47.2788
5.06996,4.63382,120.632
4.86416,5.24302,157.629
4.12175,3.93788,79.0287
3.37695,3.48303,55.9538
3.48914,4.10977,82.9779
3.41456,6.43473,259.109
5.22762,3.66065,73.8208
3.57231,3.26834,49.0835
3.49821,4.0146,79.8571
6.36499,3.29979,73.1914
4.46539,4.40151,103.865
3.7867,4.85647,126.688
4.39035,5.5183,177.45
3.21773,5.09395,140.842
3.38631,2.40644,29.0049
4.87195,3.14801,55.2276
3.512,3.01793,43.3473
6.80733,4.9815,158.875
4.68582,4.48689,108.646
3.04911,5.52249,170.261
4.41757,2.57847,38.8738
2.45003,2.20393,22.8116
5.5003,4.04274,93.4986
3.79579,3.64472,65.178
2.76074,2.67048,31.2875
5.31914,4.03013,92.3021
3.95445,3.14597,51.9034
3.1842,3.45171,55.6393
3.76203,5.08741,142.435
3.17878,4.20351,85.9248
5.62786,3.16231,61.0688
0.814535,3.8333,64.5291
4.02168,4.11133,86.5181
4.15129,3.2822,55.3787
4.12696,1.48938,22.1535
4.80645,5.33747,165.942
4.02434,3.05999,47.6096
5.11272,3.63105,73.9069
4.48139,4.59823,114.284
3.43244,3.18673,46.7314
3.98339,3.84775,72.8884
4.08915,4.08829,86.4779
3.57565,3.96495,77.7735
3.69507,4.27353,93.2688
2.6371,3.32428,48.1462
2.45967,4.9453,125.423
