3
2.92876,5.10958,139.659
4.75401,2.75259,499.736
5.19739,1.79384,690.55
7.0683,5.28004,2384.81
3.58602,3.234,189.222
3.13866,3.84645,130.829
4.94558,2.73306,579.086
3.35888,3.13208,149.386
4.869,2.95255,547.175
5.15201,4.75238,713.423
2.79969,4.519,112.191
4.83783,3.43149,542.989
4.93173,2.61075,571.759
2.91227,2.46206,91.0255
3.17898,4.23906,144.932
3.31176,3.3812,145.988
4.47579,3.93379,413.898
1.34477,3.58389,38.0573
3.70409,4.76412,236.373
3.88678,1.75735,229.622
3.85481,3.22463,237.552
3.71411,2.91102,205.276
3.83607,3.21925,233.124
4.27117,5.59106,392.165
4.75843,5.67858,558.232
4.96368,4.41146,615.542
3.66387,3.33294,201.788
3.87011,4.316,259.91
4.52538,4.6654,448.82
1.20663,3.73934,39.327
4.26858,5.19082,378.969
5.62014,4.77327,982.955
5.153,3.06738,683.311
3.24119,5.14538,174.468
3.9891,3.18673,267.999
3.38269,3.74194,163.063
4.18647,2.43107,306.736
5.03682,3.35336,629.111
5.37809,2.57878,796.094
5.13405,5.08232,711.478
3.312,4.45972,165.457
4.22379,4.39815,348.094
2.56455,4.15644,85.9858
4.58026,4.60148,466.416
5.97661,3.51245,1215.42
2.92805,3.00596,97.4569
4.4323,4.66368,416.205
2.89369,2.76922,91.1841
4.88671,4.03969,576.582
4.58281,4.76348,470.758
4.8743,4.90927,586.989
6.87773,4.84249,2132.12
5.95182,2.60961,1182.97
4.05308,3.87478,293.355
6.55863,2.3404,1731.97
3.67586,3.97274,216.042
4.41861,4.04695,397.726
4.06438,4.64186,311.756
4.78265,6.59457,600.8
2.58896,3.6825,80.3541
4.59564,5.67277,499.096
2.99064,3.52087,112.404
3.83959,2.9481,231.196
4.95716,3.83483,601.152
3.9304,4.27084,271.18
4.278,3.6408,351.67
4.91313,4.04732,586.143
2.52566,2.38281,57.7619
3.20819,2.65594,124.006
5.22983,4.15546,739.78
3.02558,4.64529,137.694
4.24908,5.64615,387.061
4.50365,3.7271,421.266
5.44654,4.52104,867.883
3.05295,4.9427,147.274
3.92,4.01237,263.967
4.14298,3.23288,305.774
4.29047,7.37536,460.679
4.60308,4.32951,468.43
4.87567,6.26921,627.896
5.33553,3.61657,786.082
3.51582,3.73637,183.039
2.82669,3.49233,96.9704
3.69616,3.69109,212.982
2.43383,6.3205,137.907
2.93252,5.13612,138.121
3.51209,5.15021,212.364
2.65241,3.76726,84.2951
4.4021,3.41692,383.231
4.73631,4.22038,516.218
3.30528,3.22086,142.749
3.25408,3.17363,135.55
4.8185,4.89784,564.451
5.67588,3.68456,997.838
5.36981,4.18421,817.862
5.4089,3.78792,832.254
3.10433,5.78828,175.434
3.65613,4.30153,219.86
3.00185,3.239,109.736
4.79519,4.38844,543.068
4.95713,5.26261,634.245
3.40223,3.73667,166.359
3.71109,3.81118,218.098
1.82343,4.48733,62.8118
4.01161,4.13882,288.238
4.28022,5.05939,379.948
4.25244,3.15937,334.99
3.71295,1.12555,189.495
4.94195,4.94426,619.779
1.49603,5.41346,79.709
4.8119,5.0382,564.109
4.57488,2.62558,430.452
3.84046,2.93575,230.632
3.51944,5.64585,228.633
3.67821,2.83644,197.373
6.08912,5.62313,1353.88
4.82043,5.73709,585.256
3.89779,5.44052,293.533
4.06038,4.59958,309.533
5.71177,5.43415,1061.61
4.07073,5.17673,328.275
3.79504,5.7948,283.413
5.07874,3.25113,647.885
3.62725,5.46588,244.416
4.21125,4.42037,344.893
4.03022,5.75439,335.808
4.47104,4.83513,434.148
3.23368,5.02488,170.177
5.03126,5.27171,664.908
4.20193,3.99935,334.79
3.44497,3.86997,174.456
4.49063,2.33286,399.274
3.61916,4.19905,209.562
3.39824,4.78583,188.193
3.99846,4.09582,285.546
5.5957,1.83679,922.612
1.97339,5.45204,90.3443
5.44538,5.18235,884.085
4.82644,1.40758,517.02
4.61545,3.50784,458.424
2.43146,4.74458,90.8547
3.91952,3.04423,250.114
3.29297,3.15757,139.586
5.15999,5.76087,744.216
4.66068,3.59728,475.831
4.53584,3.16645,422.991
3.76682,2.98825,215.667
3.21505,5.07581,168.703
2.20919,5.81462,110.496
1.93015,5.65539,97.1735
4.34348,5.33329,406.282
3.45768,4.3147,185.596
3.15835,5.2562,166.883
4.70228,5.19892,526.413
3.84394,3.18186,233.775
3.52047,2.66049,169.331
3.63604,7.15973,299.96
5.3967,2.74027,809.513
4.36304,3.68874,377.288
2.38876,3.30272,60.8444
4.19857,4.35518,339.927
4.55586,4.05745,445.725
3.70057,2.43335,198.445
4.565,4.01588,447.94
4.04732,4.47321,303.821
3.8585,4.38732,259.766
3.34089,4.86668,180.182
3.07972,3.21317,115.848
4.12256,3.184,301.197
3.04701,2.64965,105.054
4.61156,3.88742,462.802
5.25451,4.78295,766.349
4.05173,2.44297,272.747
3.86902,5.20922,281.533
2.90872,3.4789,101.176
4.97937,4.3483,619.005
5.04146,5.48572,678.153
4.17765,3.96968,326.502
3.55796,4.25471,200.821
3.34454,5.93072,211.11
4.02466,3.48717,279.535
5.32354,4.72369,804.286
3.7409,3.59677,221.26
4.39393,2.99576,375.014
5.16848,3.78769,701.64
3.89693,4.82238,278.926
4.79654,2.2169,510.125
5.4489,4.15822,862.271
4.03403,4.43743,299.784
5.73334,3.53125,1032.99
4.00301,4.01297,285.682
5.403,2.97339,816.39
4.20702,4.15381,338.9
4.38801,2.13149,361.818
3.36029,3.16745,149.786
5.60168,4.24326,960.577
4.62872,1.80104,441.89
4.82762,2.82806,529.451
5.36198,4.16427,810.87
4.51248,1.12949,396.904
3.79358,5.34037,271.053
3.89871,4.73083,277.175
2.18466,4.42573,73.7421
2.98935,4.34252,126.496
3.60668,3.27511,189.12
2.80681,3.01568,87.1048
4.76934,2.35944,499.11
6.18833,3.78267,1394.3
4.20017,3.46149,324.772
5.64952,4.10733,989.831
2.52457,2.87626,63.4785
3.51569,2.2435,161.794
2.79778,3.82713,97.1778
3.9315,3.91694,266.499
4.84637,2.13484,529.575
3.73474,4.09263,227.732
4.17935,3.3997,318.778
5.19273,1.97717,689.686
4.5348,4.2914,442.17
5.03738,4.27207,646.849
3.89703,3.34997,249.192
3.146,2.88372,118.239
2.20303,5.48617,98.8666
4.21849,5.03175,361.808
4.62613,4.83721,486.721
5.62193,2.0242,940.523
3.96414,4.64802,288.969
3.48111,5.82488,227.973
5.67384,3.81719,998.74
4.0072,4.41655,293.266
4.11777,3.99205,313.479
5.57949,6.32669,1002.82
5.15998,2.65344,679.554
5.81824,4.17024,1108.14
2.81442,2.69774,83.6547
3.26948,4.11627,153.938
2.45323,1.84311,50.5147
4.79505,3.51651,526.773
4.52872,1.8249,406.823
3.46766,4.78335,196.872
4.55851,4.73848,460.206
4.30499,3.40096,354.023
3.68588,4.94783,236.411
4.19658,3.60859,325.505
3.88557,3.56658,248.685
4.85918,3.92861,561.523
2.76722,2.81908,82.0425
3.23772,4.2561,152.645
5.69544,4.03753,1017.47
3.18846,4.58889,153.907
4.3512,3.90034,375.249
3.8468,4.10207,249.927
3.8406,4.2074,252.446
2.01659,4.39556,66.6704
1.80275,5.25447,80.8738
4.02891,3.59501,282.89
3.05212,4.15771,128.554
4.69371,5.1319,519.435
3.39424,3.57984,160.69
3.91928,4.31412,271.318
2.85634,3.75896,101.466
3.22111,5.32471,176.05
2.51495,4.89419,99.9435
5.13522,5.59081,726.226
2.38056,2.64198,54.1554
5.43277,3.15777,834.168
3.44698,3.74028,172.063
3.55946,4.87158,215.659
3.8541,3.66652,244.098
4.26047,4.50181,361.995
2.06975,3.85107,59.3114
2.68626,3.68136,87.5274
4.20075,3.72145,329.924
7.07977,3.03279,2353.69
3.49664,5.48009,219.183
4.34149,2.71617,353.629
4.86529,2.29485,540.217
3.84697,5.95154,298.192
3.30975,3.22025,142.441
4.80677,2.70631,519.384
3.03775,4.25529,129.057
3.66198,4.79179,232.06
2.79289,3.09279,85.5378
3.77828,4.47885,244.293
5.26013,2.45377,729.128
2.61989,4.59096,101.519
4.88609,5.43857,605.66
3.79408,3.76385,235.313
5.59369,2.49835,925.514
4.19864,4.37718,341.637
3.81114,5.34809,275.198
4.24004,4.77914,361.032
3.937,5.2247,297.513
3.99123,4.87412,300.487
3.64719,4.06797,211.113
4.15209,5.01561,344.3
4.48802,3.55288,412.431
3.68724,2.36146,193.573
3.89409,4.58165,271.93
6.28073,4.36307,1489.33
3.96818,5.05815,299.663
2.58665,4.6101,98.3874
4.97594,4.71834,626.929
4.02867,3.65349,282.485
3.85828,4.17007,253.484
4.21161,5.22665,365.548
2.47596,4.70449,94.8039
3.04148,4.90941,144.155
2.50014,6.63144,154.594
4.99931,2.78722,603.024
3.70671,1.90303,193.424
3.34293,2.37315,137.482
3.26041,3.24548,139.514
3.36067,4.92903,186.596
4.07257,4.48365,310.717
3.77259,1.81388,205.289
2.8741,3.52296,100.377
1.99023,4.81427,73.8606
3.96694,4.39717,282.827
2.83452,4.28242,110.874
4.91683,3.34928,572.899
3.40395,4.97097,191.938
4.056,2.56955,272.799
4.01855,5.23918,314.602
3.60698,3.99711,201.979
2.8704,4.31081,116.382
2.71103,3.65733,89.1939
2.32082,2.54209,48.734
3.57417,3.23675,183.175
4.72835,2.91876,491.2
3.23416,4.80531,164.086
5.93055,2.86771,1169.88
4.87063,3.92478,564.498
2.94452,1.9943,89.34
3.07468,3.84988,126.859
5.36624,4.15441,815.851
3.70383,5.76454,263.483
3.93159,3.3777,255.011
3.94567,2.19475,245.148
5.13318,3.05938,671.131
4.81172,2.86646,524.358
3.39555,4.52106,179.198
2.03338,3.62719,51.3061
6.08678,3.83298,1311.83
5.65985,2.64857,972.82
4.49088,2.80878,404.637
2.20828,5.21295,94.4907
4.41413,3.18451,384.373
4.2694,3.32825,342.661
4.07625,3.3183,290.389
6.08102,5.62953,1346.22
4.00655,2.08742,259.344
5.04008,3.85532,638.381
3.36211,4.00463,164.576
5.45062,3.89958,859.74
2.83635,1.45147,74.5863
3.54509,4.44199,201.554
3.46336,5.81689,223.872
3.01614,4.72022,137.859
1.92119,5.16526,81.3418
4.1789,3.54489,321.898
1.76944,4.50143,62.4843
4.10446,3.8707,308.348
3.80376,2.44145,218.967
3.97232,4.35343,283.393
5.75049,3.19507,1040.89
4.06715,5.7398,341.355
6.2916,4.40062,1501.36
5.06235,2.87368,635.289
3.87579,4.50464,263.701
2.77021,2.24447,75.8688
3.6634,3.50579,204.178
6.2734,3.80518,1471.62
3.45801,5.49985,213.758
6.00736,6.02443,1301.03
2.88124,2.90722,91.5599
4.89419,3.94432,576.629
4.92969,3.00182,575.775
3.88996,4.50141,267.147
2.63298,5.2469,115.937
4.15795,4.35179,329.583
4.46919,3.26913,403.336
4.08577,4.44107,314.75
5.43284,4.19323,854.238
4.39523,4.40931,400.07
3.68441,4.92664,238.048
4.38488,5.6182,426.727
3.4096,5.74635,216.684
3.52032,6.0764,240.632
2.97824,4.79642,137.039
4.02612,4.76023,303.746
4.02912,4.31713,294.013
4.73039,3.83392,506.265
4.12342,4.28488,317.775
4.02659,4.17299,292.569
1.9899,3.88554,55.664
3.41521,4.79513,187.912
4.07493,4.91754,320.603
5.98336,5.92475,1276.39
4.47007,2.35402,392.556
4.13207,5.47024,350.908
4.50659,4.03337,428.206
4.56091,4.49805,456.452
3.83217,5.1568,272.142
3.09207,3.66042,123.95
4.87273,4.69356,582.388
3.45317,3.22081,165.098
5.37957,4.94172,840.417
4.58545,4.53871,464.4
3.74046,1.57617,198.502
5.38351,4.42187,829.786
4.46654,5.16614,439.686
4.19238,4.48853,342.434
5.87949,5.11799,1174.81
4.53417,5.14757,462.55
3.81233,4.78339,258.05
3.34853,2.7085,141.17
3.82797,5.01935,266.621
2.97423,3.20177,104.816
5.19338,4.89986,735.751
3.60719,5.02566,225.777
3.7559,3.24313,217.611
3.33671,5.9356,209.253
4.57238,1.95047,422.254
3.43486,3.12779,158.932
3.49289,4.04774,183.751
4.85753,3.71094,555.139
2.79804,3.80299,98.602
5.09205,3.78835,664.485
6.14548,5.25116,1391.04
3.04081,2.43924,102.613
2.06773,5.35643,91.8364
5.02796,5.02295,659.092
3.40677,3.37828,161.646
4.21038,3.93865,336.885
3.38492,3.19818,155.321
2.97861,3.8233,115.555
3.94071,2.20674,243.81
3.94064,4.29859,276.213
2.35937,3.91816,72.1646
3.65392,3.24514,196.858
4.34692,4.28226,382.809
3.38748,4.54281,179.444
3.51754,4.6694,202.545
3.49102,3.94769,182.73
2.99648,4.00167,120.273
4.1704,5.60299,365.01
2.70393,2.18546,70.427
4.66312,4.32329,489.801
5.08262,4.07081,662.955
3.58806,3.46961,191.691
2.62267,4.95658,111.311
5.57465,5.33989,968.027
4.45824,2.45512,386.857
2.68783,4.13232,96.0403
3.66515,4.89126,232.109
5.1787,3.86607,707.326
4.30383,3.84552,360.576
4.65008,5.35206,508.807
3.49798,4.39722,192.911
3.80052,4.18215,244.776
3.85097,4.09612,251.539
4.1712,4.15149,329.558
2.98474,2.15903,92.3172
5.12474,2.99607,666.793
4.60711,4.67408,477.614
3.41768,3.07816,158.53
5.98558,4.73623,1245.79
4.54876,4.01881,442.894
4.80421,6.3353,597.96
3.20533,3.82376,140.682
6.23664,2.15845,1414.87
2.97297,2.82537,100.621
3.82615,4.54511,257.108
3.45362,3.78516,172.548
3.61243,4.3725,210.862
4.3493,1.70902,346.961
3.30114,2.76402,136.715
4.37813,5.31838,418.577
4.40591,3.4832,384.539
3.19133,2.73815,122.776
4.44037,3.76422,402.543
4.60522,2.34267,437.558
3.82786,4.00504,245.695
3.6271,3.95954,207.388
4.42553,4.80836,418.739
2.17885,4.06753,64.7898
5.46376,3.53312,861.029
3.08348,3.7912,128.268
5.37225,3.87091,812.329
3.94841,4.99544,296.429
2.695,3.781,89.06
4.37267,4.57088,396.269
1.58716,5.09002,71.1138
4.45623,3.24822,400.616
4.91121,5.14836,608.891
4.07742,3.51998,293.43
4.20064,4.91525,354.99
3.45864,2.92148,162.381
4.55755,4.6816,460.736
4.01816,2.75228,268.841
3.56114,4.00589,194.839
4.49728,6.09771,477.528
3.53429,5.38025,222.748
3.85266,4.17512,254.596
2.85191,4.31881,112.229
3.85856,4.1905,255.738
4.57286,5.54629,485.579
4.61058,4.39334,470.45
4.09212,4.07674,306.74
3.76804,3.58621,226.281
4.64756,3.81089,473.035
4.94322,3.30822,584.28
3.95715,3.45898,263.42
4.15704,4.48163,332.726
4.63086,4.98891,492.901
4.73992,3.44753,502.282
5.03219,3.21597,625.398
3.86088,4.95804,271.338
2.29681,4.07686,72.443
4.65939,4.21406,485.171
3.6699,4.19342,219.518
3.55099,5.06557,215.502
4.76224,2.6356,501.025
4.77543,2.79352,507.067
2.68544,2.85965,74.1346
4.53105,4.89835,454.065
3.31883,4.13126,160.861
5.44515,4.59749,869.79
4.74221,3.53759,505.474
3.44323,4.10311,178.958
1.8504,3.8169,50.8295
5.41095,3.20276,823.823
5.57559,2.96287,919.912
3.5535,2.39117,170.7
4.14942,2.76563,301.243
5.24555,3.47397,733.319
4.66867,4.66952,498.753
2.8753,3.81051,106.334
3.75736,3.87718,228.756
4.19659,3.24878,320.952
3.82122,3.48545,233.012
4.15141,5.13891,346.337
4.57375,3.17981,436.974
4.35346,3.54817,370.642
4.93759,2.88796,577.859
3.9743,4.74868,292.887
4.47131,5.3314,446.723
3.77923,4.30496,243.755
4.76487,3.26997,511.178
2.09139,3.62346,55.8996
2.59124,3.3687,76.0937
2.66832,3.84015,90.338
4.37605,2.64943,364.361
3.98473,4.60393,293.127
4.38469,5.45686,422.418
5.5204,4.29942,908.693
3.34526,4.99542,184.683
1.24002,3.94034,42.7923
2.27117,5.46163,103.662
4.26263,3.93438,350.975
4.87434,4.04875,568.664
4.42457,3.50643,392.123
3.34405,4.08859,163.802
5.70976,4.03024,1027.19
4.04527,4.99552,314.833
4.49005,3.75824,417.49
5.18305,2.14862,686.147
5.6526,3.00402,970.604
4.13004,3.00432,300.199
3.01996,2.05174,94.9121
4.56034,4.08024,447.597
4.88584,3.5019,563.744
4.46599,5.02258,436.858
3.89912,3.61138,254.35
4.24768,6.78838,425.018
4.31076,4.23294,369.843
3.58905,3.42657,190.855
1.26545,4.10399,48.3307
4.11785,5.69231,353.93
4.30907,3.54076,357.562
3.09262,4.22322,134.803
4.07727,4.98698,324.561
6.04603,4.22815,1284.43
2.35852,3.89491,72.6596
3.57571,3.03962,183.648
3.01875,5.21693,149.512
5.24207,3.39369,732.556
4.76551,5.57966,560.356
4.34117,4.05629,376.177
4.24372,4.17717,348.274
5.16828,4.02893,705.439
4.1496,5.26341,349.385
3.01666,3.77251,117.889
3.75847,5.31111,262.627
4.33978,3.12964,362.743
3.11319,4.68301,147.442
3.21575,5.84727,192.24
2.60896,5.10697,112.902
3.69009,4.64956,231.003
4.92056,3.80616,583.57
2.90012,4.75036,128.446
2.36852,4.72,90.6262
1.94913,1.64486,26.743
3.40261,3.46538,161.081
3.48175,4.29689,189.098
5.17452,4.76569,724.115
3.08842,3.55501,124.377
1.30005,3.14453,29.4242
2.13464,3.96239,62.4714
2.81143,5.13679,128.319
3.58418,5.34349,230.067
4.01512,3.23668,273.096
3.89134,3.31709,247.586
4.11757,2.85239,294.311
3.71968,4.49213,233.893
2.56757,3.11671,71.6155
4.45913,4.72293,427.76
4.37684,3.86143,383.858
4.64916,3.3566,468.408
4.83351,5.74493,594.014
5.12926,4.06319,685.651
3.3759,5.21536,193.83
4.79493,3.25459,523.099
3.77887,3.09627,218.368
4.66717,3.54978,477.048
2.87528,3.5197,101.423
6.23514,3.82526,1437.97
2.49691,4.17675,82.8168
2.34178,4.72396,88.053
4.61267,3.39525,452.877
1.98868,3.5912,50.6366
2.57013,4.30746,91.7034
3.87523,4.8724,273.759
5.0371,3.21794,627.772
3.88014,3.18709,241.514
3.56567,3.82285,193.314
2.82792,3.62829,98.4419
4.96583,4.97377,629.645
3.80283,3.05838,224.457
4.91341,4.08691,584.649
5.67153,2.57667,979.513
4.01787,4.81066,304.624
2.55354,2.91029,67.6621
4.18177,3.94895,326.264
3.36153,5.42792,198.569
5.75083,4.06104,1056.18
3.62408,4.59467,219.034
3.66751,3.94784,214.285
5.81796,5.09787,1125.69
3.79694,2.92145,220.858
2.88491,4.50015,119.571
4.91181,5.13342,609.047
2.10511,3.433,51.7526
5.47673,3.1108,864.05
3.90433,1.98905,235.416
3.7816,4.81955,253.436
4.71653,3.13034,487.723
3.36803,4.38971,171.785
4.024,2.56589,267.622
3.53346,5.62143,228.678
3.83068,2.85144,228.088
5.05168,4.61077,660.026
4.87353,5.82821,612.824
4.65004,3.89719,477.431
3.83199,2.80196,226.164
4.77416,2.10856,499.2
4.51183,2.71698,408.993
4.60671,3.6395,458.358
3.41818,3.88909,170.898
4.15948,4.54612,333.63
4.00085,3.89073,281.413
4.33065,4.8555,388.965
4.16228,3.99631,324.256
3.65002,2.12645,184.406
1.94899,4.08534,57.5837
4.33175,5.00551,394.27
3.14942,3.98395,136.295
3.09061,3.91868,127.8
4.04851,6.33544,356.713
5.77359,4.30599,1079.72
3.16693,3.80919,136.165
4.47395,4.47618,426.304
4.5954,3.44971,447.711
3.99822,4.09107,284.59
4.72175,2.88748,487.396
5.2459,3.60046,739.99
4.40153,4.69873,408.247
2.71197,3.06997,79.798
4.35489,3.96249,378.064
4.22623,4.68563,354.191
3.39017,3.79359,164.595
5.54503,4.02364,918.807
4.10524,2.56733,287.098
4.67124,3.6429,480.508
4.45787,5.03561,435.594
2.87373,5.02739,130.961
4.10346,3.66072,302.026
4.9315,4.28914,598.563
3.82895,4.05153,246.121
3.29473,4.88674,174.687
2.60177,2.15632,63.1514
3.73294,5.20981,255.162
5.06077,4.1086,654.073
4.12291,4.93863,335.004
3.92392,4.57209,276.304
4.20033,4.43065,340.385
4.87497,2.97789,551.524
3.80526,3.9689,238.85
3.03756,3.39146,113.032
3.36819,2.52808,143.209
5.03641,3.31197,628.633
2.73536,4.95663,119.824
4.33285,3.84596,368.282
4.01795,5.27213,315.605
4.63648,5.20734,500.696
4.98984,3.1986,604.726
4.26596,3.03361,335.187
5.61138,3.60978,954.493
4.23778,4.50171,354.451
3.86156,1.8006,224.563
4.20435,4.63973,349.313
4.70717,3.04971,483.296
2.39178,3.49588,66.2839
4.08142,4.03456,304.417
3.11484,3.17017,117.655
4.21164,4.21582,340.986
2.8995,4.16636,113.715
4.5827,5.38916,486.117
4.51309,4.22742,433.213
3.57293,5.22675,227.221
4.82449,2.46958,524.18
2.87995,4.05671,111.408
3.33599,1.72826,131.395
4.63035,3.46199,461.921
4.46477,3.83073,409.469
2.12287,4.57977,74.8972
2.86741,6.46939,174.796
3.91438,3.5323,255.251
6.58023,6.08865,1830.38
5.4157,3.86319,837.705
3.50812,4.99697,208.27
5.65363,3.57299,981.584
5.16047,3.31472,691.115
3.97255,5.77101,319.923
4.14032,3.57584,309.693
6.16034,5.10596,1400.85
2.41861,2.98447,60.18
2.24297,3.67486,60.9585
3.92195,2.64495,244.766
2.96446,4.26868,123.793
5.08157,4.50871,674.521
4.58228,3.57483,447.322
4.70045,3.65943,491.647
4.74701,4.75014,531.456
4.45081,4.1507,410.779
4.98842,1.96279,590.768
2.42609,4.23364,82.9391
5.11446,4.96194,697.683
4.40056,4.07784,394.124
4.94276,3.63951,590.168
4.84996,3.54347,550.465
3.47104,4.19387,184.631
3.85613,4.67033,264.541
3.21137,4.5683,156.011
3.89988,5.21232,290.162
3.80672,3.89629,238.032
4.99708,4.69943,637.436
2.80969,6.04405,153.915
3.83437,4.10739,247.976
3.86532,4.38977,260.985
4.6654,2.96382,466.799
2.57421,3.72379,80.3316
3.84679,5.53137,284.832
3.45644,4.35325,184.69
4.51344,6.43424,494.069
5.04528,4.52126,654.747
5.99018,3.74969,1230.72
2.3862,5.26455,103.062
4.0153,2.83035,268.239
4.3737,2.49916,364.104
2.45972,2.73224,57.8965
4.26143,3.92016,349.892
2.26911,3.88836,66.6483
4.61206,4.31869,470.571
4.79941,2.36542,511.357
4.12936,3.95045,314.884
4.30909,4.70743,378.739
4.10141,2.96587,293.423
4.96921,2.08661,581.997
3.59569,3.98693,201.707
5.46419,3.95938,871.446
3.89609,4.81305,277.097
4.18481,5.14,355.593
3.42518,1.58117,144.999
5.85067,4.34427,1135.59
3.58127,4.28706,205.778
3.01975,2.59044,100.582
3.90888,5.43547,296.484
4.9857,3.62972,609.035
4.80372,3.95668,535.517
3.45872,3.55055,169.189
5.43414,2.34448,825.907
2.2235,3.19579,54.0116
5.16093,3.50312,691.34
2.89447,4.48806,120.336
3.50252,2.80609,166.919
6.20418,2.96474,1395.75
4.88124,3.85113,566.817
4.54195,3.91856,438.405
5.76718,5.50043,1103.65
3.57002,2.60553,175.12
4.77989,2.95008,510.11
3.10412,2.76037,112.018
1.50311,2.91136,29.779
4.0142,4.47487,298.857
3.02846,4.19932,127.271
3.60336,3.00147,187.841
4.17516,5.07632,351.399
4.72893,3.71805,502.368
2.72521,2.99807,79.8114
4.58368,3.85187,452.863
4.02335,3.20887,275.294
5.14781,4.9159,714.752
2.18443,3.74634,61.2834
3.60591,2.67754,182.729
1.91643,4.13537,58.4154
4.25602,5.16784,373.653
3.46093,3.42424,169.968
4.48214,3.29193,406.747
3.53248,4.88662,210.646
3.41217,5.3223,202.693
3.2502,3.00766,133.175
2.74437,4.97575,119.394
6.01793,5.36902,1287.18
3.80739,5.04401,263.03
2.69382,5.29524,124.014
4.56315,3.75997,442.756
4.95578,4.92723,622.696
5.04256,4.91911,664.545
4.74626,5.13179,542.616
3.18198,3.14886,126.607
4.3424,3.48426,367.749
3.56289,3.98064,195.322
3.64639,3.46677,201.236
4.33745,5.7186,416.585
3.38244,3.51154,158.571
2.74416,2.54418,77.8142
2.64301,4.67245,103.858
3.95656,4.3205,277.876
3.40523,5.05295,194.402
5.19988,3.89977,719.882
4.5076,5.25446,455.692
4.63835,3.86922,472.569
4.40951,3.57818,387.321
3.9568,4.92756,292.961
3.20486,3.64614,137.2
3.29581,4.86597,173.961
5.52954,3.48193,900.492
4.56777,4.67945,465.392
4.64424,4.89975,495.16
3.03883,4.98373,146.815
3.96576,4.10668,275.472
3.42851,4.61135,185.895
3.76272,4.9483,253.03
5.64175,2.80658,962.326
5.05448,6.45099,712.297
4.61516,4.94625,487.101
2.13057,4.61208,76.6616
3.13821,2.3875,112.366
4.63557,4.25466,478.449
3.26977,3.48478,143.157
6.35728,3.06596,1537.74
3.2715,4.8943,171.347
3.31937,4.11845,160.8
3.78105,3.56609,229.346
3.29681,3.43034,146.208
6.10762,5.58358,1367.77
2.62676,5.74254,131.351
2.90134,3.51008,100.956
4.26574,6.00435,403.354
4.96826,3.34756,597.798
4.151,4.29967,328.401
4.76039,4.11363,522.23
5.28757,5.22512,794.375
4.72958,3.69063,502.307
4.53223,3.42293,426.699
4.07405,5.83746,347.177
2.46561,4.97271,99.9187
3.20346,3.79478,138.833
3.39256,2.35894,143.537
4.72914,4.47427,519.164
3.51243,4.46835,197.541
4.1923,3.95287,330.484
4.13337,2.02088,291.331
5.26769,4.03658,757.222
4.48872,3.8945,419.229
4.80703,4.4429,546.031
3.74146,3.85866,225.006
3.78172,4.1352,238.044
3.56227,4.54771,206.875
4.83141,6.34409,611.21
2.51354,4.2194,86.3609
3.97477,3.69705,272.366
3.37065,4.14793,168.579
5.39492,3.35787,815.896
1.59491,3.90029,45.2224
3.92771,3.70442,261.894
1.69268,6.22007,107.169
5.33729,4.05025,795.163
2.84328,2.97852,89.1688
3.81783,4.15117,246.375
3.99964,4.20344,288.652
3.59508,3.053,184.939
3.65338,3.90313,208.932
3.90223,5.85609,307.026
3.58233,2.49923,175.628
4.79946,4.48345,546.224
3.58692,2.11949,172.374
3.89794,4.7752,277.782
3.26033,2.98484,133.831
3.23518,4.2205,151.894
2.6664,4.70667,104.689
5.81015,3.89941,1095.65
4.12572,3.4839,307.031
4.99843,4.12889,626.427
3.82108,4.96183,265.456
5.20622,3.32518,713.636
3.84341,6.60453,320.132
2.5622,3.20338,71.284
3.66366,4.92592,234.644
4.01238,3.71223,281.442
2.22035,5.68969,107.282
1.86125,3.58717,45.3305
5.97139,5.04351,1242.59
2.76658,3.77243,94.4834
3.21824,4.22555,149.072
3.04553,5.20837,152.487
4.27476,2.96403,337.872
4.24842,3.85301,345.196
3.555,2.74552,175.096
2.96414,3.96214,117.176
6.19919,4.52814,1419.86
3.46264,4.32553,187.351
3.68759,4.90905,236.835
4.10588,3.13965,296.795
1.90842,3.59747,48.91
4.8756,2.31052,541.876
5.75857,5.47242,1094.8
4.29473,2.78255,342.011
5.86912,4.05843,1142.97
4.02242,4.64964,301.388
4.19354,3.96891,332.208
3.75242,4.47327,238.951
1.77134,3.97249,51.648
5.86586,3.26679,1124.7
3.99418,4.6271,295.382
3.11293,3.55338,124.848
2.91739,4.47764,121.23
3.86768,4.70308,267.831
3.38184,3.01339,151.806
3.12944,2.69486,114.32
3.68684,3.81314,213.984
4.4211,2.25821,374.464
4.38034,3.28442,375.142
2.98998,4.45287,129.304
4.55637,4.62751,457.541
3.61113,3.39125,194.059
5.34322,3.25,785.071
4.20649,4.73204,352.601
4.42658,3.98493,400.009
2.17234,2.70284,43.7165
5.47081,3.11568,856.095
4.1804,5.0986,353.688
3.35619,3.0469,148.403
3.29166,4.34216,162.531
5.11245,3.25094,664.098
3.46526,3.56934,171.516
2.06285,4.90605,80.948
5.96858,3.4843,1208.19
3.53978,3.46992,183.009
2.97024,5.46009,151.783
4.81494,3.30047,531.204
3.36904,3.75121,159.081
2.61357,3.70391,82.6221
3.04459,4.15726,128.351
3.54308,5.01205,214.3
2.39993,4.3471,81.5256
5.05494,4.99701,669.078
4.41423,3.59367,389.325
3.21687,4.02667,144.773
1.86813,2.30822,30.1647
3.16612,2.36024,112.871
4.41058,5.57375,433.661
3.61725,5.01264,227.928
3.24157,3.2629,133.466
3.42144,3.108,159.647
4.10279,3.20544,296.297
4.18285,4.18867,333.03
2.79363,4.17858,106.852
