3
5.29251,3.19798,32.1202
4.02693,4.44281,54.5964
4.83898,4.52103,57.0995
4.06212,3.84159,41.8287
4.68597,3.64684,36.0968
2.28556,3.00551,24.3693
5.33798,3.36396,34.5795
3.67172,3.06093,25.7317
5.6473,3.26177,32.6685
4.42323,3.54712,36.1144
3.01782,3.51594,33.4956
2.78367,2.73109,21.5247
6.12173,4.95632,69.5878
4.12674,3.2304,31.8851
3.20947,3.25234,29.9686
4.22765,5.82866,94.0486
2.06092,4.63339,55.8262
5.53542,1.60172,13.7112
4.66663,2.3665,19.8233
6.08722,4.66513,61.3136
4.60304,3.32289,32.2706
4.96501,5.21304,74.8728
4.21898,3.29579,30.7039
3.89721,2.13432,15.1074
5.85703,3.76995,41.156
4.16737,3.18212,30.0508
4.44353,3.65838,38.1279
4.68613,5.54453,84.2945
2.10531,0.549363,6.38422
4.36092,3.24545,30.7635
4.16895,2.50622,22.1669
3.37682,3.86534,39.2329
2.3581,4.63999,57.3235
5.29535,3.18674,29.326
3.2697,5.35036,76.5215
5.2317,3.60179,38.6219
5.78941,3.59389,39.8833
3.38556,2.5038,18.808
3.24021,5.71902,87.4974
4.78278,2.70156,22.9564
4.82119,4.99821,69.4253
1.7949,3.18989,28.5667
3.53194,3.98291,45.0569
4.05424,3.93594,42.1734
3.58857,4.90485,65.4949
4.04356,1.53949,10.9077
1.96939,3.07452,26.6644
6.22077,4.11133,47.7558
2.56678,3.60073,36.008
5.22936,4.7975,63.9038
4.50498,2.77229,23.125
3.74426,4.66246,59.558
3.60497,4.14554,46.0612
3.27721,4.29911,49.3893
4.25394,2.67247,22.3061
4.85333,4.05545,46.5034
4.36762,2.04424,16.6699
4.87224,4.29726,50.5466
3.48183,5.15063,70.8697
4.07173,4.17128,46.5987
3.60075,3.11267,28.0064
5.42904,4.83119,62.9854
4.4841,4.05274,46.0222
3.6954,0.529112,5.80441
4.64305,2.27086,18.9256
4.70913,5.33786,77.676
3.37898,3.8675,39.1585
6.777,3.70912,38.1667
2.96503,4.97536,65.1183
2.682,3.42624,34.428
4.71727,5.11821,70.3211
5.76419,5.2191,74.1834
4.18947,4.00803,43.4817
2.75237,4.1412,45.2439
4.58956,3.91814,42.6285
4.21757,4.735,60.8108
3.33141,3.63958,36.7508
4.15278,4.34604,49.7972
3.70408,4.0702,46.0703
4.19072,4.86508,63.7722
3.81523,4.22598,45.537
3.13279,4.48577,52.058
3.89947,2.71354,22.4839
5.28635,4.49309,56.0498
3.29834,4.39553,53.5896
4.45631,2.29639,17.4926
2.44494,4.75589,59.9619
3.45402,3.37894,32.7282
3.13064,3.83675,38.8981
3.92532,4.74455,59.4082
3.95044,3.86419,41.858
2.7434,5.11434,69.7888
4.27686,4.06217,45.8351
4.16062,3.62438,37.6726
4.68123,2.36557,18.9032
3.88816,5.58732,84.4122
4.05633,2.42002,20.1672
3.9169,3.99876,46.1699
3.24105,4.59965,57.3011
3.36628,2.91044,25.9054
3.28607,2.65945,21.0247
3.96993,3.87918,39.1345
4.88652,4.10671,47.4881
3.33673,2.41576,19.2875
3.00566,5.71608,88.9146
4.52134,4.63946,57.313
5.03374,4.44245,54.7762
3.58603,2.60491,22.9583
5.00397,5.24541,77.1546
2.90718,3.61026,34.863
5.15815,5.11384,71.5216
3.71089,4.53934,55.4316
4.70238,3.87531,42.4206
3.83631,5.24272,75.6072
4.83555,4.80085,63.7805
5.10825,1.74834,15.6493
5.61788,4.221,51.8485
2.83134,4.51564,54.4037
4.27939,1.7002,13.3467
3.88101,4.06682,43.819
4.38974,6.764,130.453
2.7705,2.54579,20.5121
4.22654,3.03614,26.812
3.07298,4.85852,63.2237
5.58586,1.62721,12.7745
3.14357,3.07595,26.1766
5.49583,5.16124,75.0332
2.23963,4.0105,41.2274
4.35115,4.58354,57.7142
3.91516,3.39955,32.912
3.97136,3.13151,28.1367
3.11595,3.93347,41.5923
4.11352,2.36475,20.2172
4.14492,3.38439,32.7225
3.12118,4.30669,48.7712
2.22455,2.67976,20.6087
4.98496,6.25465,110.923
5.73809,3.97536,43.2171
3.6988,4.22675,47.6123
3.12006,2.77456,23.9439
2.47564,6.15701,103.189
2.87899,3.24527,30.0107
2.90992,5.15582,71.6161
3.6454,4.2297,47.3448
4.65489,3.06524,27.1473
3.10263,5.16044,71.8118
4.80191,4.7476,61.1096
3.28911,3.82984,40.6816
3.47518,3.36766,31.1529
4.5342,4.53545,57.993
3.17664,4.99373,66.416
4.00907,4.58179,57.7707
3.56409,4.92775,65.0644
4.13227,4.69449,59.259
2.34862,4.06269,44.4836
3.6238,3.00015,26.9173
5.43991,2.71218,24.6865
3.77292,3.13873,28.534
4.16639,4.99035,67.5732
2.67339,5.37925,77.2382
5.18773,5.61054,87.3777
3.54319,4.45598,52.8661
4.56121,3.07078,29.4031
2.30364,3.92438,41.0486
1.60134,3.89249,40.7284
3.37638,6.34106,112.056
3.53174,3.28277,29.5974
1.7589,3.95097,42.5368
1.85558,3.88257,39.5359
2.39728,4.36805,50.6523
2.1034,4.28771,49.4633
4.04413,3.80412,40.7937
4.42621,2.99964,28.0407
3.24613,4.53209,54.7835
3.27648,4.15314,50.1358
4.19702,3.85701,39.3992
3.9962,3.61322,35.9987
4.55022,4.55727,57.2854
4.19976,2.52785,20.8041
3.76349,2.26161,18.2655
5.49084,4.83228,63.9243
3.3832,5.7218,90.4435
3.38628,3.33316,30.5298
3.24683,2.77563,22.6504
3.03855,2.84442,22.9801
5.20605,5.89981,98.3785
5.34514,2.83939,27.326
3.77041,4.05038,44.7822
4.74675,4.73074,62.1194
5.10631,3.10772,29.754
4.13628,4.41511,53.7147
4.02925,3.09087,26.5804
2.34382,2.32967,17.2093
4.86885,3.01861,27.9871
3.99357,4.17801,48.0579
4.96436,4.58928,58.3334
5.73091,4.84992,65.9647
5.11125,5.86794,95.3539
3.58192,4.83022,61.9082
2.53665,1.69765,12.9008
5.61336,4.12736,47.3053
4.00244,3.06125,27.2887
3.73771,3.60568,33.023
3.06075,3.18917,29.8681
4.76395,3.31047,33.0854
4.35544,4.9361,66.3496
2.59036,3.54301,32.6228
4.18704,2.44315,20.757
4.08286,4.74899,61.9225
4.96945,3.96924,44.8663
4.06479,4.60146,58.9966
5.26455,1.87424,14.663
3.87527,4.59068,55.981
5.0085,3.91714,42.6701
3.48974,2.84069,23.7969
4.49568,4.5673,55.8497
2.92537,6.0772,101.282
2.91329,4.51113,53.9647
3.57407,4.20453,47.3494
3.74498,4.36523,52.3783
3.78979,2.5728,20.0508
4.68882,2.60601,22.6285
4.015,4.34025,52.2434
4.80152,3.80096,42.8814
5.53996,2.66995,25.0788
4.84136,5.14801,73.1439
6.95431,4.98539,70.9162
1.48581,3.92239,39.7277
4.86204,4.67527,60.2929
3.28899,4.09808,44.6651
5.11609,5.52607,85.6649
4.31292,6.16243,104.275
3.45964,3.56373,33.4408
4.52595,5.4635,81.514
3.96889,1.18787,9.22086
4.44379,3.68349,38.9782
4.51169,1.4722,11.5262
4.54808,5.0235,67.2162
1.7138,3.04633,25.8066
5.60633,5.15593,72.6036
3.50044,4.66297,59.4819
3.6917,3.61294,36.2354
3.57512,4.09574,47.0091
4.4403,3.78135,39.2954
6.57415,3.85806,44.5813
3.78413,5.57091,83.4062
4.17468,4.7775,59.7619
2.94466,3.9182,40.6196
3.42936,3.99031,43.297
2.54996,4.33833,48.7231
4.18286,3.6003,36.905
4.50976,4.33652,52.2279
2.05401,4.35649,50.3582
4.59497,4.77069,61.2498
2.1846,4.47892,54.2366
5.82083,4.27666,52.5706
3.22195,2.44596,19.3386
1.46814,3.42363,31.211
5.54887,2.58021,21.3521
3.16342,3.33557,33.5588
3.96356,3.4836,34.7303
4.60821,2.6633,23.2402
2.98884,4.02526,41.3891
3.18926,1.71284,12.406
5.53042,4.59316,58.2813
3.46753,3.70003,37.3977
3.4915,3.31053,30.6897
3.54258,2.34026,18.6593
2.8123,4.83478,62.5551
2.04228,5.38403,77.5404
5.0871,4.0435,44.7088
4.03391,5.09094,70.8124
5.72514,2.87986,28.0922
2.74508,5.74395,89.371
3.9365,2.58568,21.7211
2.93525,5.33514,76.9966
5.08653,3.92716,43.4477
4.47199,2.67551,23.9658
4.67434,5.22708,74.2514
3.60946,3.99085,44.3087
4.43866,4.35544,52.299
3.24384,3.10337,27.6425
4.64194,3.69693,40.6426
4.62102,2.69155,23.85
4.10827,4.04938,44.6723
3.19957,4.97756,65.5149
4.75599,3.79218,38.4879
3.38194,4.53377,54.9284
4.58304,3.36244,33.622
3.27062,3.33073,31.7114
4.22666,2.6689,22.5759
4.72369,4.02359,45.1555
3.87993,3.45905,34.4157
6.2801,2.93188,27.9386
3.72995,5.27002,74.9538
3.80409,5.07828,70.0771
2.23619,4.20214,46.1385
5.79956,7.2065,150.241
4.82614,4.39926,53.9027
4.10852,3.50259,33.914
5.51048,3.63991,38.4462
3.0329,4.35914,50.7601
5.13489,3.79399,40.4067
3.5606,4.62575,57.5226
2.33382,4.77231,60.751
4.75687,2.01358,15.0951
3.82507,4.81521,61.9766
3.73318,3.1335,28.7571
3.60238,3.30825,31.0683
5.29506,3.25647,30.7974
3.92028,4.90119,64.8986
5.42008,6.00167,101.672
4.08828,3.77967,40.1683
2.13081,3.7237,38.2193
4.62668,2.87152,24.7751
4.73752,3.55833,36.8306
3.82426,5.40284,79.9636
4.32873,3.8815,40.7644
2.61311,4.59239,55.9156
4.13985,3.24532,29.5528
2.88402,2.33551,17.8212
3.98762,2.77221,23.787
3.42801,4.68093,60.3697
5.06799,6.12866,107.274
4.36745,5.08092,69.8145
4.58514,3.19408,30.3778
3.32389,3.55941,35.5066
5.04529,4.26808,52.5156
5.03297,3.79818,43.2172
2.97298,1.16001,9.31398
2.83197,5.46677,80.5882
4.60513,3.80032,39.953
4.61189,2.90171,24.9186
3.94788,3.65326,36.9093
1.8127,3.40438,30.9714
4.77553,3.8905,43.537
4.14985,5.69027,89.0602
4.34321,3.54112,33.8706
3.79611,3.87941,39.8123
3.69699,2.26857,17.6373
4.15321,3.14587,27.3459
1.48386,3.58808,33.7541
3.98881,4.28549,50.3843
3.61131,5.71473,87.4789
4.72522,3.23177,32.1768
4.46427,4.72777,61.937
2.17531,2.89935,22.6231
5.65918,3.64607,40.621
4.15864,4.34482,49.5364
4.64205,2.76544,25.3646
2.48612,3.6687,35.0267
5.07393,3.9157,41.0957
4.80878,5.12389,72.3089
3.32745,2.5725,21.5389
2.44099,1.78467,12.5974
5.1499,3.39415,35.2309
4.01905,4.0899,44.8316
3.55789,4.27002,47.3633
2.47936,3.66983,35.9695
5.10945,1.29858,11.1865
5.9532,4.93027,68.9042
5.73108,2.92929,27.9588
2.81738,2.9754,25.2733
3.5714,3.93869,43.7823
3.7702,2.35643,18.9721
5.76705,1.96787,16.2943
4.74666,5.7723,92.1985
3.49645,2.54261,21.2744
3.70405,2.82668,24.4752
3.7597,5.70513,88.331
5.08582,4.28031,51.3407
3.37933,3.73131,39.4205
3.0372,5.52537,84.0056
4.82539,4.94719,68.1401
4.63088,2.80745,26.3812
5.57449,3.84257,42.0982
3.12762,5.09067,70.3419
4.0927,4.03174,43.0821
3.84335,3.06016,27.4917
4.68035,3.04865,26.9446
4.47453,5.58101,86.0268
4.88929,3.93754,42.6846
4.24915,4.52747,54.9471
3.64857,3.53478,34.4171
3.98721,3.79099,41.1603
5.02635,5.62893,87.0828
3.0994,3.2526,30.0947
5.50644,5.34995,79.8936
3.94433,5.65913,87.6021
5.06597,2.97449,28.441
4.00458,3.82248,39.3968
3.57183,4.52685,56.4465
3.66894,4.10012,46.1519
4.43367,5.90992,97.081
2.76806,4.67927,57.3858
5.82901,3.875,43.3585
4.32837,3.79684,39.9085
4.84251,5.23436,76.5415
2.5459,5.8856,93.2326
4.04484,5.1877,72.8541
3.17001,4.72951,59.4935
4.63219,3.6311,37.1184
5.94613,4.66873,62.0028
4.39511,4.36201,53.0326
7.09574,3.86554,44.3971
3.56133,4.3551,50.6117
3.10247,3.20622,29.9351
4.24962,4.21109,48.9679
2.98142,4.29805,48.7692
1.93889,3.9761,41.668
4.01144,4.87396,65.486
5.39776,4.54215,55.3685
4.30338,4.70199,58.4395
2.00813,2.72472,21.1242
4.49581,3.35267,32.3995
2.6063,3.01109,25.3067
4.39609,4.03327,45.6521
3.84688,4.34807,50.9259
3.07516,3.21886,28.9536
4.6015,2.82693,25.951
4.27258,4.16295,47.7885
4.10668,4.8553,64.1669
2.28714,2.86923,24.4724
5.54843,5.3974,80.7214
4.13006,2.87827,27.5941
2.51985,5.23743,70.8674
3.86236,4.46529,53.4476
4.43623,3.00926,29.0386
4.72316,5.40108,81.9737
3.47456,2.65825,23.254
4.07696,3.0942,26.6015
3.36171,3.83183,42.0173
2.65231,6.76156,128.062
2.80363,4.40424,50.2763
3.20954,4.95375,67.8599
4.67332,3.76605,39.1125
3.63284,3.28928,29.9522
1.2217,2.78025,20.9706
4.59118,4.54305,55.6079
2.70357,2.02819,14.8866
3.47089,5.43226,79.9857
3.30162,3.53058,34.8502
3.41523,3.99707,42.1342
1.42412,3.00027,24.1178
4.06915,4.28077,50.2358
3.53766,2.17208,15.1019
2.05186,3.75388,38.0134
3.41397,6.62137,124.169
4.78454,2.61286,22.3428
5.12402,6.86912,134.878
3.62123,4.06225,45.3386
4.29579,3.35331,33.9126
3.82473,2.36261,18.0971
4.5035,3.53855,36.443
3.89252,4.81937,62.2612
3.58812,2.9269,25.8292
5.87612,5.8052,94.5875
2.24104,3.31089,29.9897
4.26643,4.10515,43.6504
3.16266,3.15427,27.3817
3.68917,3.86766,41.1237
3.29525,2.90706,25.5066
3.34514,4.73579,59.48
3.84498,5.15842,72.4464
5.11153,3.40661,32.762
4.25165,4.1641,48.651
4.82974,4.61134,58.4379
4.23372,4.87068,63.8237
3.49379,3.80752,41.3966
2.8654,3.3951,33.722
4.40792,4.34593,50.8151
2.8716,3.82299,39.5342
2.74991,4.32413,51.4222
3.22688,5.26588,74.5183
4.37711,2.2706,17.7296
3.09896,3.9228,42.7554
3.98874,4.14436,45.7321
3.86139,2.46505,20.8706
5.96996,6.41111,117.213
3.07979,5.43076,80.738
4.25753,4.14051,46.4751
5.00072,4.9525,66.0392
2.26398,4.56117,55.0647
3.03168,4.19023,46.9811
2.6258,4.69523,58.2844
4.56446,5.89879,94.478
2.79342,3.44809,32.7181
2.96068,3.14258,26.0763
2.80398,2.81005,21.9858
5.00435,3.05197,29.9624
3.76162,5.21512,72.5706
3.08369,2.11939,14.8832
4.50685,3.6774,38.5096
3.55117,2.95925,26.3922
4.81114,5.29216,78.3363
3.73227,4.54139,55.5824
4.66188,4.4935,54.4322
4.96453,4.92146,65.6509
4.26068,5.97222,99.6415
4.66357,3.57875,37.4326
4.26438,4.40772,53.3664
5.12237,4.62159,59.2722
5.01457,4.29442,51.9079
4.02723,4.8742,64.5119
3.65708,4.45405,52.1493
4.92091,1.79407,13.9592
4.582,4.17541,48.7546
4.44581,3.66931,36.7456
4.04327,4.06714,43.6322
5.37816,3.65864,36.8516
6.35835,5.72096,94.7185
3.46634,3.50052,34.1709
2.98826,6.37107,113.141
4.06469,3.53897,35.4739
3.79694,5.09431,71.6457
3.41325,2.21492,16.3132
4.1118,2.44737,19.2779
2.20503,6.51862,117.893
2.40346,4.79464,60.4578
4.62445,5.37054,79.1618
3.98834,3.41527,33.3662
5.52955,5.45836,81.2252
5.61739,3.91,43.5068
3.1909,2.79293,22.7139
4.54985,3.79022,39.4412
4.08618,6.4111,115.104
4.54651,4.04788,45.4803
3.53929,3.89584,42.8457
4.05048,3.56257,33.2221
3.73925,5.2503,74.1853
3.16985,2.7731,22.6763
4.98503,3.77086,40.2709
3.39786,5.077,69.3525
5.52693,5.5811,86.5493
4.17766,4.87162,62.6837
5.07253,3.20771,29.2043
3.24065,1.65032,13.0428
3.08543,3.16611,28.4771
4.5628,5.12991,73.4262
5.41028,3.18225,29.8007
4.38223,3.95509,41.3144
5.20231,4.81332,64.6271
2.19958,3.7114,36.7539
2.89598,4.20741,47.3786
6.51688,2.27087,21.5591
5.856,4.03806,45.7474
4.31766,6.13542,103.89
4.2636,3.3989,31.8091
3.53347,1.86218,11.9312
4.37245,3.30229,31.1648
5.11617,2.69825,25.0326
3.25157,3.12493,27.3761
5.40151,4.72437,62.9921
4.23762,1.7647,12.5498
4.36169,2.43928,19.607
4.69737,3.94617,44.1253
5.07694,4.16679,47.8303
4.08517,4.09369,45.7387
4.58643,4.07345,44.4717
1.75063,4.78139,59.905
1.92149,5.65375,85.7235
2.64405,2.47242,19.2349
5.12291,3.97814,43.4814
0.359614,3.91257,39.3056
2.21026,6.88542,132.511
2.9285,4.14449,46.6088
4.87788,3.44264,32.9453
4.65096,4.67697,59.0047
3.13822,5.49121,82.7824
5.33657,3.30742,32.9883
3.35572,3.74693,37.0865
3.18373,4.51278,56.1026
4.63927,2.46705,20.5213
4.01155,3.70836,38.1047
4.05627,2.82906,23.9874
4.73292,4.14992,45.8614
3.89674,4.54008,55.1519
4.80499,3.07959,27.9768
2.95184,2.97924,26.4672
5.10089,2.42644,19.5532
4.36107,5.21243,74.978
5.15637,4.31487,50.3571
3.08274,2.4471,16.9928
3.49496,5.05781,67.3573
3.48932,5.37235,78.1815
3.01363,5.18225,72.1979
4.95809,4.07027,47.177
3.76262,1.90875,15.609
3.58016,2.95511,25.6128
1.73353,5.09105,69.4958
4.1204,5.78168,92.0012
3.30547,3.93073,41.1952
3.64618,5.11998,71.9473
4.91853,1.96746,16.5365
4.31272,4.6134,57.4215
3.50309,3.86887,42.545
4.5724,3.73291,38.3383
6.01485,4.34369,53.605
2.41355,5.63189,84.1198
3.67736,3.94639,42.7879
1.96269,4.74289,59.5683
4.56966,4.03709,46.2812
4.18271,3.3305,32.8744
4.26956,4.79147,62.7774
4.34905,3.75233,39.5655
3.91663,5.2441,73.3129
3.65172,2.64376,22.3877
4.09179,3.573,36.4387
5.05172,4.11276,47.6175
3.65272,5.76517,91.0719
5.35343,1.40455,12.7697
4.69395,3.39244,34.6325
4.81985,5.71762,92.4463
2.9437,4.35137,52.6594
5.74581,4.5829,58.0558
4.6854,4.55792,58.381
4.39937,4.93695,65.8679
6.25664,3.60893,38.6386
4.5243,2.71006,23.5181
2.70737,2.77372,23.746
3.1163,5.2063,71.4034
3.67557,4.90571,65.5079
4.58441,2.12092,16.8628
3.13818,4.68334,58.8969
4.65016,3.91028,42.2849
4.07758,4.47325,54.2685
3.77724,2.44883,16.6976
3.92107,3.80949,40.91
4.40398,5.02133,69.6775
3.48656,5.10894,70.0402
3.13504,5.80523,91.4465
4.33176,5.72422,90.7406
4.43686,4.51573,53.9043
2.76666,4.99551,66.5289
5.91894,3.204,33.1161
4.56708,3.89707,42.8982
3.41269,4.754,61.8215
4.32988,3.75276,39.5319
4.21223,2.31563,17.9849
4.96747,3.42836,35.1596
4.637,3.63317,36.0761
4.85257,3.97792,43.1224
1.97831,3.57207,36.2402
3.98095,4.95345,66.8978
2.32892,3.69357,36.3954
2.87006,4.97936,66.6069
3.71348,2.00719,15.3915
4.55398,3.44249,34.6269
3.75896,3.6598,39.9834
4.4432,4.19147,47.8833
4.38488,3.90241,42.5074
5.10351,2.6442,23.2229
4.09189,2.43924,18.2385
3.90163,3.3169,30.2919
4.92283,3.42439,32.5944
5.17739,5.37269,77.0328
2.99254,5.38522,77.6937
4.92492,4.17358,47.8291
4.25133,4.25864,49.6014
4.94189,3.07099,29.4273
5.7515,3.22732,31.9205
4.15464,3.06167,28.2944
4.57336,3.83818,40.5006
4.66597,5.75567,91.7332
4.61694,3.471,34.4787
5.58051,4.53848,58.3521
6.10618,6.59413,125.947
3.71911,3.73126,38.5238
2.93802,4.94783,65.0607
4.00232,4.04558,44.7925
3.57641,3.6467,35.7757
3.32085,2.88032,24.9032
4.07093,3.44066,32.9404
4.2176,3.68168,36.6768
3.70682,4.43391,52.8597
4.35166,4.16852,45.3863
3.53457,3.83999,42.2609
4.83711,4.62844,59.4184
4.54036,2.80413,24.5959
2.64489,3.34257,28.9772
3.45811,5.30796,75.416
5.39359,3.33022,32.6759
4.08615,3.57723,37.4496
3.59257,3.01511,27.0841
3.21692,3.41838,32.0067
3.30215,3.65035,35.1776
3.3372,3.36254,31.9489
4.71958,4.73433,61.1727
3.37406,5.57758,86.6005
4.73047,3.72052,37.1248
5.23399,4.10421,46.6501
2.50452,3.81689,38.4381
4.323,5.17536,72.7045
5.29397,2.85467,26.2531
4.13259,5.43492,81.8769
6.14588,4.02169,45.9597
4.0548,1.6041,12.195
5.27706,5.83131,95.4289
5.64678,3.8057,42.0394
3.00757,4.18135,48.29
3.54213,1.52929,10.797
2.8229,4.93754,65.0792
3.66458,3.10497,28.3453
4.35211,4.85241,62.9674
3.99431,3.28003,31.3846
2.97785,3.15361,28.7965
3.53125,5.11267,70.1116
4.26665,5.12026,72.217
4.89588,4.83465,64.4582
3.92503,4.09284,43.8117
4.08263,3.32281,30.8599
4.53657,3.54114,35.8348
3.95296,3.4958,32.9673
3.77287,3.71874,37.5608
3.94434,4.55561,56.4512
3.74081,5.56156,86.2088
4.06277,4.37125,51.677
3.50923,4.33853,51.5443
4.7404,2.11646,16.2725
3.67148,3.07678,28.6758
4.34316,4.50225,55.8781
3.10638,3.78761,38.753
3.13083,4.77821,59.9056
3.62149,2.94265,26.4243
5.93096,3.08123,29.1774
4.0726,3.20838,30.8521
4.17147,3.98441,43.7349
3.34796,5.81458,91.7567
1.87022,3.96904,42.9424
1.79388,6.26243,108.261
3.98969,2.68119,23.6918
2.7673,3.77274,37.5259
4.1224,4.61928,55.4997
4.4975,4.65841,59.2972
4.20158,2.5323,21.5214
4.54844,2.25802,17.9943
3.39131,4.1235,45.782
5.42149,2.14948,19.1317
2.53745,4.65331,58.098
4.85297,2.66371,21.9608
4.24783,3.49529,35.505
3.87898,2.74598,25.6156
3.98134,1.94118,14.3046
4.88001,4.47389,56.9246
3.67036,4.23546,48.6706
4.20982,4.05742,47.718
2.17476,5.88522,94.4482
3.91674,4.03894,43.7208
3.20412,2.08458,17.0798
3.94289,4.58112,58.3577
4.29457,4.8035,62.4289
4.08963,3.62307,36.7953
4.2954,3.11471,28.637
4.28911,3.91283,40.8315
6.00951,5.49147,84.4687
4.24512,3.75756,40.8563
2.22761,3.26136,29.074
3.39159,3.46753,32.2388
3.8309,4.82106,62.0958
4.71457,3.25414,30.4895
4.49921,5.2856,75.4105
3.79936,4.70385,57.7474
3.28075,2.31291,17.4008
4.23859,3.72464,39.3185
3.7218,3.12467,27.1291
3.91414,5.73286,88.922
3.98226,4.16644,47.704
4.59297,3.96208,45.2518
5.35084,3.91978,42.4923
3.51892,4.49694,56.2979
4.21024,5.33635,77.3803
4.5515,3.86431,43.3943
3.62574,3.72813,38.9536
4.82141,5.59901,85.2937
3.43673,5.60324,85.9655
5.15164,3.86612,42.0152
3.71126,2.96771,25.1187
3.82967,5.91411,96.4154
2.20843,2.73234,20.5656
4.62517,2.84431,22.0993
3.94521,4.63119,58.7766
4.07058,3.60992,34.9455
5.07569,6.13905,104.386
2.5437,2.28582,16.9974
3.65524,5.25634,75.9489
5.92309,6.56137,123.614
4.04076,3.08154,27.2914
4.05554,3.13008,27.3785
3.79659,3.05734,28.3482
2.90873,3.19003,28.3404
3.09356,4.01187,44.9994
3.51185,2.78637,24.2524
4.05802,5.89898,96.2715
5.14524,3.33082,34.6029
4.41343,4.07427,46.339
3.1897,2.40003,18.1358
3.48476,3.57778,34.0157
4.13439,4.27149,49.4819
4.02442,5.68778,87.701
4.75683,3.47418,34.2093
3.37512,3.41595,31.8574
4.57996,6.21683,107.375
3.06381,5.55761,83.8421
3.05245,3.81598,37.4533
3.76803,3.03413,27.1253
3.29886,2.47613,16.9922
5.18963,4.81703,61.9061
2.89111,4.85932,64.1902
4.40995,5.63291,88.103
3.0526,3.40086,30.6572
3.28298,4.22297,48.276
3.16148,4.00944,42.4048
3.58946,3.91301,40.3763
4.4533,5.4904,82.5676
3.41168,5.43033,80.9511
5.37997,2.8389,26.049
4.52214,4.85523,65.0404
4.18915,4.13805,47.9643
3.80477,4.91897,64.4954
4.49979,4.08322,47.1368
4.46216,5.12943,72.4443
3.8989,2.61311,21.9127
4.22481,5.1504,74.0929
1.92491,4.37851,50.4288
3.80984,4.66319,59.1762
2.63429,3.86886,38.8844
3.60478,3.84563,39.6239
3.83005,3.9092,41.8532
4.98556,4.98644,68.4874
2.59101,4.32286,48.6826
4.39436,4.36241,52.3112
4.25724,4.31826,49.6613
4.91064,4.36663,53.0925
3.60964,3.95262,41.9584
5.04372,3.38802,34.2303
4.51417,4.36881,53.0382
4.0627,4.31232,51.9595
4.56497,5.02974,70.8443
4.30613,2.78036,24.37
3.68191,1.74446,12.8132
2.85244,3.69357,38.1397
4.47607,3.96846,44.7601
3.48117,3.2006,29.047
4.28796,4.61404,59.9252
4.53425,2.88752,25.1929
5.86011,4.75507,62.9387
2.77413,3.52077,34.3702
4.05634,3.92526,41.8917
3.18118,4.0311,43.9353
4.86668,3.17665,31.0309
4.33282,3.91424,40.8161
3.36737,4.48872,54.4212
2.17404,4.2939,47.6559
3.971,3.52537,34.07
4.80247,2.53441,20.4055
4.51598,5.00118,68.8839
4.80705,5.44804,82.9133
5.92368,3.78055,42.6428
2.0936,5.97272,96.3436
3.88906,3.13032,26.646
5.06551,3.0924,28.748
4.68627,3.64997,37.4808
6.19901,3.87165,42.7146
1.67062,6.0233,98.2231
3.93825,3.42157,32.7798
5.26953,4.6124,58.4401
4.20249,5.33837,78.1279
1.83927,3.88368,39.9987
5.00223,2.06033,18.0628
4.06875,3.43641,33.6865
4.81419,3.73423,37.9215
5.24838,5.16648,74.2379
2.21397,2.65592,21.2594
0.606154,3.31095,29.5584
4.90545,4.19038,48.3867
3.87053,2.89972,25.4453
4.40606,4.31023,50.7297
2.96268,4.0404,43.0262
4.16634,2.83729,24.5625
4.38958,3.8474,42.6274
4.52904,5.06058,69.8601
4.99221,2.53221,21.5506
3.63696,5.03696,68.8984
3.0941,5.06672,70.0126
5.15454,5.40052,78.985
2.76825,3.35078,30.8114
3.57563,4.08716,45.2229
5.32912,1.98807,14.9745
4.0998,5.33301,77.7531
6.48887,5.32722,79.3705
4.43663,3.53381,33.6934
3.49944,3.0957,26.0673
4.59138,4.06019,46.3509
2.70382,4.85724,62.8615
3.89115,5.46591,84.3836
4.01728,2.94406,25.0684
2.16775,3.31641,30.7548
4.10979,0.74121,7.41523
4.71262,3.82972,39.3295
3.99043,3.65053,36.5894
4.48523,3.15783,30.3351
3.06928,5.1547,71.9404
3.63228,4.44552,51.7724
3.11772,2.13043,16.0911
2.8161,4.12637,44.9931
4.43557,2.76051,23.287
2.25927,3.77788,36.8627
3.67374,4.54065,55.1419
5.66517,3.19484,32.4681
2.18681,2.7862,23.5798
3.12767,5.07522,68.487
4.32043,3.73363,39.524
4.97987,4.7335,61.5444
3.16563,4.17471,46.1211
4.31306,5.91373,98.5873
4.01987,4.0311,43.0827
4.48775,3.40732,32.9735
3.43024,4.26253,49.3562
5.10887,4.4093,53.339
3.86323,4.14858,45.8173
4.70197,3.68837,39.9065
4.66836,2.76847,23.4919
3.02273,5.18762,72.7521
4.8616,3.26966,32.6193
4.35728,5.41942,80.9234
5.14515,4.60556,58.0421
3.88239,2.95879,25.5703
4.11096,3.49071,33.2255
4.88565,4.1707,48.9543
4.06966,3.51534,33.9703
3.56711,3.2844,31.3727
5.57724,4.27651,50.8992
4.38616,3.13611,29.003
3.50264,4.84451,64.3224
3.45415,3.80102,39.9471
4.61448,4.28458,49.6096
3.13872,3.42319,33.5747
2.98571,4.75472,59.2117
4.19739,3.17869,28.6285
5.92054,3.64149,39.5795
3.05991,5.01324,68.3751
4.28036,4.94236,66.4002
3.44924,3.89844,41.2863
2.15825,1.53053,11.1677
5.13305,3.41863,34.0828
4.35804,4.33449,51.4957
3.83049,3.99523,41.6359
3.30087,3.77515,37.7364
4.62174,4.42795,53.6881
2.95986,5.34164,76.1528
4.41486,4.19554,49.0847
2.34237,4.5862,57.1419
4.81789,4.87577,67.1485
3.95292,3.92148,43.4085
5.16369,5.34729,79.885
3.4711,4.65212,57.2565
3.24075,3.793,38.786
4.29293,4.32154,50.4441
3.96151,4.06067,45.6861
4.46969,3.14137,28.6273
4.92892,3.0964,28.5142
4.64175,4.11121,48.0965
4.54474,3.76031,38.4548
4.01643,3.69136,38.9389
4.18908,4.51831,54.7296
3.5243,4.02606,44.7811
3.64771,3.89737,42.297
1.9555,2.91823,24.4608
3.58111,3.67122,37.9568
3.34044,4.96168,64.613
3.97736,3.57426,35.237
5.0746,3.77782,40.6399
3.76309,3.184,29.1487
4.32776,3.82612,41.0337
3.39036,3.80962,38.7646
2.6684,1.86351,11.8586
6.03914,3.92367,45.3321
4.76138,4.65279,59.6554
3.72012,5.39863,77.746
2.73738,2.44484,17.9254
4.93764,4.34919,52.6734
2.5022,3.97028,42.8714
4.04795,5.83003,95.3346
3.66772,3.20945,29.4421
3.54873,5.04402,68.6312
4.89867,2.87489,27.5625
3.72264,4.92646,64.5437
4.15885,4.44787,53.5253
4.2314,3.30417,31.9919
2.78102,4.80477,62.4378
3.09574,3.97316,43.0353
4.36918,2.49817,21.8136
4.51717,4.16591,48.9065
4.23581,5.48934,79.912
2.87451,3.71168,37.6669
2.28943,6.25995,107.3
3.60512,4.30342,48.8997
6.40659,3.20088,32.9171
4.0387,4.09187,45.7343
3.54311,3.14725,26.9142
