3
4.30525,2.97301,171.213
2.21506,5.37016,1030.45
2.53337,5.17239,910.197
4.21573,4.19437,467.354
2.1424,3.33036,228.498
3.58658,3.34966,234.456
3.49067,6.80079,2289.58
2.68576,4.25171,484.907
4.21816,4.67099,660.106
2.69185,3.14143,193.124
2.57076,3.9985,399.554
4.03385,4.14217,448.129
4.83593,2.73695,138.048
3.39792,4.67174,656.303
2.05277,2.22679,72.834
4.70657,4.2906,505.38
3.34233,3.63159,298.617
2.99725,3.26201,215.338
4.6252,3.83115,358.084
3.28876,3.44525,255.911
5.40708,3.97711,405.069
4.79735,4.57082,619.269
4.38303,6.41618,1879.62
4.24604,3.7602,334.554
5.70012,4.40172,553.884
5.47119,4.5952,633.534
4.34307,2.56262,114.112
5.79603,5.58787,1191.92
4.19555,2.89163,155.636
6.22483,2.65945,138.233
4.28525,2.90894,160.539
3.72802,3.40199,244.811
3.63046,3.71455,320.031
3.49371,5.91477,1426.07
3.90341,4.33739,520.21
4.92196,3.62829,303.919
5.24582,3.71242,327.575
4.07518,2.99283,172.883
4.27153,5.83966,1368.97
3.11126,3.75125,327.032
4.10752,3.78873,342.509
3.78508,2.93788,161.836
3.4879,5.65838,1230.39
4.83692,3.99877,407.408
5.959,2.95563,176.663
2.70417,4.92298,775.687
4.77574,3.50664,276.554
3.28467,3.41101,248.836
4.23189,4.25122,490.511
4.05001,3.9389,386.429
3.839,4.60897,628.98
5.31844,3.35324,245.546
6.01199,3.74087,342.027
5.16715,4.95495,803.585
4.09035,4.55705,609.444
4.37011,4.33158,517.772
4.49977,6.13148,1613.49
3.12103,5.25043,958.859
4.92328,4.40897,550.822
5.06762,3.76141,340.397
5.05324,2.7738,143.941
3.97819,3.59594,289.532
3.10627,2.27321,82.4592
4.35104,3.90541,378.091
4.26152,4.22589,481.312
4.27363,3.18843,206.585
3.16239,3.96846,390.963
3.32305,5.59644,1184.41
5.33414,6.95857,2486.21
4.66435,4.14697,455.572
3.03059,1.72653,43.1144
4.15802,5.14597,901.541
2.68058,4.16567,455.329
3.04069,4.56423,607.368
4.43527,3.90303,376.191
3.46432,4.851,740.476
3.98909,4.12111,443.564
3.41311,2.29573,84.3867
3.97,4.93673,785.162
2.85491,2.66031,121.248
3.56726,6.3561,1818.27
4.62878,5.35437,1030.69
4.51399,4.32547,517.995
3.88998,3.19502,206.178
3.92908,4.15815,454.586
3.74996,3.50941,270.612
4.31474,3.80105,347.639
3.54083,5.0735,858.806
4.46151,5.65098,1228.92
4.51366,3.78237,343.324
4.27591,3.35472,242.13
4.5729,5.64953,1228.66
5.83272,4.75191,706.969
4.08608,5.5303,1141.23
3.45631,3.24008,211.912
2.95164,5.06427,852.078
5.46189,3.50891,280.911
5.54729,5.09808,882.109
3.5019,3.6113,294.821
5.32052,5.52143,1142.85
5.46876,4.28516,507.865
3.63318,5.66422,1233.98
4.53299,4.00608,409.578
3.48993,4.85943,744.853
2.45136,3.25383,212.566
3.9012,4.79475,714.733
3.00556,4.27055,491.722
2.54552,3.7296,321.953
1.42846,4.43357,549.846
2.50345,3.50552,264.752
2.57993,4.0542,416.37
4.38439,5.75232,1302.76
4.29748,0.720699,18.5376
2.98595,2.19003,71.5841
4.17822,4.45317,566.409
6.04859,5.05761,864.96
3.63522,3.4338,253.819
3.92755,2.42645,97.0273
2.88257,2.96357,164.535
4.28439,3.45728,262.523
4.50785,3.27755,225.419
4.90953,3.69751,322.253
4.18203,3.6296,301.157
3.13791,2.26555,80.1576
3.9843,3.97915,397.819
4.25145,5.75021,1300.8
5.2571,2.9754,176.212
2.32164,2.83546,141.773
3.68469,2.06082,64.4328
4.72837,4.22579,481.45
3.47894,5.8938,1408.6
1.98299,3.7696,330.424
4.14308,4.15335,455.061
4.92481,3.9734,401.514
5.14559,4.00474,409.731
5.03319,4.15679,460.685
3.80733,5.30571,995.097
2.83157,3.60577,290.706
2.85519,3.29231,219.136
3.62934,4.08944,430.475
4.568,3.79259,345.587
4.65992,3.8105,349.454
3.6755,6.89123,2394.86
2.80975,3.16974,197.15
4.93241,4.17681,467.266
3.46788,3.84569,356.303
4.01741,5.39268,1050.55
4.02114,5.95994,1466.7
3.34838,3.32925,230.679
4.63341,3.46565,264.386
4.74456,1.99559,66.9626
3.56881,4.34728,521.671
3.84522,3.80459,346.85
2.2713,4.05856,415.994
4.15155,5.28576,983.433
4.14349,4.75049,694.539
5.42699,5.85908,1391.92
4.67353,6.48571,1953.29
3.45774,1.69553,41.5699
2.54926,3.30144,221.43
5.32586,2.46147,110.931
4.8596,5.63161,1216.57
2.09277,4.47523,567.51
4.38236,3.59442,293.621
4.6049,5.21116,941.684
4.5679,4.58661,622.044
4.4169,5.14502,901.682
4.07154,3.49355,268.717
6.15267,4.3866,552.416
3.36326,3.25191,214.767
3.50007,3.45857,255.603
4.48932,3.67607,314.818
3.20862,2.58946,113.962
3.98415,3.46981,262.015
4.34904,3.41589,253.83
4.09708,3.65173,305.5
4.59409,4.46641,574.008
3.71066,2.81157,144.422
5.30908,4.97487,813.277
5.21356,4.11243,446.858
2.92104,2.14967,71.6208
3.46337,4.44547,559.785
2.42684,3.66803,302.945
3.80028,6.06328,1553.35
4.54138,3.00005,176.339
3.55332,4.07454,425.858
3.55253,4.17033,457.688
4.28946,5.92103,1434.27
4.85054,4.26315,498.601
3.52958,4.77171,702.902
2.73322,3.27045,217.46
5.00291,1.52703,42.5678
5.12044,2.76204,143.65
5.10586,3.77971,346.881
2.21074,2.29107,78.6321
3.15627,3.45114,253.9
3.69047,3.81815,348.738
3.74639,3.88696,369.552
2.68783,5.08314,860.988
3.55092,3.99839,400.173
5.52003,3.3806,252.515
4.62145,5.22402,949.409
2.90252,4.9342,782.056
2.68436,4.77057,699.926
4.91432,3.05865,186.737
4.3286,3.45652,261.413
4.94174,3.45527,265.158
5.40937,3.07546,194.4
2.93539,2.78633,136.615
3.33314,4.76972,701.097
3.73109,5.14073,897.357
4.73072,4.08833,435.394
4.94291,4.14325,454.584
2.41178,4.69547,662.164
5.90115,4.70729,686.851
3.30565,5.18012,917.446
2.6434,3.99008,396.012
4.55866,3.89142,374.598
3.03249,3.63292,297.612
5.07934,4.64229,650.389
3.67464,3.50602,269.66
3.1254,3.87001,363.271
5.46451,5.31178,1008.18
4.93813,2.39217,99.3263
3.17854,4.12085,438.483
3.80694,4.61221,631.165
3.57632,3.89889,371.716
2.11922,0.176704,5.61951
4.19019,2.72629,134.705
5.26563,4.24953,494.561
3.43327,4.84824,740.154
3.99737,5.15925,908.484
3.92644,4.0797,429.049
4.87859,2.84453,155.051
5.4702,3.79086,352.109
3.28352,4.60626,625.383
3.85711,4.56802,612.908
5.15498,4.68969,672.005
3.67746,3.01652,172.034
3.03286,1.80256,47.8764
3.69044,4.72379,681.313
2.84399,5.5259,1134.73
3.83006,1.62087,41.897
4.35297,3.04218,182.911
1.82817,2.64163,116.134
2.97914,3.509,266.79
2.10941,3.47065,258.923
4.56763,3.74565,332.99
4.10969,3.25149,216.896
3.02528,3.85152,357.069
3.97171,4.33766,518.9
3.66316,4.31328,510.144
4.85873,5.32348,1012.01
2.63702,4.02381,406.391
2.38163,4.07892,423.045
3.51808,3.98073,396.108
3.23801,4.00087,400.357
3.96427,2.85153,151.282
3.52735,4.80776,719.264
3.75455,5.38657,1045.33
2.41779,2.58994,109.953
3.0161,2.83412,145.048
3.22314,4.54081,598.164
4.6602,3.89616,377.301
4.78208,5.12407,890.846
5.1314,3.27467,227.449
3.78847,3.95153,386.809
5.27263,5.07389,866.234
4.71454,4.56324,614.527
4.35617,3.56781,288.345
4.65819,3.99451,406.234
4.09917,2.35499,90.1557
4.62409,4.50212,588.305
4.06954,2.5171,106.214
2.40867,2.85952,144.975
4.07205,3.58284,290.818
3.78149,3.68648,313.838
4.9724,3.07789,191.738
4.69544,3.98552,401.858
5.47315,3.35372,246.762
1.74421,5.57195,1162.99
4.53605,5.53648,1147.56
4.4304,2.9292,166.992
3.35025,4.63316,640.028
3.21713,5.53518,1143.39
4.03678,3.8069,348.52
4.59928,3.57314,290.775
3.48457,5.48569,1108.17
5.49733,4.55098,615.228
4.93474,5.29796,994.352
4.88806,3.89233,375.1
3.49018,3.20306,204.313
3.32508,2.88503,152.474
5.64247,5.10577,886.698
5.36426,4.65275,657.361
2.7396,2.43949,96.7607
4.53593,4.90853,774.47
3.85407,4.18427,462.581
3.35486,3.95502,388.941
3.49604,4.47137,571.178
2.80498,5.02954,832.82
4.04175,4.90333,770.069
3.86682,4.67953,661.417
4.03196,3.60452,295.561
3.88782,3.23078,212.601
3.07339,3.43906,253.052
3.96983,4.07899,429.337
5.0659,4.99288,823.843
5.32065,4.5122,597.417
5.09226,2.88396,162.295
6.09416,4.3193,527.278
3.83281,5.27958,978.266
6.28028,3.00712,189.677
4.58651,3.39339,248.576
4.27861,2.66693,126.921
3.69446,4.76651,701.604
3.87903,3.7373,327.857
4.63909,3.75695,336.145
3.07713,2.84045,144.439
3.59509,3.81754,348.197
4.82626,2.84686,153.236
4.0037,4.9325,784.779
2.00822,2.87191,148.088
4.41469,3.36811,241.955
3.39275,3.74216,326.224
4.84022,3.46038,266.094
3.63757,3.60438,292.623
3.88818,6.79009,2280.13
4.99754,3.9516,394.644
3.66384,3.82406,348.546
5.12884,3.86802,371.754
4.07247,3.65853,309.424
3.9225,2.10013,69.719
3.69675,3.13765,192.915
5.19813,3.5825,294.854
4.10347,4.82132,730.876
3.38326,3.96939,392.146
3.78222,2.5071,106.388
3.65177,3.80279,345.384
4.03982,3.83192,354.406
2.8873,3.44645,252.492
4.16554,4.05223,420.438
4.3829,4.6212,638.183
4.13178,4.67277,658.764
4.32737,2.72079,133.937
4.17747,2.31935,86.5841
2.31307,3.33662,228.575
4.3992,3.73084,328.383
3.70767,5.65692,1227.48
3.22667,4.37883,530.626
2.23477,4.4836,574.072
4.34811,2.79447,144.904
3.82507,5.81944,1353.13
4.32439,3.58352,290.587
4.42759,3.92195,382.105
6.20698,4.33566,533.298
4.26625,5.24165,958.637
5.19235,2.69375,136.209
3.90596,3.13801,195.615
3.74441,3.41962,250.207
3.45375,4.12006,440.621
4.93816,3.84485,361.932
3.48757,3.6011,290.79
4.92676,3.46598,268.921
4.90541,5.8444,1377.42
4.71233,3.84932,361.597
3.78209,3.53633,275.146
3.21371,4.39338,536.736
3.27007,1.9251,53.951
4.41637,3.06532,187.053
4.96903,2.37399,96.754
5.05513,4.22083,481.483
3.65996,3.34347,235.191
4.25735,3.46726,263.368
3.07878,2.62398,117.657
3.46869,2.16468,73.2687
2.6592,2.24712,77.8916
4.03902,2.70047,131.109
1.97627,5.42368,1064.87
3.93934,4.4129,548.697
3.54228,3.05793,180.488
3.85091,4.22232,478.544
4.86209,4.37499,539.658
3.87902,5.42992,1072.83
4.6772,2.78438,143.942
3.41344,4.23284,478.145
4.47185,4.03733,417.613
5.64314,4.02414,421.55
2.95685,3.02235,172.106
4.04856,4.8397,739.089
3.13465,2.86449,149.432
5.21256,5.81227,1354.06
5.14316,4.85261,749.122
3.94396,4.38053,535.251
4.6469,5.35962,1030.83
4.7282,3.00888,178.57
2.55393,3.96599,389.691
4.41877,4.84361,742.265
3.92451,5.09684,873.408
5.33926,3.77284,344.097
3.9349,3.17929,203.886
4.66236,4.25354,491.281
1.99537,3.82281,344.669
4.74943,4.16334,462.192
4.23038,4.65969,653.729
3.98331,3.61585,298.22
2.94849,4.38262,530.818
4.34328,4.62095,637.554
4.23982,4.55865,611.084
3.63387,5.11084,879.241
3.78378,4.18864,465.286
4.62737,2.76163,141.434
3.20702,3.5766,283.847
2.54905,3.09538,185.055
4.4259,5.18673,925.983
3.61822,3.75619,329.902
4.98957,5.78777,1334.91
2.26625,2.99219,165.537
5.09289,3.18305,209.016
4.32438,3.42323,255.031
4.30437,2.72416,132.559
5.24364,4.25122,495.732
5.16263,3.53972,283.513
5.90526,3.95295,403.649
2.449,1.71887,41.499
4.60814,3.17299,206.518
3.43022,4.92294,777.471
2.77242,3.44782,251.261
3.72847,3.49478,267.119
3.16365,4.78761,709.987
3.49694,2.27906,83.7309
6.73816,4.6117,651.317
2.17107,4.04241,409.78
4.30546,3.61027,296.926
6.12855,3.68439,328.98
3.60927,3.8793,365.694
4.56232,3.43418,257.04
3.44723,4.5452,602.303
4.7119,4.46943,573.696
5.22581,3.3933,254.184
4.94176,4.76105,705.386
3.27786,3.93375,382.086
2.86776,2.52368,103.728
4.68827,5.32479,1011.23
3.72521,4.57182,612.871
5.58999,4.99346,826.633
4.70188,5.23719,957.858
3.47153,3.29693,223.718
3.29319,3.23336,210.624
4.61925,4.393,543.076
3.72545,5.60826,1193.86
2.24372,4.13383,442.843
5.35576,5.51282,1136.8
4.06903,4.19097,468.312
3.59499,4.21513,472.146
4.77826,3.4685,265.478
1.69668,6.58364,2044.51
5.12224,3.01848,182.621
3.51978,4.85511,743.911
5.80671,3.69669,329.876
4.27183,3.37886,244.068
5.29035,3.23623,222.708
4.0862,4.10482,437.859
3.98841,3.53492,276.225
2.17913,4.2783,491.382
4.38868,3.5709,289.915
3.98212,5.27473,979.375
4.02211,3.89551,371.496
3.40116,3.81425,347.649
2.79335,3.22967,208.925
4.70552,5.10005,877.589
3.83294,4.58003,616.574
3.84512,4.33694,519.34
4.08105,4.37283,533.378
4.16723,3.9866,400.874
4.55649,5.02123,833.137
4.13204,5.21947,944.334
3.02898,3.0281,174.001
2.95942,4.36392,526.629
3.30757,6.29508,1757.48
2.83689,2.97269,166.006
6.46659,3.57911,303.849
2.8674,6.33297,1793.48
4.29846,4.29243,504.505
4.06499,5.83476,1365.18
6.03164,2.59983,130.646
2.63611,5.399,1049.97
3.92563,4.56416,611.331
2.17285,3.32861,225.242
3.96381,3.02915,177.145
3.1293,3.73962,324.223
2.93344,2.76056,133.364
4.36767,3.62521,300.789
1.90736,4.51186,582.222
4.48227,3.96652,394.562
6.05855,3.4078,264.028
4.20762,5.71512,1273.46
5.57227,3.72621,332.383
4.82882,4.31436,514.852
3.72692,3.49051,266.207
4.02569,4.58247,620.932
4.64642,4.15625,457.499
5.66808,4.07729,439.392
4.56736,2.78416,143.611
5.23934,3.23546,221.94
2.58682,2.89438,150.227
4.69736,3.22471,215.303
5.71052,5.45146,1096.03
4.49316,4.09075,436.809
4.51158,3.29649,229.067
4.60644,3.52582,279.666
2.46546,3.51879,268.921
2.67444,3.92948,376.673
4.90075,5.67317,1247
3.39699,3.92753,378.064
3.33069,3.61193,292.506
5.18305,5.44532,1091.54
4.00377,4.98138,809.141
4.15138,4.74559,693.608
4.77907,2.04578,68.9449
3.54252,5.31661,999.588
3.58737,4.07788,427.072
2.44928,4.32793,509.431
3.60708,3.0698,183.544
2.32541,3.41048,243.642
3.30417,2.93966,160.909
2.94866,3.31537,224.433
2.47308,4.97412,802.549
3.69154,4.8061,719.253
4.75594,4.41428,553.48
5.08437,4.52422,601.26
3.0121,3.47463,259.747
3.89844,3.56323,283.351
4.05861,2.7518,137.64
3.18131,5.00146,819.756
4.95061,3.77769,343.149
4.84812,3.569,290.416
4.74266,4.2934,506.609
2.80609,4.53641,594.43
4.41686,3.2878,226.537
5.27595,5.05085,854.175
3.59568,4.65253,648.198
4.13701,3.93871,386.203
3.48966,4.44001,557.59
5.06646,3.63973,306.948
4.66446,4.0717,429.1
2.81974,3.46222,256.972
3.80844,1.4508,33.1764
3.40538,4.55684,605.728
3.54268,4.17594,459.072
4.5069,4.35244,528.574
2.90021,6.80921,2296.73
4.02482,4.21668,475.191
4.93822,4.10358,441.651
3.52237,2.12393,68.9158
3.33188,4.51351,586.773
4.37273,3.44925,261.861
4.1458,4.60118,628.786
5.17959,4.83247,741.032
4.19622,4.75345,698.095
3.02809,4.98344,808.532
3.25365,3.69559,314.286
4.72983,3.09337,192.067
5.74003,4.51885,602.607
4.25825,2.57948,115.143
2.21443,4.66307,648.773
3.50431,3.35965,236.193
2.66926,5.14211,894.492
5.5648,2.02712,74.0726
4.56452,4.53442,602.22
4.42561,3.32501,234.896
3.29603,3.24826,213.258
1.59292,3.87487,358.996
1.09697,3.14861,190.908
4.02795,4.28468,500.499
4.18831,4.10949,439.368
4.77135,3.93737,390.066
5.0537,5.3888,1054.14
4.20026,3.2748,221.923
4.22227,2.85965,151.97
2.77437,2.77754,134.932
3.92333,3.11215,191.665
3.67789,4.48672,575.61
4.29331,3.53367,280.843
4.58781,3.88382,371.623
3.19009,3.47087,260.751
3.69527,2.91921,159.61
5.106,3.28217,227.874
3.19607,2.77444,135.142
3.04895,5.81548,1344.88
5.07938,4.38348,543.628
4.08418,2.73214,134.199
2.47823,3.65883,301.782
3.81254,5.124,886.769
5.395,2.44045,107.622
5.33428,2.21051,88.4731
2.9508,4.55688,604.354
5.758,3.36862,252.138
3.80542,5.46911,1099.65
3.40062,4.16922,456.006
4.28215,4.98859,814.177
4.65089,4.03776,418.593
4.50337,6.46014,1924.77
5.41634,5.04045,849.034
5.18626,3.38321,251.046
2.81455,3.03377,172.366
4.72871,3.19876,211.082
4.85522,2.92131,164.394
4.5361,3.93672,385.845
3.98345,5.85729,1380.38
2.94208,6.27794,1740.53
2.92202,4.7324,681.234
3.18343,4.68775,662.296
4.93901,3.85881,365.327
3.73391,4.76598,701.324
3.98621,4.0153,410.259
4.81684,4.77009,708.411
3.96587,6.24025,1711.32
4.13354,4.58022,619.831
4.49032,4.47868,577.603
4.24622,5.24017,958.169
3.19787,2.57245,109.408
4.22911,3.73636,329.54
4.88761,3.89501,377.576
4.39419,2.43858,102.075
1.30501,2.88154,150.007
6.25107,3.44806,272.555
5.0961,3.75352,340.23
5.05066,2.29166,90.5952
4.24367,5.70309,1265.51
2.42578,4.79304,710.335
3.45196,3.99227,398.228
2.56951,4.01449,403.212
3.01712,4.02048,406.855
3.12281,2.99675,169.287
3.33301,3.79322,340.1
4.28893,3.94311,388.57
3.49835,6.82395,2316.57
3.90042,4.59079,621.112
3.73552,4.27092,493.801
3.56201,2.94204,161.751
3.52059,4.5199,591.116
1.22801,4.41115,541.953
6.11625,3.29886,240.651
3.93614,4.59989,625.444
3.49998,3.83674,353.656
2.73637,2.11735,65.5142
4.34445,5.46,1093.65
3.65745,3.58149,286.073
3.21242,3.55948,280.188
4.97867,3.97366,400.831
5.49164,3.89471,382.473
3.58817,4.21653,475.479
3.7855,4.57414,613.61
3.68283,4.09524,433.082
2.64232,4.02118,407.118
4.80567,4.00964,411.491
3.24557,3.34858,233.866
4.19794,4.85424,744.85
4.28909,3.50459,272.109
3.16725,4.53335,596.241
2.83935,5.53983,1143.91
3.22708,3.64881,303.655
3.22774,2.91154,156.349
5.57723,5.29062,994.602
3.67856,1.82637,49.5488
3.8807,5.6286,1210.84
3.38388,2.36777,90.9051
3.30847,4.64308,641.321
5.32147,4.43255,563.934
1.31468,2.94089,157.719
2.90188,5.80164,1333.39
3.75266,3.80713,346.457
4.40051,4.19081,466.111
5.00909,3.97027,398.756
4.19286,4.43988,560.972
3.38464,4.96297,797.009
4.00479,5.15894,907.266
3.3124,4.46088,563.603
3.89443,4.62637,638.643
4.03303,4.9029,769.892
4.49878,4.36154,532.17
5.74292,5.43441,1088.01
5.06741,5.35748,1032.7
4.63911,4.72593,686.583
3.32715,5.30532,993.201
4.82532,3.98671,404.166
4.66483,1.87608,56.945
3.62206,3.63638,302.719
2.94585,5.61688,1199.19
3.68161,3.39735,246.046
4.77603,6.14113,1623.43
2.78418,4.20856,468.156
3.7239,3.74769,328.323
3.58892,5.32921,1007.15
4.11832,3.99394,402.834
4.14588,3.8458,359.025
2.07486,3.55328,274.603
3.27071,3.74581,328.187
3.06983,3.53925,277.542
3.17203,6.54508,2006.07
5.33536,5.87354,1402.9
4.09741,3.85116,359.407
5.25426,3.27627,229.619
4.44274,5.33452,1016.03
2.22771,3.61657,291.267
6.08959,5.04714,858.42
4.13717,5.11729,886.131
5.32521,5.75057,1305.48
3.4067,3.62616,297.082
4.14091,3.81014,348.471
4.26509,3.69835,319.201
2.8747,4.49936,580.057
3.58093,4.68001,660.288
2.24207,3.96566,385.85
5.16684,4.4899,586.074
3.79784,4.31434,509.626
4.77717,5.36553,1038.49
3.375,2.6365,119.347
4.23019,3.90129,375.201
3.09942,6.00799,1500.47
3.52126,2.56532,112.607
5.35415,3.57618,295.232
2.09571,3.9732,388.737
4.96918,3.41318,255.843
5.27573,2.58025,122.128
1.9299,3.29285,216.721
4.38307,2.84576,150.711
4.22087,4.84242,739.886
3.37415,3.10431,188.506
3.84138,3.81214,345.72
4.05443,3.86235,363.783
6.56479,3.88392,388.178
4.00722,3.41001,250.434
1.47892,4.07702,419.827
4.04685,3.75053,330.399
4.44267,4.84416,742.774
4.65938,7.22346,2820.92
4.27341,5.20583,937.057
5.20405,5.70359,1270.98
5.97249,4.24923,499.667
3.84637,3.93957,384.4
5.17571,2.37,99.1881
3.70166,3.80197,345.347
3.98537,4.83109,732.59
5.72707,5.05559,860.339
3.1163,6.57038,2034.68
1.06167,3.27872,214.865
4.07361,3.49044,268.956
4.0547,3.94845,390.091
5.91753,4.49339,590.92
5.16152,4.08251,437.737
2.55627,4.26936,488.209
3.15818,3.11235,186.591
4.50815,5.22681,949.569
6.11478,3.24832,231.095
4.81303,4.06781,430.238
5.52406,4.06516,433.121
5.51996,5.46921,1108.26
4.35535,3.86129,363.6
4.64932,4.04155,421.726
2.80583,3.96488,388.982
3.20007,3.91221,373.369
3.05508,3.46981,259.924
3.52998,1.99272,60.0274
3.07085,3.60991,290.972
5.96575,4.29043,514.657
5.2171,3.61711,304.079
2.3109,2.70087,124.519
4.04959,3.86355,362.945
5.34089,4.90748,777.948
3.90852,3.70564,320.814
4.97209,4.29457,508.919
3.74413,4.48195,576.841
3.21731,3.25632,216.453
3.25367,3.28284,220.41
3.54725,3.237,211.07
5.82508,3.57233,297.755
5.41823,3.98413,408.002
4.37511,3.9639,394.031
3.87859,3.64731,303.225
7.23901,4.28085,522.984
3.19431,3.51015,269.119
4.60803,5.56207,1166.25
5.31673,4.06896,431.607
5.3104,4.74486,701.165
2.69385,5.35238,1020.44
2.78525,4.44254,557.817
6.3791,4.1105,454.118
4.94602,5.08825,872.691
3.19305,2.62584,117.502
5.46961,4.91498,784.271
2.36908,3.57543,281.162
3.97374,3.70507,320.777
3.60524,4.08275,429.094
5.73204,5.81248,1356.44
4.90429,2.78291,145.988
4.96353,5.10854,885.605
4.25254,4.51558,590.667
4.12256,3.51365,274.193
3.78597,3.42437,251.176
5.01683,3.73907,333.973
3.34524,5.10668,873.123
3.65964,4.04137,415.654
2.01844,3.24891,210.735
3.32798,2.96335,164.956
3.17818,5.47855,1101.49
4.79539,3.76151,339.45
2.94766,4.51881,586.927
3.14661,4.44125,557.752
4.03159,4.7108,675.546
3.37565,4.13319,445.518
4.26834,4.49743,582.739
5.15833,4.58333,624.582
4.68481,4.54494,606.529
4.33388,4.49021,583.265
3.14707,4.20617,470.134
2.73027,3.50549,267.757
4.39903,5.73562,1289.43
4.90043,4.30837,514.716
4.84517,3.97837,402.744
3.70644,2.99015,170.63
5.7694,4.06621,435.245
5.07417,4.43569,565.738
4.20635,4.15637,458.71
5.24329,6.90073,2413.82
4.1257,4.17534,462.332
3.28852,4.81077,720.761
4.03977,4.79251,715.033
5.22011,3.67122,317.854
4.28943,5.09381,872.455
4.78434,3.42311,255.96
3.76053,4.95692,795.454
2.74464,5.0963,868.747
2.84282,1.93036,52.8703
3.88963,4.82534,730.536
3.55893,4.58232,618.108
3.79905,3.00816,175.148
6.05026,3.53208,289.685
3.27568,3.92592,377.997
5.24298,3.19869,214.276
2.61939,3.63491,297.655
3.59565,4.64729,646.507
4.15462,4.42182,552.736
3.49291,5.03357,836.28
5.89502,4.08108,440.413
5.50811,5.17547,926.198
4.35938,3.46131,261.735
4.82963,5.56849,1172.4
5.82162,4.13817,459.16
4.30408,3.96634,395.573
4.69987,3.38957,250.62
3.32716,3.42818,251.736
3.60383,3.46187,259.74
3.9579,2.87903,154.719
5.71355,3.08395,197.539
4.0838,4.94428,792.787
4.46502,3.48945,270.325
2.07028,4.4724,568.6
4.76066,3.08749,190.598
2.37439,6.0252,1513.34
3.65942,2.95317,165.192
2.08496,3.3116,224.336
4.82607,1.59307,43.8209
3.91364,4.63414,639.964
3.57284,3.09718,185.727
2.86675,4.52676,592.943
6.18718,4.36245,541.867
3.27466,5.13013,890.543
4.53535,4.47403,576.688
2.30005,3.19669,201.604
3.13274,3.74045,324.919
5.49312,4.04125,426.054
2.74576,2.21484,73.0678
4.96523,4.85251,748.695
4.20626,2.38862,95.0063
4.22045,3.45496,259.66
4.19864,4.60013,627.603
2.96241,3.7638,331.716
4.54005,4.43455,560.46
2.68511,2.74703,129.899
5.6026,0.963496,29.7532
5.86897,5.0522,860.123
3.75805,5.09292,868.505
3.08279,3.6211,294.833
2.94489,2.64086,117.192
3.59986,4.47634,573.659
3.17506,4.40436,542.027
3.3563,2.34561,88.3873
3.78938,4.4467,561.961
5.67898,3.01448,184.796
4.76821,3.88604,374.574
3.14577,2.36085,89.1125
5.1138,4.04698,425.453
6.22509,4.22049,491.747
3.13027,4.93808,783.132
5.79396,3.63583,310.637
4.9311,4.06366,428.528
3.90138,2.66068,126.439
4.47819,3.75012,334.361
4.38425,3.91705,379.625
4.30737,3.78249,341.552
2.75912,4.9352,781.502
4.07685,3.88311,367.245
3.22987,4.9291,779.197
4.96108,3.07436,191.003
6.20405,5.06593,867.714
4.235,4.61834,635.179
3.57241,3.5141,270.118
3.23412,5.15787,902.785
4.67575,4.40189,550.047
6.26747,5.95868,1479.23
3.72233,5.19096,926.078
6.50391,5.21585,958.2
2.34554,5.96631,1463.29
3.35654,2.84941,148.505
4.14984,4.56392,611.039
5.02944,5.45462,1094.83
4.37167,3.08658,188.376
2.64669,5.56022,1158.03
4.48814,3.9001,378.118
4.60127,2.73356,138.532
2.97675,3.26757,216.962
3.2009,3.39261,243.513
3.81994,4.08127,428.619
4.10403,4.89538,765.713
3.26668,5.32244,1003.46
3.26267,3.90874,373.551
5.63494,5.02133,842.678
6.05199,3.22947,225.266
2.28697,2.64683,117.358
4.1653,3.41837,251.205
4.37394,4.34371,524.212
4.28823,3.45607,260.909
4.40427,4.02344,413.482
4.33604,5.42228,1071.99
3.86176,2.56049,112.311
4.92685,6.44046,1909.72
4.47705,1.91008,58.1123
3.63444,4.17987,462.534
3.50947,4.13066,444.125
2.23369,2.47682,99.8386
2.38009,2.66215,119.899
3.43831,3.46141,258.834
3.61787,2.17552,73.7176
4.47519,4.59051,625.189
5.88034,3.77676,349.423
2.90963,3.1963,201.785
7.05609,5.21495,963.019
4.5652,2.15258,76.3329
4.04976,5.60986,1195.4
2.95852,4.02249,406.363
3.80099,3.29707,228.379
4.12933,3.01488,177.871
2.98203,4.52494,589.923
3.89321,3.35417,238.982
5.23516,3.62979,306.856
3.39495,3.15422,196.559
4.76459,4.58439,625.107
3.29359,7.43031,3104.92
3.32753,3.4294,251.029
3.99164,4.88442,761.329
2.91697,3.75587,330.021
5.86249,3.9612,403.944
3.56116,3.28194,221.824
5.47465,4.54576,611.365
4.32702,4.93561,788.143
3.91297,5.43418,1077.05
2.37272,4.72282,675.558
3.07136,4.55102,601.166
4.36624,4.5028,588.73
3.77686,5.2382,953.837
5.02428,3.69638,322.147
3.87377,2.89089,155.758
5.15281,3.74732,337.044
4.56282,3.75316,334.71
4.3555,3.81971,351.703
5.10961,4.48703,584.393
4.52013,3.64471,308.497
4.1604,4.16398,458.85
3.34666,4.61987,633.644
3.82469,5.72662,1281.72
6.1613,4.25982,506.149
4.34149,3.90574,377.643
3.93674,3.58188,290.032
3.54357,3.73186,325.332
3.97065,4.42707,553.666
2.61942,3.33511,227.673
4.05714,4.48733,580.084
4.44235,2.42768,100.261
4.0707,4.12452,444.786
1.71276,4.72927,677.586
4.96155,3.26809,226.91
4.16128,1.36714,31.7416
4.28957,3.68097,314.865
3.63013,6.17703,1650.75
6.35108,3.4294,268.243
4.7109,5.36715,1037.44
3.28787,5.44147,1078.64
4.43077,4.44999,564.214
