3
3.31555,3.5587,25.7958
2.65232,2.98384,21.0981
2.60981,5.57493,48.9529
4.0645,3.11725,24.2834
5.46042,4.53695,38.8389
2.18452,2.65888,17.1456
4.71671,4.10892,33.6564
3.64804,1.98723,18.0699
4.25768,3.41986,26.2692
2.3096,3.89601,29.1472
4.38411,3.94002,31.7561
2.78007,2.15757,13.2944
3.08968,2.66067,16.8221
4.89944,3.23091,24.4926
2.43296,5.08283,41.7233
2.83683,1.99518,14.037
4.81127,3.86751,30.7376
3.15848,5.14804,44.5309
3.72324,4.04081,31.1659
4.99233,4.84151,43.0177
4.81844,3.28514,24.3055
4.53564,3.96298,33.3351
3.9039,3.62183,29.4805
5.36456,1.81632,14.3578
2.45381,4.57599,35.5057
2.70703,5.10267,42.6053
4.32549,2.54401,18.5085
4.02272,4.94232,41.8513
6.10792,3.51052,29.3224
4.01976,4.99312,44.9795
4.0399,4.37834,34.7758
4.13841,4.62812,39.8396
2.48828,4.51818,34.9904
4.52874,3.92915,31.1896
3.91629,3.61097,27.8935
5.26936,3.81107,31.3124
3.81961,4.14615,31.3456
5.21552,4.3851,36.9992
3.69333,4.2871,33.5014
4.09664,5.45937,51.5451
3.59499,4.32561,34.9424
2.42589,4.0918,30.2975
4.9942,4.98915,44.1238
2.19566,5.11021,43.4995
4.21831,3.08988,23.8874
4.48712,1.87875,14.888
4.7827,3.13864,22.6485
3.29582,2.75227,18.5448
3.18092,4.84335,39.9523
3.52265,4.96809,42.4022
3.90626,4.05223,34.0504
4.55833,3.59722,29.2761
1.88558,3.5582,24.3127
3.64234,3.97734,31.5422
5.12802,2.96592,23.902
4.17001,4.74143,40.1339
5.07938,3.85456,32.1967
4.71323,3.28963,23.9699
5.29847,4.86213,41.2605
3.97444,4.04436,33.0332
3.56109,3.94537,31.5997
2.70498,3.66174,25.183
3.76343,3.47682,26.481
4.68128,3.06508,25.1167
4.2246,3.80247,29.8146
2.19328,3.33861,23.4029
3.63091,4.49519,36.8255
3.15274,4.1245,32.5788
2.9279,4.36761,34.3061
4.64904,5.6869,53.7869
3.84107,3.16809,24.4084
3.40263,3.43903,27.6341
3.74512,2.84501,20.1155
4.89503,5.87524,56.3612
4.35206,4.5231,37.6832
3.85434,4.1619,33.1916
2.66434,2.46916,17.0411
3.85886,4.4004,35.6537
4.01514,5.36916,49.1144
4.33011,3.55403,27.0902
1.90571,3.12527,21.6172
3.96104,2.65135,18.9697
3.67316,3.9449,28.9175
4.37968,3.12288,24.2455
4.04632,3.83411,30.5207
5.23047,2.09545,15.8378
4.31549,4.66712,38.4291
4.32463,3.97531,31.1459
3.99239,3.93359,30.5532
2.21746,5.78431,52.0346
4.47169,2.28079,17.1847
2.83675,2.96134,18.685
4.2574,6.64682,68.2874
4.26119,2.4673,17.414
3.33307,5.70776,55.2114
4.11025,3.76795,30.9825
4.33518,5.3947,50.5904
4.42254,3.04999,25.6562
2.89916,4.92162,41.2446
5.14097,4.55393,41.1115
5.36198,4.70728,40.2208
5.91691,3.12956,25.2841
4.00954,2.83472,20.7941
3.83631,4.63479,38.2618
2.99175,4.09845,31.9099
3.50337,3.54403,26.2703
3.73539,4.44537,37.3275
5.39333,2.39155,20.5278
3.88858,4.60235,38.634
3.05865,2.90919,21.0284
4.28096,4.7005,38.4553
3.77353,4.51395,36.1935
3.29403,3.91511,29.5172
3.41354,5.10875,44.1762
2.10641,2.49851,15.5194
3.23445,4.06485,31.9592
4.60666,5.42069,49.2837
2.88418,3.23753,23.2394
4.43055,4.74356,39.9488
4.40064,3.87927,31.9335
4.74841,4.26721,36.3828
4.69423,4.86261,42.3805
1.93768,3.93412,28.8273
4.21076,3.91117,31.5179
3.41289,5.63012,52.3164
3.79475,3.44476,27.4027
3.57565,2.62965,20.5156
5.03478,5.1484,47.8976
4.33454,5.27204,48.626
3.657,2.70925,20.8608
3.49405,5.8269,53.4513
3.37901,2.96873,20.7893
3.51358,3.43487,24.2087
3.62895,5.11612,44.341
4.80226,2.44719,18.7205
5.18848,5.00697,45.8768
4.41606,4.99883,45.5871
3.00871,4.21635,32.2694
4.40908,2.52476,21.5996
3.20786,5.46491,49.3728
4.37279,3.68463,27.8086
3.32673,4.91622,41.5476
3.74975,2.92016,21.2194
2.31164,4.34159,31.6658
4.92361,4.07038,32.9749
3.35653,5.35745,48.6968
3.91562,3.98579,31.4613
6.80508,3.73264,32.8999
1.39216,4.31036,32.4382
2.86069,4.14575,31.1608
5.36666,4.99687,45.8857
3.60078,4.20811,32.6413
4.29044,3.51696,27.856
5.6686,3.05353,26.5828
6.65567,3.15521,28.6263
3.28249,5.21294,45.1298
3.13176,2.7025,19.4202
4.23884,4.74322,41.1056
5.10725,4.66431,40.5211
1.73197,4.04439,30.6416
3.9937,3.27462,24.5507
3.71681,3.79532,28.982
3.01346,3.71174,28.6216
2.57621,3.3294,23.3957
4.27925,4.51485,37.3381
4.00812,3.58171,29.2243
4.23468,6.14831,59.708
3.08095,3.08061,23.1828
3.6941,5.38353,48.4261
5.10323,5.72085,53.9798
3.80313,3.98091,30.1714
4.29304,2.86435,21.456
2.14429,4.64458,37.1979
4.75223,3.72589,32.1416
4.79511,3.34063,26.0337
5.30837,3.04796,24.7447
3.4015,3.84086,30.4029
5.00551,3.60719,29.2871
4.23235,4.92108,40.8478
4.16714,2.87465,22.3714
1.93591,4.04039,30.404
5.19833,3.50726,28.071
2.27405,4.59772,37.063
4.73096,3.73183,30.1367
2.83967,3.28053,23.5693
5.83083,4.47507,40.2404
2.60373,4.54821,36.7436
2.84448,4.38083,34.7261
4.55665,5.34317,48.5814
4.77096,4.57955,38.5147
3.96442,2.77038,21.9804
4.1208,3.37503,26.3786
3.90558,2.22137,17.4897
3.56544,4.7043,40.1014
2.18894,4.42145,32.6261
4.68776,2.45794,18.775
3.51657,2.73822,19.8977
4.09499,2.4948,18.5704
3.68601,5.00508,43.4742
3.50154,3.44118,24.5382
4.75119,3.71116,29.4295
4.58759,4.3692,35.826
3.53502,4.59023,37.0123
5.62034,4.3394,37.5894
4.23488,3.43048,26.2409
3.11604,3.53095,24.6324
6.11038,2.54624,23.0723
3.21032,4.6748,37.5471
3.66835,3.64055,28.1676
3.3841,4.3144,33.6153
4.3388,3.52824,27.5494
4.80395,3.11761,24.0943
3.46395,3.65379,27.5564
3.08294,5.1931,44.9213
3.97109,1.81463,15.357
2.68213,5.03715,43.1872
4.26428,5.34894,50.4416
3.9083,4.46713,34.4154
4.80259,5.15262,46.4154
3.52634,3.99815,31.7616
3.44435,3.2383,24.3372
4.53431,2.81312,23.8604
4.72725,3.66116,28.1774
3.12308,4.01167,31.9533
2.72348,2.19256,16.7318
3.29498,2.84814,21.0065
3.76275,4.05193,30.4886
4.12131,3.19196,23.8171
3.26539,4.30199,35.4503
5.11636,4.4792,38.9225
5.0108,1.46626,15.411
4.29848,4.72172,39.0018
4.76075,3.60224,30.344
4.13112,4.96125,43.7324
4.66699,2.92893,21.2003
5.9439,4.71519,43.9621
4.88426,3.75507,30.8635
3.89666,5.45601,48.8805
2.00083,3.70656,26.8142
4.74206,2.61359,19.3164
4.52565,3.65457,28.3931
2.35595,4.75054,36.9625
3.54395,3.14627,23.5388
3.73348,6.34694,62.0145
3.52963,4.28699,33.4969
2.52245,3.60073,23.2563
5.69967,4.92675,46.4689
4.29944,4.31354,34.7941
4.16729,3.05316,23.6399
4.20407,4.47457,37.2079
3.74802,5.29149,46.1204
4.41311,4.38327,37.7907
3.60347,4.89185,39.0561
2.61027,3.55158,26.4526
2.44786,3.55703,24.7486
3.48722,2.78684,18.9398
3.15486,5.48609,49.5425
4.14563,1.43284,13.4792
5.33216,3.65254,30.2082
4.17569,3.12877,22.7813
3.79211,2.72166,19.3534
5.15581,3.68125,31.6999
4.00889,6.28799,64.9362
3.36992,3.20497,23.4334
2.98819,3.52259,27.1921
2.90307,4.03118,30.8684
4.80196,3.33473,26.7413
4.7616,2.37705,18.4595
3.55277,3.14224,24.0378
2.71484,3.7315,27.3709
2.79286,3.62251,26.9906
4.57604,3.83541,29.7426
3.63017,4.42918,36.5006
2.84934,2.97128,21.1773
5.10229,3.32599,27.4574
5.24521,3.73865,31.2364
5.12807,2.9876,23.9003
4.61103,4.23747,36.8918
1.54731,3.76333,26.1818
4.21716,4.56112,38.5442
2.98368,3.90183,28.4423
2.84079,4.03356,31.9163
5.18876,3.93794,32.9257
4.9557,5.28557,47.6518
3.04604,5.50904,48.3155
2.10413,4.06545,30.5101
4.58955,4.70473,40.7795
4.41994,4.8638,40.8892
4.33722,5.02044,44.12
4.33903,4.26139,34.8637
2.73185,3.80925,27.8559
4.77859,6.42354,65.3652
2.961,3.64409,25.7326
5.75604,4.89947,45.4519
4.04975,3.02971,21.8548
3.72753,3.03272,21.731
4.47229,3.67141,29.1239
4.13275,6.05862,58.8697
4.23932,3.65257,27.5816
2.35053,4.14364,29.7384
4.06207,3.81353,28.5265
4.25361,4.84534,40.9966
3.61503,2.91991,21.7
3.83193,5.15122,44.507
1.96828,4.73769,37.3937
3.27158,3.29937,24.1561
4.5153,1.62486,14.4978
4.39053,3.79114,28.9486
5.21034,3.79516,31.151
3.56578,3.70834,26.5341
4.85809,4.49748,37.6267
2.42848,4.5768,38.0378
2.1798,3.38756,23.4171
4.86847,4.34509,37.4227
3.28574,4.22438,31.5674
4.26339,4.95807,41.9593
4.79006,4.51792,41.3047
3.02522,3.93316,30.0998
4.37011,5.24165,46.9402
2.95068,3.83141,29.6365
6.51451,5.0396,47.652
4.76352,3.43423,29.1424
3.19322,5.25294,45.4572
4.19885,3.57678,27.0233
4.50479,4.35624,36.004
5.3949,5.83692,57.9705
3.8653,5.4227,49.1322
3.65281,3.71413,27.5628
2.09159,3.37337,23.8844
2.61401,5.04944,42.5699
3.27472,3.50318,25.1719
2.28739,2.38118,13.7827
3.57773,2.70108,18.7904
4.50201,3.84291,31.5922
4.61884,3.49136,27.2739
3.84649,5.36633,49.7399
5.74063,6.69822,72.3081
2.37362,3.4549,23.5244
4.3656,3.13182,21.4326
3.1543,5.84657,54.0635
3.46447,5.09371,43.3357
4.46069,4.92697,44.0729
4.49947,3.13261,26.2154
4.65364,4.07945,33.4422
3.76694,3.42573,26.068
4.33295,4.44266,36.0185
4.64539,4.27383,35.2667
5.56753,2.50445,21.8226
4.38229,3.91289,31.1575
3.39332,4.40781,34.2174
3.08601,4.65272,38.796
4.8024,3.65731,29.3492
3.39759,3.95427,28.7618
3.79625,3.95729,29.907
4.57594,5.0551,42.6671
4.34452,2.8404,23.6907
4.89156,2.74824,22.5618
4.68983,6.02188,59.9616
3.35645,4.52576,35.9824
2.7966,5.3402,44.5514
4.94798,5.44731,51.8182
4.81258,3.65421,29.6354
4.34329,5.25616,46.8861
2.71338,2.85514,19.7414
1.68946,3.61333,25.977
1.71091,4.37138,32.4955
3.9042,6.68891,69.0732
3.96844,3.28789,24.6811
2.97279,3.08936,22.1319
6.11935,3.31605,27.0433
4.04332,3.84346,30.3171
6.96562,3.7409,35.1308
2.85592,4.55464,35.5349
3.99874,2.77433,20.7996
4.86644,2.19669,17.1614
4.08956,4.37566,35.7647
4.68271,3.55457,26.9321
3.14776,4.07608,31.3022
4.12167,4.14382,33.2057
1.62202,4.99066,39.906
4.73795,6.00498,58.192
4.1964,2.51131,19.8105
5.28155,3.17784,26.3146
3.43127,4.78944,39.0466
4.22381,1.8468,15.7652
4.84108,4.53919,39.0412
3.1407,3.0303,22.2332
5.0312,3.17211,25.9855
3.45019,3.2074,25.2492
4.83274,4.68668,40.8793
5.36172,3.07912,23.3215
5.81244,2.91073,25.0587
3.86895,3.9984,31.114
3.13636,3.42916,21.8407
3.25977,5.52612,50.4891
3.1138,5.40781,46.3608
3.126,5.19116,45.0449
4.01014,4.12122,33.8552
3.78971,4.11741,32.7696
3.95124,3.55168,27.9824
2.53675,4.89916,40.434
5.03736,4.12872,34.6888
3.27446,3.43922,24.258
4.60903,4.84723,44.0379
3.68989,4.59536,38.011
4.85097,3.34418,27.8359
1.9744,3.53779,24.6495
4.58793,3.9881,32.0077
1.63299,2.725,19.0262
5.2764,2.77879,22.9463
4.28865,3.25769,24.3697
3.75945,4.71596,38.9716
3.19346,4.85817,40.4058
4.40966,5.08109,45.4245
5.15245,4.35568,36.8696
4.15749,2.52526,18.6298
5.46566,4.22937,35.6299
4.12213,3.77467,29.921
3.9243,3.21486,22.8868
3.60478,4.40175,34.1721
4.49131,5.28729,47.6488
2.63755,2.33105,15.5449
3.58211,4.00305,31.1051
3.59518,5.0233,44.8165
4.789,3.6745,29.3602
4.40498,5.43463,49.2683
3.15226,4.24695,33.552
3.54803,3.38279,25.7673
3.44564,4.26135,33.3132
5.77563,3.14453,24.8405
3.11277,3.86187,27.5452
4.53974,3.82745,32.1067
3.0143,4.03997,32.8742
4.48865,3.81611,32.5655
5.17894,4.03309,33.1181
3.4606,4.50979,37.7107
4.98113,6.00346,59.6806
2.70096,3.45143,26.1764
4.45195,4.51644,38.9856
4.76705,4.24765,33.5671
2.79931,4.28125,32.414
5.32142,4.12809,36.0489
3.27102,3.9773,31.3826
3.27217,3.3207,25.5717
5.09937,3.61021,29.8177
3.88661,5.13843,43.8589
2.6555,3.64787,24.2839
3.22507,5.74609,52.0386
3.93524,5.05233,43.8966
3.84435,3.93555,30.2773
2.85618,2.29026,15.0078
2.79857,5.35717,47.1205
2.45869,3.21219,21.573
3.83519,4.21545,32.8175
4.80533,3.67008,28.4806
5.0256,3.22985,24.3153
3.6665,3.45062,26.9669
4.02926,5.1535,46.0721
3.20658,5.86,53.6827
4.93757,6.08411,60.4252
3.42783,6.78192,68.5725
3.62211,4.76877,40.1565
2.14933,3.65904,25.6353
2.57453,4.59156,35.5457
4.52368,3.4688,25.4841
1.37609,2.55691,17.5106
3.69793,4.13304,33.1347
5.49875,4.66891,41.6141
4.03846,4.02728,31.7487
2.81351,4.48418,35.1535
3.40825,3.68046,27.4441
5.55776,3.71972,30.1399
2.97376,2.69394,16.574
3.06228,3.92616,27.6508
3.75769,4.51464,36.8735
3.72284,3.25193,22.5766
4.5072,3.65011,30.5503
4.07478,5.83165,57.0783
4.96425,1.81931,15.1684
2.58226,3.86771,27.8224
3.43364,3.2997,25.719
4.54375,6.04385,58.2609
4.60099,5.32574,47.4888
3.21305,3.26461,23.0446
1.25795,3.43405,24.2278
3.83745,2.45798,17.914
2.48576,3.63607,24.6821
2.66106,4.21263,32.1133
2.56553,4.13872,31.2099
3.97211,3.48547,27.3722
3.80122,4.3952,35.396
4.73859,6.93853,74.7896
6.07353,6.2358,63.5649
3.61009,3.01868,20.9076
4.76451,3.74019,29.024
4.47602,4.58272,39.2021
4.29709,3.63043,27.3802
4.63394,6.03355,59.6397
4.72314,3.7858,31.7393
4.9811,5.63793,53.308
4.44083,6.13238,59.3988
3.78348,3.12362,24.6698
4.07727,3.72653,26.6555
3.78118,3.71855,29.474
4.56691,1.92155,15.3687
4.57279,3.88371,29.8167
3.71661,4.54027,35.0985
3.45936,4.7175,40.0712
4.72226,5.17682,46.5769
6.4342,2.88146,25.6609
3.58819,3.71278,28.4484
3.71869,4.24887,32.6508
4.87814,2.98832,22.8967
3.51962,3.50905,26.2592
3.01977,2.61025,18.4777
1.24942,3.58763,22.4248
3.71383,3.71351,27.7714
5.03715,4.82213,42.4231
4.66255,3.62866,30.1349
4.42098,3.60988,27.6444
6.08531,4.4067,39.201
5.52921,4.32158,36.4857
2.70714,3.75371,29.0469
5.42381,2.76733,20.8474
1.90092,3.3156,23.9526
4.24595,5.72177,54.1867
2.79513,3.87145,29.6487
4.43368,4.14876,34.072
2.65431,3.32813,25.4298
3.41549,3.72942,24.9775
2.8157,5.01928,41.1022
3.87805,2.15621,16.2647
3.35881,3.35062,23.5465
4.40927,3.5496,27.6646
0.606019,3.15551,18.4824
3.84909,3.15246,24.0737
5.603,3.62111,29.9462
3.66243,5.5667,49.9251
3.82907,3.46656,27.0755
5.36067,2.98811,25.0552
3.80131,3.5367,27.9492
3.43235,3.91248,29.245
4.9182,3.12749,24.3527
5.14645,4.07957,35.3495
6.11364,4.36487,38.988
4.13572,3.48643,26.1988
4.27109,3.38507,23.6346
4.09163,3.68042,27.8061
4.72269,5.29182,47.601
2.89811,3.15293,22.1436
4.49035,6.16192,61.6721
5.50781,5.5185,52.5668
2.35893,2.43115,16.0758
5.25488,4.4382,37.784
5.14481,5.12048,46.2664
3.12585,4.76656,38.6973
5.67466,4.00102,36.4416
2.26696,2.3749,16.65
3.36169,5.65522,50.7818
2.64326,2.50515,17.7756
4.20256,3.83203,28.3889
4.25709,3.6943,28.1929
6.38524,4.3421,39.9355
4.13265,3.78994,30.1051
5.81466,6.08364,61.5842
2.30204,3.84672,27.057
4.47925,4.92116,43.8752
4.26733,4.8867,42.8553
3.11857,3.41096,24.8276
4.57677,3.81556,32.5189
4.06808,3.64605,28.3127
3.83284,2.70642,19.8376
4.48238,3.53546,27.8575
5.55266,5.63218,55.8578
5.12064,3.00107,22.6784
4.46618,4.88754,41.5451
6.17125,0.694975,12.4213
2.7822,2.29307,15.6171
4.7882,4.11978,33.4892
3.20601,3.37526,26.3585
3.49858,6.09005,56.9271
5.61563,3.03633,25.2991
2.66971,3.81945,27.6888
3.66193,4.19985,33.5979
2.37747,4.21509,31.9287
4.07876,4.41157,34.9158
5.09269,4.55377,40.7051
4.39115,4.23261,35.6001
2.54711,2.02511,13.0826
4.24337,3.75957,29.1548
2.98978,5.68303,52.3899
3.53334,2.37501,17.5269
2.31098,2.60972,15.8068
5.24946,3.78998,31.7731
5.80826,3.05251,24.3507
4.42088,5.34001,47.9391
4.83768,4.53474,38.7452
4.21064,5.55183,50.1223
5.69573,3.94141,34.7928
5.59324,4.27132,36.0693
4.99077,5.54927,53.4241
3.24024,2.31462,16.4293
4.30787,5.70557,54.3423
3.69906,3.56764,26.0727
4.39977,2.91801,19.621
4.83493,2.50164,19.271
3.94416,4.33757,35.0947
3.5385,2.4722,18.4613
3.90557,4.16739,33.5116
2.93936,5.78708,53.6608
3.84419,2.5892,19.8826
2.80612,4.0178,29.1999
2.85527,3.54201,24.7243
3.64087,4.09037,32.0408
3.61179,3.10235,23.7506
5.0503,4.60605,38.9465
6.00173,2.91103,26.3664
5.09811,5.87286,56.6761
3.70085,3.07442,21.9033
3.2342,2.69276,19.6131
2.36296,3.01642,20.8649
3.55171,2.16614,16.9983
2.95588,3.06263,22.1738
5.66777,3.8968,31.737
4.74864,1.39777,14.661
2.71595,4.20007,33.6154
5.57879,4.83729,42.9163
3.54363,3.87215,30.1759
3.92213,2.67982,21.4573
1.23356,4.99603,40.7729
5.34984,4.04553,34.4057
4.37715,3.47894,28.0061
4.10116,3.35894,24.245
3.02761,3.93999,29.1684
5.22832,3.70649,30.0244
4.99389,4.54209,39.8192
5.12875,4.24974,37.1901
3.75606,3.8831,30.2339
5.09771,2.54743,19.8419
6.50608,3.18778,29.3628
3.87748,4.44683,35.6538
3.83954,3.69271,28.8686
4.80476,3.91222,32.5943
3.81388,2.79833,22.3949
4.4715,3.56215,26.6114
4.79395,3.98746,32.3577
4.56895,3.62134,28.8865
2.50456,3.11126,22.7397
5.45139,2.82157,25.1637
2.87631,2.27814,15.22
3.59302,2.76663,19.7083
4.03735,4.95289,44.5534
3.13566,3.61943,27.6374
5.08094,5.5149,52.7299
2.637,4.29617,30.739
2.15396,4.00398,28.9052
4.86004,4.72567,41.8825
1.74344,5.01093,41.9835
5.32935,4.71967,42.7949
3.04013,6.64679,66.7294
3.62702,3.86784,29.5521
4.36185,4.2154,34.6732
5.60111,3.70394,29.7217
3.6125,2.14383,15.7567
3.41076,4.33524,35.3126
3.75811,1.59451,12.6714
4.30907,4.1633,33.4725
3.62995,4.43875,36.209
4.82974,4.74138,41.6453
3.91821,3.57207,27.7943
4.79077,4.13495,35.2665
3.10768,3.70282,27.5275
4.21087,3.4216,26.6285
3.65247,1.91272,14.532
3.02015,3.96384,30.078
2.28112,4.71703,37.9357
4.43471,5.64319,53.9008
3.59436,1.64444,13.8298
3.43545,3.4065,26.7854
4.80338,3.89974,31.5512
4.88941,4.88342,42.7215
1.98378,3.96402,28.4375
3.25758,2.71058,18.4017
3.49688,3.41723,24.1343
3.42775,3.14567,21.8383
5.44005,2.32676,19.9928
4.80236,3.88969,30.748
3.95683,4.99263,42.3877
3.83507,2.75223,21.5216
2.72687,2.87521,18.5212
4.62718,3.27683,25.6662
3.13018,4.73402,39.4148
5.60008,3.44384,26.961
4.49201,3.64224,29.258
3.58992,2.82991,20.7128
4.18903,3.2858,27.4859
2.55794,3.19713,21.7759
4.15292,3.32312,26.5115
3.85545,4.18487,33.2948
4.69947,5.762,54.4299
4.17241,2.8648,20.7528
3.5997,5.27018,46.1551
4.96795,3.67625,30.6027
5.61241,4.87736,44.1803
2.81416,4.79484,40.1511
3.05701,4.32893,34.07
4.3638,5.04775,45.8866
2.74752,2.91554,21.6288
3.94049,5.64481,52.0453
3.83997,4.42952,36.5687
4.849,5.39665,48.4837
3.59725,3.29815,23.9657
3.58311,4.48496,37.3185
4.37881,3.86934,30.082
4.9483,3.89759,31.4816
5.81046,4.14261,36.1858
3.97172,5.35617,45.8014
4.86242,4.66296,42.5745
3.58715,3.48212,26.7392
4.92266,2.48236,20.4114
3.25817,2.88483,19.846
4.82421,2.60205,21.3981
4.32132,3.41988,27.2794
4.71742,3.7187,28.8918
3.71258,4.81834,40.5952
3.94925,3.64656,28.6398
4.51734,6.09395,59.3089
3.42686,3.97887,31.0186
3.44331,4.549,38.279
4.55772,4.36449,37.732
4.96534,2.39532,18.1331
5.14721,4.628,39.2579
4.92569,4.32178,38.4083
4.28471,3.38711,27.4455
4.10953,3.26393,25.1123
3.502,2.47501,17.9532
4.1821,3.22748,24.354
3.65568,4.10641,33.4386
3.81844,3.65307,29.3569
3.87253,1.62894,11.8453
2.76749,4.42561,34.9682
2.55372,3.70537,28.338
4.13326,6.27237,61.3543
5.17206,2.06017,16.6285
3.10248,3.47882,26.6677
3.65739,4.96408,42.0429
4.32839,4.43073,35.2758
3.3276,4.48231,35.1265
3.12886,5.25351,45.0614
3.14605,5.55897,50.6086
2.16413,3.98879,29.541
4.83212,2.9929,21.5279
4.07371,4.66967,39.0616
3.96954,3.36207,24.685
3.14394,2.28914,15.4681
4.53521,3.89943,31.8656
3.95724,2.86667,19.77
4.10286,3.32823,24.6115
2.86641,3.25822,22.9546
4.26529,5.15995,48.9097
3.14477,4.25821,34.2067
4.6843,4.23008,35.5255
3.60972,4.3628,35.9834
5.28827,4.23069,34.4966
4.44679,3.34894,26.571
4.53245,5.74652,52.7974
2.85293,3.7522,26.1991
5.30165,4.00628,32.8953
4.04468,4.99728,44.7534
4.50654,5.26323,47.4936
3.18644,3.355,23.6876
3.32026,4.93813,40.5179
3.87778,4.08328,32.1735
3.55712,4.70167,37.6084
5.12891,3.66033,26.7041
3.18312,2.24496,15.6229
3.0579,2.82593,19.8217
3.99093,3.40296,25.9309
4.12692,5.26728,47.8449
3.58176,4.77203,39.0657
3.27548,3.08471,21.6053
4.20201,3.27112,25.5558
2.65394,3.97746,29.9481
4.26356,3.85355,30.8481
3.60107,4.2611,33.707
2.58862,5.60623,50.3973
3.41426,5.21797,45.3964
2.71516,5.29958,46.4286
3.63253,5.31569,47.4673
3.39621,2.23024,18.0221
4.16757,2.3636,18.3203
2.50987,0.882387,7.96606
4.29239,4.87203,44.9953
4.06389,3.16739,22.9111
4.15328,3.64728,26.7991
4.23643,2.52513,19.4127
4.02049,2.72524,21.5091
5.54871,4.93285,45.2195
3.40538,4.15852,32.452
3.83039,4.30578,35.5484
4.78634,3.92447,33.6863
4.33454,2.99141,20.4896
4.56786,3.38336,26.0809
3.96937,4.39519,36.2206
3.16907,5.59782,49.5738
4.81349,6.20998,62.1356
3.8513,4.48553,37.4656
4.54475,4.44602,37.8091
3.38349,5.40408,48.1609
2.3862,4.28206,32.7771
4.84469,4.22398,35.9724
5.57332,4.60866,40.484
4.24297,3.56543,27.5028
3.46324,3.62778,26.9156
4.52863,3.40255,24.5707
4.93613,2.98149,23.8467
4.70156,3.52054,27.2862
5.87911,3.52607,29.1696
3.17572,4.34566,33.52
4.89347,3.12136,27.1331
4.92802,2.4539,17.313
4.50949,4.26445,35.4662
1.9573,4.6554,35.9711
3.26268,5.26711,43.9098
3.43907,3.20075,22.8123
5.28183,3.37778,27.6696
4.3258,3.10449,22.4583
5.26345,3.25381,27.3629
3.42615,3.22967,22.5297
5.01866,3.11917,25.2365
4.0244,5.26325,46.2946
5.48171,4.20257,35.7772
4.97538,4.36766,35.5961
5.26456,4.70064,43.522
5.76446,4.73564,41.7094
2.65012,4.04367,31.4435
2.72543,5.05462,42.5107
2.18612,5.78542,52.8118
4.62677,3.74912,30.9774
4.09546,2.73679,21.0039
3.6726,2.27867,16.531
2.45842,3.70268,25.9807
4.74753,4.56929,40.2633
2.9329,3.07295,21.5534
3.50775,4.49011,37.6157
3.67209,4.95621,41.8549
3.42933,4.77064,39.3459
5.15021,4.36646,37.2886
3.70513,2.98101,21.7404
3.3589,5.39091,47.1095
3.38048,1.25583,10.8681
4.57574,3.25002,27.7336
6.07522,3.56325,29.7826
4.89818,3.23392,26.5664
3.67216,4.36511,35.2686
4.54516,3.39416,27.1089
4.48745,3.30146,27.1979
4.47907,3.20749,24.3034
4.51412,5.31936,49.7394
4.44164,4.24907,33.1846
3.13068,5.38248,47.6437
4.32097,4.23297,34.7258
4.51435,5.47385,50.3109
4.51445,3.49277,27.5514
4.30658,3.62738,28.8699
1.19036,4.71399,36.5639
2.68115,2.85752,18.5183
4.09779,4.07432,31.8708
4.77658,3.45624,27.4696
3.09447,2.88439,19.7155
4.76063,2.09742,17.7797
3.75174,5.06275,44.0706
3.40871,3.52573,26.3162
3.88514,3.13621,23.4025
4.40366,3.01924,23.5372
3.66425,1.7241,13.8848
4.78239,3.19805,24.9275
4.55905,3.12873,23.6401
4.38914,3.57069,28.458
5.12064,4.52974,38.1663
4.09256,3.38662,25.491
5.07339,5.1692,48.755
4.02207,3.47568,26.4258
2.45329,3.30778,24.7338
4.55345,3.8356,31.5367
4.70002,4.16688,34.816
3.549,4.63059,37.3415
3.447,3.17656,23.4539
4.9754,5.088,45.8885
3.41358,4.21631,34.1478
5.09503,3.41425,26.1342
4.30815,3.24833,24.9339
2.54466,3.62841,27.0564
5.4394,3.42482,29.3651
4.07727,2.91494,21.4052
6.58787,3.30587,28.8618
3.8811,6.57547,65.532
4.82235,2.60791,22.208
3.67762,2.11522,16.7324
3.45231,2.72792,19.1911
4.32224,3.60063,27.0863
3.3637,1.9487,13.4506
3.90234,3.121,22.7396
3.79891,4.63439,38.1361
4.85748,2.98314,25.3749
4.38483,3.65105,29.8352
3.71334,3.38872,23.3931
4.57348,3.28674,25.1642
5.21206,6.32902,65.2777
4.85054,3.05304,21.3977
3.54061,4.98655,42.3811
2.91124,2.47002,16.8058
4.021,3.00569,20.8558
3.35156,4.81319,40.1145
2.92095,5.1458,42.6911
3.50353,3.71124,28.2844
4.5576,3.57622,27.225
5.20565,4.1097,33.3662
3.05707,3.11375,23.1445
3.32291,3.62846,28.9688
3.05059,3.10074,21.2244
4.28868,5.01973,44.5985
4.87784,4.17976,34.3089
4.11169,5.1617,46.1703
4.42341,4.86324,43.0837
4.32626,3.88436,28.031
5.0855,4.45321,37.7868
4.63778,4.17185,35.725
6.28871,4.44472,38.8579
2.78812,4.39464,33.4761
3.14455,4.74004,40.7854
4.85064,2.10671,17.1217
2.96811,4.49769,35.8959
4.4786,2.28408,16.8629
3.593,3.25117,23.4121
5.76761,3.83623,32.652
3.55868,5.49976,50.6459
4.17801,4.3756,36.1767
5.76791,5.76902,57.0448
4.10587,3.57949,28.5521
4.76576,4.34825,36.5841
4.7598,3.30761,24.3437
4.09812,3.42396,25.5667
1.08584,3.61687,23.3149
3.41452,4.34235,34.5866
3.85348,3.37373,25.472
4.66667,3.55615,27.6251
1.84403,2.39591,14.5553
3.75519,2.88389,19.7639
3.4305,4.02935,30.3847
4.13353,2.32474,18.7119
4.7873,4.47838,37.5414
2.73566,4.20109,33.623
4.27477,2.37471,17.6044
5.42113,1.72059,14.5632
5.16581,3.27745,26.2502
2.74021,3.14573,23.5661
4.41934,2.92848,23.0446
4.64937,4.01496,33.605
3.64416,5.24906,45.8458
4.79367,4.40707,36.6532
3.47653,3.57158,25.6676
5.08771,5.55758,53.5505
4.86928,3.84518,30.2854
3.1233,5.44484,46.9104
3.07829,2.73828,18.2253
4.4406,3.64013,27.2559
5.2871,3.48233,27.6854
5.24589,3.50867,30.0931
4.00069,3.83451,30.4915
5.11516,5.04543,45.2591
4.60342,5.03472,42.9623
4.62351,5.00282,45.0002
2.98154,2.3248,15.5352
3.59604,4.88048,42.2654
3.38806,2.348,15.6853
4.01945,2.67345,18.39
3.86769,2.80207,21.5055
5.13734,4.35546,37.3849
3.93427,5.38525,48.3157
2.84584,4.60994,37.1224
5.22678,3.00959,25.6353
3.12653,2.75067,17.8509
4.74431,3.7471,31.6003
4.38221,4.31238,35.3291
6.30047,3.19635,26.5081
3.15605,3.78626,28.7172
5.10516,2.94067,23.1276
3.52223,3.57174,27.7215
4.81475,5.14663,45.743
3.61523,3.40143,24.4533
5.29239,3.64904,29.5343
4.14331,3.67578,29.2068
3.97164,3.66219,28.396
3.4274,3.14468,23.6334
4.95766,4.93465,45.329
4.56978,4.41896,37.1133
3.85066,2.54178,19.1715
2.23611,2.41645,16.2939
4.55559,2.54841,17.9587
