3
5.27715,3.2921,560.592
4.20989,5.16634,400.813
4.3974,4.87143,407.056
4.00659,2.87942,196.459
4.75028,4.79946,489.505
3.42176,2.51955,112.242
1.49382,4.06564,116.783
2.4615,5.00517,219.492
4.41646,5.52068,488.069
4.26734,4.18911,317.075
3.63329,4.57486,253.725
3.99703,3.18101,207.949
4.85636,5.66064,622.631
5.53113,4.73122,780.23
5.49626,3.82183,687.237
4.36758,3.28344,281.263
4.77281,4.31697,448.686
3.53763,3.17682,146.227
3.66316,2.90516,151.622
5.04717,3.04176,460.754
3.04964,3.14029,106.668
2.74948,5.13073,244.615
3.75587,5.00075,313.328
5.36774,4.40815,673.363
3.93874,4.44185,283.344
2.84685,2.37783,65.0642
1.56349,3.28938,68.364
3.59599,3.02132,146.191
3.34863,0.509241,75.6316
3.52629,4.7135,257.374
3.37953,3.20596,134.249
5.08488,3.64739,505.935
4.65444,3.61916,368.046
3.3844,3.78715,167.91
6.2328,4.59462,1191.37
4.17425,4.39886,316.48
3.20816,4.7203,228.421
2.69352,5.1262,241.654
5.49354,4.15512,711.24
3.06229,4.23033,174.242
1.83043,4.73218,176.09
3.00907,4.56565,198.989
4.77229,6.25592,691.608
4.61973,4.90011,465.073
4.7023,4.08803,413.323
2.73174,4.37066,167.361
1.59778,6.22536,371.437
2.07424,3.99008,119.259
5.2832,2.97923,547.143
4.19357,3.97423,289.144
4.5753,4.77999,440.514
2.63074,4.14831,144.889
4.89286,4.75352,528.304
4.78963,3.09958,378.732
3.12565,5.34619,291.922
3.91749,3.86624,234.544
4.33707,4.49025,358.522
4.43732,2.42483,261.629
3.07113,3.32333,115.33
5.87732,3.15689,853.505
4.81895,3.42628,405.677
5.80892,4.81844,932.514
4.61903,4.46785,421.384
6.4819,3.51501,1308.51
4.03779,4.01115,264.764
4.95144,5.45936,625.734
4.80931,3.81644,425.658
3.12702,4.4856,200.815
2.73229,2.72885,70.6703
3.29631,3.41207,137.278
4.48708,4.30882,376.361
3.58641,4.2417,220.244
2.41081,2.15741,43.5023
4.61865,3.79373,370.178
5.06077,2.76056,452.353
4.98878,4.36803,523.342
2.96295,4.05269,154.96
3.145,4.05848,166.595
4.38615,3.10482,276.912
3.66136,5.26348,330.288
5.78606,3.15496,799.47
4.95502,2.0818,397.932
3.29385,3.32086,131.64
4.1555,3.46164,248.18
3.64588,4.18242,222.819
6.72268,5.14559,1664.9
2.96603,3.08697,98.1205
2.82358,5.25716,265.112
2.11627,2.61167,48.5041
5.12488,3.62224,517.982
3.8006,3.49143,196.902
4.18741,5.24806,407.648
4.02836,3.58384,234.711
4.10394,4.93806,355.947
4.16153,2.71409,214.366
3.23109,2.35356,89.4558
4.21185,3.94929,290.37
2.50149,2.77406,65.2561
4.47356,4.35331,375.908
4.63961,2.72703,322.63
4.98147,5.1463,598.525
3.75836,3.82483,210.469
4.58059,5.66883,547.581
2.10939,5.80906,313.741
2.99783,2.78731,88.31
4.79797,4.07493,438.253
4.13466,4.21753,294.96
3.07469,4.19116,171.95
2.50187,5.14429,235.952
4.83746,4.70081,503.962
3.63299,4.70397,265.949
3.71581,2.94381,159.977
5.29246,4.73957,672.656
4.05853,5.31346,393.926
4.14053,3.47072,246.863
4.46813,2.94003,288.428
3.76605,4.71437,283.284
3.98641,4.21344,269.939
3.69253,3.36396,175.171
2.63019,3.56499,106.183
2.89424,4.28005,169.677
2.83977,4.1147,151.768
4.93323,3.68623,456.09
6.13612,3.10371,1021.99
5.47562,3.95486,687.192
3.61382,2.73795,138.616
3.39395,3.67587,161.775
5.15764,3.20654,507.575
5.60259,5.156,859.337
3.47876,4.20219,206.706
3.48784,5.1631,300.997
3.8854,2.8126,178.027
4.51429,5.22964,473.434
2.95452,4.55949,197.682
4.90043,4.64209,518.287
3.87429,3.55115,209.544
5.04649,4.28244,535.781
2.2507,4.25426,140.524
5.27891,5.68209,778.821
4.59284,3.4473,345.625
4.22103,2.81011,231.47
3.28884,4.44157,208.884
4.77519,4.81323,498.54
2.47768,5.03592,221.847
5.07205,4.4734,560.643
4.45222,5.63813,512.909
4.15797,2.58397,211.213
5.09075,3.82544,519.998
4.80322,4.03866,437.409
3.1598,3.52569,134.203
3.0378,4.25732,176.12
4.30389,3.74649,294.513
5.45406,3.61019,655.518
4.37392,2.81564,262.216
4.9287,5.48591,623.564
3.67372,4.52443,253.465
4.24205,3.75938,284.667
5.27755,3.20832,555.461
5.15816,4.0074,555.549
3.0301,5.05064,249.124
2.73796,4.21819,155.823
3.97517,5.59994,417.164
2.91048,3.69264,127.521
5.33192,3.51183,592.932
3.10103,3.80061,144.363
5.38337,3.45389,614.891
2.82751,3.91983,138.518
5.47832,4.61868,740.363
4.39731,4.078,337.22
3.58902,4.21404,220.173
4.56017,5.64936,539.4
4.63098,3.77416,372.012
3.57873,4.06945,205.39
3.31418,4.25427,194.863
6.22703,4.08195,1144.05
3.63534,3.01561,152.719
4.8986,3.44507,429.412
5.28456,4.23053,623.867
4.07234,2.89483,207.873
4.00066,5.37798,391.211
2.77289,3.70567,121.759
2.9452,6.65376,484.455
2.21408,3.62281,97.7951
5.22963,2.51917,509.407
4.77955,3.5315,398.102
4.42148,5.08581,436.242
3.1736,3.41095,128.457
3.7065,3.8013,203.132
3.42915,4.41568,219.424
3.67682,4.0521,217.432
3.35739,4.07441,184.385
4.02424,4.33798,289.064
4.41574,4.03824,338.259
3.10008,3.5756,131.884
3.77014,3.82495,212.403
5.69956,3.10715,752.642
5.05259,3.58047,488.281
2.45007,3.40426,91.9036
4.84161,6.64509,780.464
3.99548,4.52392,298.081
6.40469,2.97428,1217.37
3.09537,4.62993,212.453
4.39964,4.95092,414.783
3.57224,3.12994,149.561
4.0548,3.26937,222.259
5.88812,4.93368,994.796
6.0321,4.97103,1089.09
3.20424,4.35776,195.643
3.284,5.35901,306.733
4.16405,3.2354,239.796
2.51045,6.59602,455.074
3.97454,4.15745,265.908
2.96995,4.82615,223.687
3.75177,3.81909,207.018
3.44099,4.21066,202.479
2.26211,4.31919,146.951
3.12054,2.9393,100.963
2.03587,4.46654,156.785
3.55552,3.12106,146.938
4.52917,4.26877,382.753
3.49179,2.78202,127.668
4.55077,3.12432,316.92
2.9517,4.22114,166.704
3.57132,4.1988,214.702
4.1402,6.13041,523.731
3.76573,4.28823,246.956
3.85524,3.02213,180.637
5.5434,3.19013,673.101
4.98446,4.55553,537.338
3.95934,3.36202,212.357
6.10221,4.70192,1107.09
4.66729,4.6125,447.129
3.19051,3.10655,113.218
4.69735,3.92204,400.272
2.61589,4.41293,166.634
2.72597,3.96224,136.518
3.77996,3.70713,207.07
5.389,1.88654,561.296
4.65818,3.81595,382.231
3.08778,5.65196,328.628
4.79115,4.83842,503.916
2.45845,4.72238,191.132
2.68572,3.39962,99.8296
3.56463,1.36424,102.213
2.34032,4.35894,152.741
5.67904,2.9041,731.09
3.52148,4.01027,195.461
4.97471,4.10505,495.949
4.07295,2.75761,202.83
4.25855,5.52442,456.014
3.80289,3.37933,189.893
2.7747,4.89519,220.692
4.14277,2.27718,200.753
4.2562,2.22297,219.653
3.94187,2.9161,189.656
3.34987,3.94777,174.777
5.32153,5.13435,723.952
3.51225,3.87722,185.808
3.47297,5.78403,379.506
4.8261,4.82658,512.744
3.13197,4.5695,207.539
3.91726,4.82048,315.233
4.86382,3.52017,423.105
3.73371,3.29616,177.988
4.92898,4.04269,478.448
3.16657,4.65122,218.17
3.54051,3.90769,191.687
4.05506,3.28825,223.526
4.84906,4.00713,450.494
4.92826,4.31224,498.263
5.45342,4.08055,685.935
5.21508,2.20919,494.325
3.09242,3.70239,139.962
3.55686,4.3782,228.52
4.90429,4.05473,469.86
4.66618,1.96432,308.634
4.88527,4.30792,484.886
4.3641,4.73529,386.949
2.26884,4.02934,125.808
3.8782,4.17779,251.337
4.09045,4.34232,298.021
2.64625,4.57723,183.186
4.77065,2.07937,341.602
3.76513,3.17249,175.693
4.85164,2.85817,388.638
2.7542,3.59303,112.49
4.84734,4.04622,452.339
4.31687,3.21999,268.523
4.51243,4.05453,361.388
5.04705,6.30394,787.662
3.994,3.31559,213.512
4.59159,5.0443,473.214
5.06918,3.64119,498.359
6.32961,3.93442,1210.96
3.58684,3.71099,183.279
4.96718,2.73208,421.977
4.32418,4.61417,367.181
4.42869,5.04962,435.37
3.6673,3.23258,166.231
3.29983,3.37133,134.657
4.51921,4.60444,408.95
3.55109,3.61353,172.371
3.01865,4.54873,198.611
3.42914,2.75115,119.811
4.07665,2.87307,208.241
3.28164,5.11932,277.565
1.88258,5.31613,243.311
4.69152,5.91606,612.109
2.90413,3.08849,96.2273
4.89829,2.06754,379.309
3.19832,4.17077,180.333
4.00831,2.68355,190.447
4.8042,4.08311,442.562
3.26467,4.49229,210.571
4.17508,3.60828,261.884
4.44198,2.98056,284.788
5.22442,3.5278,549.234
2.88319,5.1061,248.242
2.79282,5.49086,291.312
5.45984,4.77617,750.849
3.87274,4.48055,275.823
4.42585,3.00705,281.452
3.66751,3.96908,208.123
4.38902,4.79381,397.199
5.2362,5.10373,687.435
3.73388,4.15911,231.775
2.99036,5.90178,361.576
4.06983,4.23999,287.548
3.98359,4.65313,310.162
4.19178,3.77352,274.056
4.95891,3.36091,446.131
3.65353,4.83339,281.484
3.41644,3.58661,157.486
5.05322,3.66777,495.68
3.43044,3.61834,159.826
4.06601,3.23397,221.556
2.57935,5.46934,279.748
5.65595,5.75393,966.493
4.35091,4.35794,349.115
4.02977,3.79694,246.671
4.74098,2.06478,332.643
4.03357,5.02965,354.975
2.05935,2.35406,41.189
3.47946,3.8723,181.71
3.63,2.24909,125.221
1.96246,3.41855,83.5294
3.30892,3.36429,133.986
3.39154,2.30754,103.96
4.66255,5.99101,617.117
4.13759,3.78903,264.834
3.40554,3.863,175.176
2.88685,5.40765,283.972
3.14873,2.17548,80.8789
3.5698,3.30153,158.487
4.16884,3.73242,269.089
4.30045,4.52448,353.603
3.98293,3.52507,224.874
4.95163,4.51302,522.321
3.9195,4.57137,291.269
1.60585,4.33478,140.46
3.00082,3.91295,147.812
4.76749,3.88798,416.581
3.77714,4.69196,281.405
1.83072,2.51052,42.045
4.28518,4.15059,320.481
2.97454,3.79639,137.504
2.93959,4.29638,170.605
4.00727,3.07058,204.62
4.59529,1.51713,282.456
2.75973,4.05152,144.54
3.65433,4.81822,281.169
2.97642,3.9836,151.118
3.83542,3.16624,185.946
3.60236,4.5662,249.964
3.31178,3.8117,162.757
3.32601,4.0035,177.447
2.98116,2.6761,84.1935
3.25042,4.57714,218.39
5.94486,3.33026,903.918
4.1223,3.70775,257.111
5.06846,3.49555,488.998
4.60601,5.41516,518.872
4.81331,4.35025,468.363
2.98991,3.36719,114.14
4.59251,4.2696,397.984
3.71508,1.39983,120.799
3.88374,4.20004,254.848
5.04635,4.84703,588.864
4.71586,3.06763,358.733
4.1252,4.44029,311.212
5.47466,3.65069,666.194
2.85804,4.85352,219.504
5.60172,5.00662,841.732
3.64951,3.86723,197.153
4.73632,2.72193,349.691
2.90598,3.24801,102.695
4.60592,5.12174,483.75
3.83705,6.38359,519.549
4.82201,3.38978,403.869
2.66511,3.65142,116.13
5.96644,5.37789,1092.14
3.56036,4.31816,225.172
4.1403,2.05471,194.68
3.62214,2.65856,137.372
4.19061,4.15468,302.702
3.97245,3.24065,206.764
3.8249,2.65324,162.406
2.9426,5.15399,257.029
5.9147,4.16447,938.766
4.76142,4.57264,469.657
3.68002,3.20304,166.206
2.23757,3.49139,88.6256
4.60178,4.40063,411.076
4.19768,5.25732,410.996
4.93006,4.42307,508.63
3.17687,4.87968,242.516
4.5527,3.62956,342.172
4.28655,4.70049,366.62
4.15707,5.95625,501.011
4.7445,4.31905,444.04
4.06147,3.99538,267.726
5.69149,5.5555,956.223
3.27667,2.84164,110.137
3.02469,3.63303,129.929
4.96982,4.04864,491.46
2.03553,3.08698,66.548
5.26319,2.80454,532.532
2.66704,4.10544,144.311
2.74506,3.90507,133.087
4.14116,3.08953,229.412
4.11352,4.0314,275.888
3.85824,4.39898,267.705
3.61448,6.16954,454.483
4.1704,3.35873,245.318
3.83471,4.9423,317.649
4.46585,3.88487,337.86
5.77318,3.3225,800.863
3.62066,5.41701,344.515
5.7448,2.9952,772.623
4.20482,4.55421,337.704
4.06986,2.56956,197.195
3.5999,2.04118,117.575
5.37663,5.97945,864.736
3.94846,5.05777,345.42
3.94213,4.67618,302.702
1.87392,3.433,80.169
3.81856,4.65363,283.759
4.58076,3.65347,350.875
3.69197,3.3257,174.112
3.41212,2.02652,97.8253
6.08086,4.5692,1081.99
3.56281,4.68148,256.486
5.00277,2.01484,411.227
4.42598,3.7821,323.324
4.23101,3.55277,268.842
1.76125,4.29562,136.08
5.19026,5.84078,766.352
4.32106,6.25586,578.856
3.70463,3.48809,184.251
2.02802,3.47317,85.34
3.45821,3.7753,173.086
3.65359,3.35735,171.052
3.5794,3.58926,175.097
4.40277,1.86291,241.432
2.73249,3.17867,90.1572
3.66431,3.56894,182.967
4.77848,3.34266,387.407
2.67907,4.67288,192.275
6.09853,5.26897,1167.66
4.65676,1.27227,294.775
3.94733,2.7309,182.954
2.19831,4.3369,145.776
5.13517,3.80523,532.29
3.56645,5.48105,348.247
5.18682,5.62764,733.304
3.7966,3.91166,222.05
3.41344,3.52893,153.9
3.57153,4.15551,212.494
5.55642,5.00128,818.798
3.12086,5.90132,367.729
4.32415,3.8632,305.669
4.58891,2.90074,315.996
4.17865,5.76874,474.793
4.51102,3.49838,325.035
2.82908,3.48151,111.358
4.03842,3.78794,248.87
3.43522,5.28298,310.038
3.56021,3.65038,175.937
4.91694,2.09657,387.035
5.09762,3.38237,492.999
4.63858,4.03618,392.782
4.63998,4.36579,418.165
5.26816,2.76357,533.988
4.55565,3.2514,321.764
6.05746,4.13629,1028.9
4.23038,3.64833,277.11
4.61942,4.89669,460.911
3.01911,2.43541,77.6596
2.15871,4.7978,188.943
3.6661,2.42329,134.397
5.46274,4.63186,736.387
4.27406,1.84461,215.592
3.99392,4.64699,309.921
4.10643,5.37839,409.502
3.83706,4.08231,238.625
2.8608,2.74193,80.0467
3.51383,4.09126,200.794
3.9049,3.14489,193.558
4.52261,4.93806,442.409
5.17629,5.26865,682.529
3.26658,3.9691,169.018
4.32506,3.53529,285.649
5.53014,5.87502,918.49
3.33482,4.99878,266.778
4.48485,4.5666,397.521
4.95006,4.82706,554.616
3.03984,4.92994,238.265
3.01148,4.57072,199.364
4.25298,2.52639,228.257
4.34475,3.21959,275.118
4.86968,3.33756,417.815
3.60334,4.14125,213.319
4.86288,2.42683,378.419
4.77515,5.53125,581.048
4.15785,3.73092,264.986
2.24144,4.7489,186.836
4.08047,3.83152,260.007
3.67168,2.98725,154.909
4.36648,2.79645,261.546
3.74734,3.81347,208.991
4.30857,1.19357,213.888
2.81597,4.31969,168.642
5.22012,2.954,521.751
4.66705,2.15249,313.055
4.73965,3.22074,372.099
4.24272,2.84514,238.572
3.31617,2.41044,97.9323
2.18163,3.06615,67.3807
2.96061,2.30386,71.0817
4.57792,4.54626,418.813
4.52298,2.9626,302.755
3.15811,3.12536,112.598
2.60047,1.51196,38.1884
3.34357,2.73181,112.048
4.48071,2.39536,272.065
1.89003,4.22879,131.888
2.55897,3.90723,125.777
3.84098,5.53497,388.858
3.73133,4.43375,253.271
2.11805,3.03376,63.8765
5.17832,5.28,687.501
4.34387,4.53417,363.482
4.17021,4.82556,355.975
4.64139,4.99212,478.042
3.55702,3.98789,198.507
4.34223,4.33609,345.168
4.65509,3.51523,365.258
2.45351,3.44949,95.1614
2.953,5.02724,242.977
2.36553,4.03002,127.45
5.27477,2.04022,515.104
6.14567,4.35358,1108
4.66143,4.06844,399.129
2.18727,3.15789,74.4757
5.01233,2.87895,441.041
3.20941,4.70711,226.655
3.62774,4.63655,259.65
5.15955,4.2311,573.089
4.68122,3.70937,381.176
3.50813,1.42708,97.4547
4.60561,2.20255,298.742
5.94767,3.96608,943.785
4.62116,4.61867,437.187
4.38383,3.9982,328.441
2.95189,4.46662,187.758
4.64262,3.464,357.119
5.96662,3.22862,913.104
4.56797,4.32832,395.73
3.68069,6.10358,450.231
3.15619,3.65877,139.8
3.79104,2.47312,151.344
3.06019,3.95717,156.972
2.54612,3.17337,82.3887
3.24068,3.22824,123.728
5.43748,3.14887,622.219
5.10794,3.60935,511.443
3.9704,3.4004,216.16
4.91661,4.11615,479.742
4.42451,4.37107,365.887
2.67728,4.15638,146.855
4.37614,4.09482,333.569
3.13238,4.24595,180.634
4.82454,2.85135,379.397
3.9724,3.47759,218.408
4.50631,4.02721,358.341
4.42462,4.30969,361.286
4.90929,4.47809,505.886
5.10933,4.67909,594.433
4.28506,3.30124,265.057
2.66232,3.89986,127.938
4.75346,5.02716,515.398
1.84222,2.06775,30.3382
4.70459,3.838,396.598
4.62182,4.83658,458.912
5.21219,4.02172,578.678
4.75196,4.53538,463.948
1.15673,4.88185,186.535
4.93081,2.74553,408.992
3.06123,4.07172,160.295
3.55793,3.634,174.74
4.62401,4.04876,389.221
3.02656,4.12915,163.873
5.14387,2.33778,469.353
5.27665,4.27886,623.173
2.62426,4.71562,193.989
3.9229,2.41513,167.636
4.21953,3.76672,279.818
4.22373,4.3893,326.198
4.27475,4.75597,369.926
5.72758,5.50014,968.218
3.92736,4.83464,318.609
3.10917,3.16441,111.494
4.67603,4.15051,411.019
3.40608,5.21714,298.593
4.16348,5.14646,388.911
2.99191,3.4785,121.148
4.3527,5.32303,450.107
4.57633,3.19172,325.605
4.57547,3.44485,337.534
2.25778,3.65743,100.61
3.14429,3.48258,128.258
3.92312,3.36847,207.192
4.29352,4.92613,392.497
5.03924,4.46496,549.288
4.21207,4.02291,293.001
4.04947,1.68433,172.064
3.35679,4.08551,185.453
5.63199,2.9408,708.335
2.91138,4.00304,147.949
5.48767,3.28824,652.9
4.45933,2.69206,279.31
3.99718,3.92539,251.451
2.29554,4.36096,153.314
3.92038,1.82507,154.98
4.47709,3.00988,293.833
3.53894,3.88586,188.935
2.29249,3.91073,117.579
6.00675,4.17133,998.972
3.47423,4.20401,207.057
3.42975,3.90119,178.485
4.87741,3.57001,430.65
4.54497,6.26512,630.963
3.49812,4.37411,222.273
5.52872,3.34286,674.77
5.48147,3.83685,682.222
3.81979,3.17485,181.039
2.85511,4.08266,151.731
4.07322,4.54993,314.961
3.68736,5.12717,316.453
3.86659,2.67624,167.662
2.27944,2.75312,57.8594
5.43477,2.73161,605.497
4.15243,5.43655,424.168
4.3113,4.07546,320.04
4.33529,5.6191,484.229
3.02101,3.83664,142.385
3.5422,3.03204,142.058
3.31534,5.36527,309.778
4.88467,4.35825,490.076
3.90935,5.31974,370.085
3.59538,3.44994,168.341
5.60026,4.78255,819.242
2.46594,3.79165,115.192
3.84074,3.60269,208.367
3.75908,3.37974,184.573
2.32641,5.00819,215.157
3.3042,4.09851,182.338
2.82126,1.67078,50.0676
1.60874,3.72176,93.959
4.13258,4.42699,312.314
3.21897,4.87605,246.994
5.69793,4.48199,840.292
5.65947,3.11845,730.519
4.09053,5.12887,374.705
2.3359,3.83338,113.803
2.68932,4.61036,186.167
3.19514,3.12668,118.745
4.39532,4.13123,341.201
5.51933,4.13701,722.831
4.42611,3.2131,291.225
3.55831,5.85519,398.458
3.50782,2.51701,120.69
2.79048,4.19774,154.855
3.37596,3.1618,130.761
3.24606,2.69089,101.689
2.02768,4.49035,156.236
3.95129,2.65207,179.279
5.08139,4.13867,535.433
4.30122,2.52211,236.726
3.77232,3.03647,168.665
2.842,4.93081,228.017
2.9139,3.77787,131.802
2.79289,5.45498,286.001
5.02686,4.65069,561.504
3.77479,1.89947,136.473
4.96017,3.4804,451.615
5.79354,5.40953,992.728
5.55262,4.42941,760.625
4.62482,5.98899,607.824
4.49493,4.11645,361.482
1.41279,3.45384,75.7677
4.88428,3.62916,437.115
5.8494,5.8184,1081.88
5.83327,3.665,855.703
3.2647,4.05089,174.848
6.86761,3.41617,1669.1
4.47725,2.88534,290.272
3.92481,3.06609,192.987
3.72232,3.58693,192.256
3.83151,4.93461,315.732
3.31599,2.97288,120.015
5.99657,4.91321,1058.64
3.44949,3.94612,184.444
3.31335,4.21289,191.134
2.96364,5.0807,252.092
3.2068,5.07291,265.728
2.99773,6.0147,376.879
4.97843,5.81119,684.195
3.48068,3.02306,135.946
4.80273,3.37456,397.557
2.91086,3.29887,105.551
2.9573,6.38487,437.33
4.19849,4.77577,358.041
4.17263,6.0815,519.464
5.6944,4.1381,811.197
4.32267,3.22084,269.815
5.73505,3.94771,818.657
3.77478,2.71771,158.119
4.37543,3.20848,279.741
4.4921,4.70433,411.984
4.45907,4.63463,396.796
3.66023,3.14412,161.112
3.39394,3.44686,147.942
2.76914,2.44366,64.2388
4.64897,5.74418,575.318
4.31407,4.23347,333.747
4.61764,4.0605,386.281
5.30055,5.8298,806.726
2.60359,5.52953,287.678
2.79072,4.41675,174.944
4.29932,3.60544,286.114
4.86789,4.95632,541.24
3.27396,4.46251,209.163
3.62606,3.29938,164.679
3.18966,2.82591,102.768
2.51095,4.1092,140.811
3.71348,3.58813,190.955
3.89052,2.52993,168.55
4.33145,3.17965,268.541
6.60718,4.99831,1539.23
2.82013,0.968804,41.5844
2.36317,4.53392,169.14
5.69417,2.9603,743.336
5.14474,3.10278,499.136
3.72332,4.37897,249.739
4.79935,4.68039,493.227
3.16126,4.49985,203.647
5.60319,4.96762,837.923
4.34643,4.66921,377.077
2.63617,4.0184,134.732
4.19099,3.74452,272.591
4.391,5.41409,469.361
2.77096,4.03633,143.681
3.12262,3.70528,140.671
5.55287,5.4697,872.445
4.60212,4.05575,385.374
4.06421,1.74096,176.249
4.89557,4.23649,483.247
3.7277,3.5712,189.472
5.78,2.83805,783.255
5.63046,2.38614,688.211
4.1401,4.18964,293.574
5.86707,3.00202,841.903
4.27414,5.1292,409.775
6.40328,3.38485,1236.71
5.16225,5.09761,659.768
4.84223,3.87678,439.326
3.29132,4.54966,218.925
3.80621,2.94438,169.618
3.66787,6.30846,484.85
5.2593,4.17989,608.626
4.45038,3.56033,315.025
2.4457,3.02605,74.2961
5.09263,3.22124,484.241
4.33684,4.50693,359.359
3.4916,4.60827,242.767
2.72972,4.35002,166.545
6.09296,6.11702,1282.56
4.95736,3.86124,474.005
3.1998,3.05842,113.101
4.15038,3.82932,271.331
3.53644,4.65772,252.722
5.65366,4.9068,858.675
3.12467,4.57598,208.504
3.39447,4.04141,185.778
1.86425,3.08733,63.5381
3.21929,4.4202,200.716
2.20652,4.3351,147.271
5.04837,2.31854,434.73
5.03099,4.76194,574.006
4.58938,4.35618,403.595
2.82622,4.58741,193.343
3.00349,3.93677,149.697
3.02808,2.65113,85.4074
2.82939,4.26801,164.536
5.61429,4.46045,793.42
2.88949,4.14451,156.94
2.79654,3.94328,137.46
4.43576,4.01769,340.87
4.56257,3.17061,322.998
3.44954,3.5348,158.831
2.82437,3.96462,140.413
2.98824,2.99939,97.3596
3.41796,5.00521,275.782
2.74025,5.24649,256.399
2.62923,4.40698,166.403
4.45519,6.29665,613.364
3.12501,3.81862,148.499
3.10535,3.42154,124.532
4.12991,2.43878,202.177
2.8248,2.265,62.5365
5.20018,6.47182,873.124
2.64626,3.83613,124.069
4.9833,4.35834,521.109
3.80514,3.97619,225.15
2.50408,4.85105,203.164
4.18983,4.97081,376.737
5.05727,4.09804,524.714
5.72334,2.47263,738.735
3.14476,2.61322,91.1549
4.03252,3.27512,218.593
4.8592,1.95016,362.98
4.07233,2.39069,192.413
4.88153,2.75373,392.798
3.11488,4.84237,235.175
2.71903,2.95652,80.906
4.15286,5.83777,479.899
4.61768,5.84871,582.542
1.83194,4.26891,137.28
4.42495,3.17059,288.351
3.43957,3.1564,136.924
3.58401,4.45022,239.659
2.88773,3.5696,118.682
3.85015,3.66388,210.874
2.96393,4.48431,190.266
4.23776,0.990799,196.973
3.60595,4.22886,220.676
3.67151,5.11099,314.193
6.7769,4.74316,1675.01
3.52615,4.39043,226.823
4.94149,3.91285,472.638
5.5562,4.10547,736.62
4.18041,4.13717,298.644
2.94143,2.65264,78.7369
3.71456,3.74045,199.129
2.40265,4.66553,182.408
3.76243,3.21373,174.505
3.87503,5.14597,343.659
3.54069,3.66021,173.294
1.2043,4.96177,196.369
2.893,4.80392,216.136
3.35155,3.35559,140.181
2.6822,3.43415,101.76
2.40541,5.48136,275.799
2.68362,5.19023,248.481
3.6698,3.36133,172.735
4.79202,2.92911,373.795
3.43228,4.12716,193.889
3.70689,3.31562,174.435
2.84742,2.85049,82.8743
4.87206,4.40811,489.114
4.11148,4.46201,311.523
2.8489,3.78147,130.996
4.26756,3.83594,293.627
2.60848,3.79204,118.206
2.76704,3.56643,113.033
2.95284,4.71083,210.276
3.34352,2.24416,96.3096
4.61037,4.03545,385.06
3.55572,4.03127,202.037
5.06224,4.39748,550.999
6.63537,4.11885,1485.55
5.1036,4.13011,544.456
4.5142,4.59095,406.25
3.91816,4.71269,303.952
3.09376,4.12303,168.501
4.24546,4.15475,312.822
4.73984,3.78231,401.816
3.83808,4.08228,240.176
4.22737,2.83833,231.388
6.54465,2.08856,1309.29
3.98092,3.96288,251.097
3.91079,3.87412,233.725
2.40452,3.3703,86.9395
3.88727,3.98681,239.681
3.19994,3.42098,133.445
3.3878,2.78552,115.756
4.16635,4.29409,306.052
6.08404,4.25751,1056.34
3.15628,4.98027,251.758
3.33151,5.54807,335.114
2.9138,3.92852,143.193
3.67407,2.24804,132.286
5.97015,4.80427,1032
2.02805,4.37521,148.155
3.91941,3.96758,241.421
4.52217,5.26443,480.443
3.80271,3.4861,196.924
5.62241,4.43318,796.402
4.38223,5.47027,475.559
5.00513,2.70412,431.05
4.24201,4.43605,335.412
2.12763,3.49423,87.6572
3.57298,3.84095,189.182
3.42667,4.09955,193.66
3.20526,4.43236,200.616
5.45347,1.78995,588.794
3.47905,3.89135,186.606
4.98884,1.64311,399.228
4.73186,2.53531,341.057
5.53509,3.83312,707.558
6.13247,5.56726,1227.32
5.54969,3.19985,679.904
3.4637,4.68777,247.417
3.82937,3.08416,179.904
4.19078,4.56226,336.712
3.46188,3.63877,163.243
2.36746,4.63377,178.542
3.35808,4.67212,234.216
3.71299,4.90734,294.959
3.19588,3.11827,115.397
2.33251,4.35174,154.174
5.95022,4.17624,966.23
2.81839,3.73702,125.861
5.1924,3.89137,561.407
2.71509,3.67202,117.914
3.14101,3.72548,142.236
3.97701,3.8925,245.815
5.5357,4.72314,779.502
3.59357,4.28087,224.839
3.05511,2.78037,90.5739
4.76338,0.968314,323.463
2.90318,5.16318,256.85
4.12313,4.51092,320.302
4.82166,4.05185,444.741
2.32601,3.88346,117.062
4.77342,4.51079,468.552
2.94192,3.95779,146.016
4.50045,5.9196,565.906
4.7476,4.33833,445.235
4.23565,2.85331,237.417
2.2258,2.9523,64.2966
3.78856,5.11683,330.179
4.67689,3.46932,365.655
1.19037,2.93884,51.2587
2.93228,3.29807,107.517
5.11424,3.13588,486.41
4.44026,5.06215,438.896
4.67897,3.55438,371.8
4.77168,3.40597,388.022
3.68669,4.25228,232.157
5.01289,2.98046,444.742
4.61166,3.53417,353.222
5.19339,3.6895,548.032
4.79864,4.77205,500.501
4.14835,4.32205,305.386
3.8121,2.37046,152.932
4.10621,5.84958,472.645
2.85968,5.27782,268.083
4.30645,4.15484,324.605
3.21796,2.47724,93.1964
4.6347,3.05284,332.996
3.65393,3.70952,189.162
4.95971,1.49141,388.425
3.02283,5.11008,256.1
4.93488,4.15181,487.736
3.77314,2.55129,152.777
4.5803,3.25081,330.376
4.36382,3.46581,291.988
3.72967,3.031,166.036
2.46519,5.34319,261.189
5.92514,3.68315,912.429
2.65799,3.02478,80.2173
5.17614,3.24949,516.34
3.472,3.24719,145.622
3.80454,5.21133,343.856
3.08976,3.73442,140.248
4.61087,2.90438,322.06
3.76627,2.27762,142.372
4.07676,4.50952,311.975
