3
3.7177,4.78545,248.529
4.78431,3.8788,144.091
3.92487,3.48195,106.732
5.97593,4.52163,221.389
4.66195,3.08292,82.7024
4.38073,5.36083,346.406
4.68319,3.38172,103.92
4.67974,5.86887,453.748
4.35868,4.58472,223.953
5.231,3.49962,112.908
5.00424,4.56136,223.731
2.01909,2.82123,59.0189
5.18574,2.78363,70.5783
5.12044,2.81047,69.9728
3.41042,2.42721,47.0558
4.33116,3.70977,127.661
1.8228,4.72003,232.679
1.45511,3.97385,144.653
2.47406,3.8321,133.29
3.441,4.12583,163.676
4.7836,4.3785,199.75
2.99669,4.09073,160.189
5.3514,4.58166,227.649
3.681,3.04304,77.0664
2.83304,2.54925,50.117
4.42349,4.03997,159.83
3.32676,3.34259,94.8009
4.514,3.97169,152.399
2.28138,3.69064,120.446
2.79522,3.97476,145.925
3.17594,2.97388,70.0165
5.18026,3.45986,110.44
3.55832,3.47145,104.205
3.74365,6.30058,554.066
4.84285,5.56727,388.065
3.87926,4.07613,159.427
3.94573,3.3871,99.5395
4.58633,2.73649,63.1983
3.36967,3.34612,92.6804
4.26615,2.07548,37.0158
4.18297,3.04165,79.862
4.63873,3.33322,98.8497
3.69769,3.63444,118.686
3.71862,4.72867,241.625
2.46696,2.55593,48.9269
4.35228,4.07731,164.009
6.37484,3.20354,96.624
3.29539,2.96471,72.8533
4.18717,3.54393,112.74
4.34726,5.04295,292.551
3.28622,4.58829,217.857
3.99695,1.25625,20.174
4.73898,3.60984,119.493
4.29901,3.9546,149.941
4.85211,4.54981,221.581
4.61445,4.52061,216.498
4.83541,4.07849,164.785
2.50093,3.82405,132.728
3.67607,4.14224,165.335
2.17118,3.68912,118.595
5.47387,5.68059,414.235
4.11222,4.68227,236.751
4.14051,4.22079,177.524
4.56873,4.10818,165.644
3.07768,5.09955,296.559
3.88037,4.40176,197.479
5.22607,3.52821,115.072
3.34426,3.61711,118
3.04479,4.30509,182.121
1.79532,3.29061,88.3883
3.73801,4.23975,177.895
5.83099,3.68165,131.48
5.00131,3.5829,119.826
4.52708,3.36926,101.892
5.28081,6.16007,524.209
3.99586,2.24489,41.3709
5.64396,3.88281,146.775
2.89239,4.13354,165.495
3.38897,3.18735,86.7088
4.01838,2.17451,39.2404
5.23977,3.75707,135.118
3.41098,3.33124,95.2519
3.82807,3.15169,85.2024
4.10367,4.81077,253.044
3.527,1.84617,28.2255
4.99625,5.21198,322.984
3.8057,4.40758,198.73
2.98921,2.75427,59.4045
2.57273,4.14701,163.387
2.55599,5.61421,389.617
4.13856,4.15184,169.597
2.4303,3.44911,101.316
2.63066,4.81444,250.509
3.65828,2.8191,63.8588
3.37542,4.96667,274.51
3.78308,4.83895,256.45
3.89586,2.41992,46.6754
4.16306,4.14069,168.212
4.50891,4.55061,218.123
5.59003,5.70871,419.493
3.63869,3.99229,151.669
4.64078,3.31075,96.674
4.36705,5.06819,293.21
3.23499,4.67621,230.838
3.2828,2.52849,50.8805
3.91929,4.65177,230.464
3.64681,4.50177,209.169
6.19866,3.93605,157.324
4.11521,4.04232,158.663
1.63322,3.70716,120.314
3.09126,3.82024,131.794
1.95182,3.25975,85.6598
4.16082,4.56961,219.709
5.31236,5.12609,310.189
3.22242,4.59696,220.617
3.14245,4.29333,182.528
4.35609,3.62844,120.103
4.3191,5.94232,469.582
3.1319,2.63224,53.8858
4.099,4.28567,186.254
4.29066,5.46372,366.409
5.24595,2.60868,62.4089
3.44282,3.07325,75.1189
4.44748,4.70251,239.807
3.41845,4.94144,271.441
3.84568,0.958474,17.5357
1.93687,3.22561,83.3849
4.63994,5.01021,288.099
3.6442,4.5432,215.971
3.72798,3.89771,142.81
5.18612,3.0172,79.0678
4.93145,3.37293,102.529
2.62346,2.10817,33.005
3.34015,2.35611,43.7303
4.25456,5.0822,296.781
1.60217,4.48597,204.534
4.6542,4.30503,189.234
5.77837,5.07637,301.022
3.60735,4.21334,176.453
3.88728,4.89687,268.002
4.5906,3.82657,139.603
4.536,4.40102,201.054
3.89934,4.55008,217.994
4.62959,4.76738,250.274
4.04222,4.418,198.852
4.25388,4.26939,182.762
3.20134,4.51814,209.553
5.54604,3.99952,158.522
4.16071,4.78354,250.849
3.38961,4.4423,200.946
3.89639,2.84219,65.7324
2.69976,5.29434,330.145
3.72421,2.80308,62.3875
5.114,4.08205,166.155
3.35216,4.00045,150.129
4.03546,3.99903,151.795
3.56142,3.63312,118.183
4.17981,2.9938,77.0798
3.99477,3.97032,149.815
3.76135,4.01856,156.862
3.28411,3.63449,116.725
4.79452,3.94756,150.663
3.80268,3.95232,148.846
5.07041,4.14019,170.926
4.45446,3.45229,108.197
3.20714,0.891677,13.2777
3.93894,3.38866,100.754
4.97648,3.08821,84.4402
5.03084,4.14372,173.202
3.37153,4.39508,196.015
2.71869,6.8138,697.787
3.82263,3.72942,126.296
5.37496,2.64709,62.8292
3.37487,5.44055,357.885
3.356,5.15856,308.308
4.36451,4.21781,177.457
3.52261,4.50759,208.665
5.16129,4.92817,276.772
3.36042,4.83978,256.858
4.25797,4.38928,198.121
2.97164,4.90448,264.799
4.54105,2.51631,54.6033
5.30556,5.10532,303.114
6.56084,4.59337,234.09
1.29132,3.92534,138.198
5.83806,4.5623,228.149
4.4502,3.93726,149.813
4.22956,3.55308,112.013
4.82466,4.46907,210.996
6.39201,5.6578,414.858
4.29632,4.73286,243.226
4.06734,1.46098,23.0831
4.92666,4.39675,201.355
4.69001,2.03538,38.1581
4.3223,3.3063,95.5164
2.09207,5.75871,418.794
3.14287,4.14447,166.888
3.4226,4.67537,232.778
3.8747,4.7355,242.579
4.04982,3.45244,106.081
4.19301,4.9912,283.728
6.57289,4.95461,285.906
3.27326,4.05565,155.705
4.1445,3.973,150.207
4.58204,4.38116,198.667
5.08354,4.12814,171.195
4.22828,3.439,103.84
3.05018,3.67931,121.437
5.14099,4.69358,242.282
2.59285,3.68636,120.767
1.7251,3.51745,106.094
2.96224,3.19509,83.5364
4.39586,4.10412,166.162
3.50529,3.67043,120.097
3.83399,3.93335,145.693
6.83205,3.54679,124.958
2.66758,3.38306,95.079
2.57876,5.55714,379.283
4.32086,3.938,147.439
5.51005,2.43462,55.0385
2.99583,5.19236,311.31
5.87747,5.02109,294.067
4.86712,4.38411,201.101
3.70688,3.21596,87.805
4.78638,4.00579,156.931
3.49825,4.71859,238.319
3.2331,4.40895,197.428
3.88974,4.77421,248.643
4.39418,2.57526,55.2023
3.79555,4.26958,182.376
1.35996,3.78894,124.599
3.31832,4.32157,184.989
4.47011,4.19323,176.024
4.59341,4.49485,211.511
3.11195,3.55734,111.332
4.80197,5.5913,393.295
4.17336,1.84674,29.7688
4.99628,4.06699,163.997
0.497207,3.60636,107.368
4.59008,4.07748,162.157
4.6759,3.9899,153.773
2.35703,3.67728,119.761
3.28278,3.89895,141.657
4.31049,3.39494,100.816
3.17187,2.68218,56.8711
4.33139,4.03564,157.15
4.36215,3.82183,136.483
4.4739,2.08991,39.1819
3.3375,4.24121,175.766
3.84581,4.01189,155.347
3.55199,4.14274,165.354
4.36265,3.46443,108.027
3.63809,2.98188,72.4971
2.65324,2.34846,40.8781
3.04132,3.96778,147.8
4.7382,4.02155,158.813
3.65014,5.19993,314.365
4.83714,3.91549,149.726
3.94542,1.82214,30.9724
4.86141,3.19793,90.7561
3.74013,4.26084,180.779
1.50591,3.37915,94.3186
3.69065,5.00057,281.564
4.30733,6.39771,580.793
4.34125,3.05124,80.5997
4.63178,3.67214,124.22
4.16314,5.56172,384.909
4.1658,3.35635,98.5832
4.30603,3.57854,116.057
3.5271,1.91942,30.4853
3.70226,3.75064,129.571
4.73373,6.01397,485.706
6.33342,6.00616,491.627
5.3315,1.97287,39.4517
4.76024,4.90467,272.295
3.68656,3.92603,145.852
3.6893,3.69547,122.271
3.11069,5.92877,459.744
5.76473,3.81637,141.992
4.01243,3.10992,81.9328
3.9348,4.06794,159.956
5.15193,5.21735,325.003
2.99404,4.44137,201.218
3.6955,5.08397,297.882
4.35095,4.42938,203.592
4.80605,4.54193,218.563
5.79937,6.06256,500.118
5.98583,4.92856,278.767
5.59123,4.59104,228.609
6.42208,4.12304,176.868
3.09035,5.77784,426.732
2.49449,3.01859,71.5493
4.94887,3.20638,90.289
4.74327,3.33596,100.06
2.89217,3.0073,72.8137
4.05149,2.16287,38.8283
4.47009,3.23987,92.1402
4.59763,5.04227,293.608
4.59136,4.23461,180.789
4.49273,1.49288,25.7258
4.67554,3.18943,89.7885
5.48054,3.61425,124.936
3.58018,2.57192,53.6394
2.72317,3.92367,140.281
3.43718,3.74924,127.185
4.08382,4.09011,162.66
4.34575,4.82559,258.127
1.86119,3.62941,111.526
6.19988,3.72522,133.883
2.03017,4.06092,152.952
3.08682,2.86991,63.8487
3.04947,3.32391,94.5791
3.05968,2.51574,47.9588
3.68246,3.39251,101.749
3.6982,4.88839,267
5.95708,3.22982,97.6867
4.48363,3.05198,78.2746
4.64234,5.17723,314.537
5.55019,2.97413,80.5952
3.28742,5.71451,413.723
4.37394,6.06001,495.748
4.42014,6.3505,568.843
2.68996,4.75319,240.521
4.14676,3.0836,81.4156
3.19859,2.80976,62.3516
2.92433,4.23389,173.688
5.01071,3.74885,132.374
5.06817,5.03348,293.529
3.87037,5.73562,419.215
3.24067,4.23899,178.166
3.37719,4.22595,175.832
3.35976,4.32278,187.697
5.94617,6.08289,508.234
4.42879,3.07624,81.05
3.87681,1.81246,30.4669
3.76115,3.854,139.01
4.4829,4.53739,217.157
3.66136,2.7654,61.9618
1.93294,4.97479,275.281
2.46271,4.08111,157.187
4.94066,4.75548,250.194
4.72019,3.85777,142.436
3.23269,3.11455,81.3066
6.14024,6.43413,598.005
2.03005,4.82292,249.1
4.71564,4.16494,171.736
4.55858,5.52257,378.65
4.80273,3.27642,95.1515
3.51409,5.06114,291.186
2.52484,4.32572,183.792
3.31605,3.49211,105.407
4.38321,3.86133,141.128
2.43906,2.65312,51.9454
3.63813,3.3376,95.6773
2.13167,3.33975,90.9533
4.45436,4.73874,242.664
3.94082,2.32836,43.5903
4.41738,6.22457,536.44
4.59419,4.39361,200.202
4.5537,2.80587,66.721
3.09373,5.62237,395.147
3.87879,4.62119,226.207
3.95689,3.92146,145.364
4.09139,3.18481,86.8377
3.53456,4.98763,277.765
4.93511,4.82757,259.61
3.23464,4.63229,225.893
3.19871,3.76066,127.624
4.41217,2.59954,56.9429
5.1645,3.88392,145.762
4.33041,5.90374,461.063
4.63648,3.08066,81.7361
4.54836,4.80172,254.27
3.51243,3.11625,79.4306
3.79965,5.58443,389.297
3.88292,5.98937,475.881
4.76434,4.09733,166.963
3.60943,4.51289,211.004
4.91455,4.29416,189.936
4.28616,5.46517,366.3
5.49472,2.36504,49.7003
3.74971,5.00809,281.309
3.90654,2.53629,53.3023
3.47772,5.48132,365.25
4.1123,4.1871,173.29
3.77848,3.07684,78.944
4.36218,3.48163,108.075
3.74373,3.63084,118.336
5.54611,2.72134,66.2644
5.19373,4.06102,164.344
2.81594,5.30036,329.035
4.68666,4.90077,270.247
5.59376,4.36718,200.646
5.0047,4.88452,268.807
5.04579,3.7868,137.416
4.60283,5.26038,330.002
3.05719,3.49446,105.195
4.21886,2.36163,47.9229
5.30712,3.94916,154.911
4.19978,4.34845,192.454
3.6829,3.82329,134.765
4.18104,4.10117,165.79
4.20803,4.37335,194.52
4.91482,3.71134,130.871
4.29987,3.38598,100.823
2.82464,2.88568,66.367
4.70554,6.90103,730.61
4.06566,3.32694,94.5513
3.63883,3.75833,130.105
2.94436,2.95495,70.7731
4.27321,3.7854,133.712
3.24055,5.27326,327.99
4.17174,3.27763,93.3939
2.67392,3.69244,118.772
5.5387,3.97283,156.77
5.17996,4.83309,262.894
0.722239,2.31945,36.759
2.78518,4.10501,159.944
3.08552,4.04479,155.345
3.36161,4.57226,219.241
5.16912,3.89666,148.847
3.29207,4.00228,151.377
2.79443,4.79409,247.634
4.80551,3.17496,88.1314
4.33434,2.844,69.0675
2.33543,2.21933,36.5801
4.567,3.2827,95.7278
3.60299,2.96091,72.6173
3.36138,2.85098,63.7923
3.26595,4.44689,201.395
4.71301,4.0715,162.381
3.58201,4.98708,278.759
3.635,3.31395,94.3504
5.31919,4.64925,235.317
3.60432,3.65326,119.685
3.46123,3.49866,106.258
4.51433,2.65644,60.7391
3.68491,4.40191,195.975
5.72951,2.50377,58.6724
3.19439,5.74412,420.075
5.97677,5.20287,324.919
4.42424,5.28791,333.872
3.96776,4.27823,183.176
4.74326,1.66093,28.1993
3.47163,4.42413,200.175
3.07029,4.91949,266.051
2.69039,3.62135,115.048
3.39845,5.21322,317.704
2.84588,3.78699,129.495
5.38553,3.25416,97.2762
4.09546,4.31128,187.575
2.0068,2.6611,51.6135
2.48116,1.97149,28.4374
2.35597,5.41757,349.937
3.76036,3.87899,140.318
4.10207,4.26107,180.559
5.35528,2.46139,54.907
2.89048,3.70803,122.436
5.64066,3.46972,114.681
2.54637,5.50033,366.621
2.51082,5.12267,297.099
4.18923,4.42064,202.146
6.09943,4.06677,169.415
4.51043,3.60106,118.991
3.81324,5.69887,411.582
4.58821,5.17849,317.063
2.92938,4.75715,243.576
2.65585,3.7808,128.862
3.8897,4.49688,209.901
2.45843,2.48612,46.9599
6.86688,2.62983,68.9866
3.98927,3.05222,78.5901
3.35523,5.47636,367.749
4.64251,5.29624,335.742
3.77248,3.50002,108.539
2.45316,3.40918,98.5722
5.08846,3.1431,88.3557
2.42368,4.49923,206.163
4.22145,2.94198,72.5336
3.3929,2.88502,68.8612
5.99067,4.05274,166.275
1.80155,1.07892,11.3101
2.57302,3.60593,113.163
5.04817,3.74325,131.88
4.7328,3.96616,152.115
4.0635,2.98871,76.4449
3.99076,4.7073,241.335
3.50764,3.42123,101.028
3.48047,4.45552,203.744
3.41616,4.24143,176.619
1.87344,5.38429,344.846
3.16967,5.11013,299.75
2.66456,4.76692,242.79
5.51975,5.01865,292.147
5.30027,3.79938,140.08
4.30664,3.78113,133.087
2.97531,5.33859,339.763
2.96851,3.27521,88.8032
3.47902,5.33087,339.632
5.45437,5.29069,337.777
3.94732,4.0541,157.493
2.54851,2.84793,63.1988
5.56934,3.27995,99.5276
4.45901,3.63943,122.866
4.56423,3.6839,125.334
4.33102,4.305,187.766
4.40043,2.97193,75.636
3.37676,2.87967,65.1672
3.05371,5.13873,303.408
3.50985,5.11857,299.716
4.34808,3.12643,84.9408
3.79776,4.47097,207.109
4.45194,2.65195,59.8273
2.89024,4.14187,166.162
3.66599,4.36664,192.309
3.58251,3.28758,92.4082
3.48097,5.38685,349.01
3.95955,3.74123,126.964
4.30082,4.41219,201.482
5.81361,4.09301,170.307
4.80284,4.21084,179.065
2.34442,2.45001,44.0592
3.83369,4.32294,188.653
4.22461,3.61384,118.87
3.48071,4.01475,153.604
4.27979,5.37808,349.867
2.47426,2.83429,60.6819
3.10914,5.45719,359.552
3.50568,4.1707,171.728
2.41426,5.20956,313.367
4.41734,5.78701,434.499
3.24449,4.09492,160.32
2.9613,1.53241,24.2997
4.7971,3.41253,107.161
3.42025,4.02637,154.061
4.34746,4.43004,204.525
3.42926,4.04795,155.98
4.6059,4.77936,253.064
2.901,4.774,242.529
3.47429,3.80244,134.489
3.59023,4.17001,169.105
3.60977,6.06013,493.988
5.62991,2.47104,56.2653
4.76069,4.54346,217.945
3.46186,2.42339,47.9451
4.75662,4.44133,206.999
3.12238,4.5127,208.473
3.50381,3.15948,81.7447
2.75869,3.207,85.0149
3.12122,3.9972,150.213
3.7828,5.1929,315.055
3.31476,3.68384,121.424
4.78602,3.36718,102.235
3.35119,2.35004,43.2122
3.05828,4.642,227.164
3.74419,3.93502,146.338
3.41902,4.51825,210.659
5.54908,4.97528,283.78
4.23904,7.34027,878.799
4.68819,5.2762,331.324
2.65623,3.6069,112.889
5.53165,5.6037,399.542
5.60854,4.33226,194.51
4.11663,5.91223,460.178
2.22214,4.31686,184.141
5.13313,2.74632,66.8345
2.9889,4.7712,244.66
4.23999,3.42032,100.743
3.75472,4.72593,240.714
3.66481,3.61854,116.965
3.32121,3.05834,77.1673
2.61441,4.28679,179.858
4.08462,4.18629,174.441
4.14848,3.7875,132.86
4.95825,3.88317,146.412
4.42481,4.83648,258.135
4.19241,3.51412,109.402
3.4633,5.0163,281.998
3.61578,3.85779,138.195
4.42421,3.61171,118.862
3.67486,3.14255,82.7871
4.58895,3.35087,98.2691
4.30816,3.5758,116.003
4.26551,3.58635,118.709
3.72019,2.44247,49.7879
2.97075,4.28004,179.998
5.28137,2.25734,47.1506
4.45413,3.55472,113.669
2.32185,2.75592,54.9447
5.35821,4.17888,177.188
5.7435,4.94395,281.331
2.78977,3.26003,87.9754
5.4933,4.68969,242.573
2.72528,3.89452,137.908
4.16155,3.30973,95.328
4.0838,3.47429,106.148
4.08883,4.33488,191.16
2.67905,4.22823,174.143
3.46299,5.83895,441.859
6.03305,3.59486,124.535
2.82856,3.70729,121.343
2.86009,3.44162,101.006
5.10902,4.64394,234.452
5.07045,4.40617,203.134
3.74813,3.56243,113.575
5.18316,2.97589,79.0252
4.44619,4.36016,194.372
3.88325,3.77157,130.888
3.22378,3.63278,116.027
3.82069,2.53636,51.475
5.03074,4.39739,201.452
2.97816,5.82233,436.897
4.12379,5.77694,430.378
2.93225,4.84545,255.63
4.60391,3.68196,125.546
5.50134,4.19651,181.017
5.15031,3.46881,112.73
3.91719,4.70868,236.847
3.30044,5.02455,285.148
3.71164,3.95597,148.7
5.21279,3.37591,102.751
4.73064,4.42804,203.687
3.91316,3.51157,108.263
3.47218,3.92675,142.807
4.20284,3.68302,125.226
4.1419,5.08864,298.599
2.42578,2.64502,52.2434
5.1591,3.87611,145.238
4.34925,2.86908,67.8622
5.16138,4.2515,185.2
3.49815,3.98495,149.123
4.03606,4.34264,191.481
5.48345,5.37138,354.623
5.81715,4.77727,254.855
3.83405,5.10571,300.372
6.11633,5.77404,438.832
4.26293,4.68317,235.773
3.585,3.61844,116.832
1.9216,6.22961,531.313
4.50597,6.44821,596.044
4.68353,5.73257,424.403
5.43841,4.63846,236.213
3.1386,4.62972,224.241
4.42625,3.54574,114.506
4.89363,4.59712,228.138
4.82819,5.64044,403.773
2.60164,5.207,313.07
4.88165,4.31146,191.531
4.12282,3.42179,103.178
2.82029,4.31787,184.139
2.94744,3.55759,109.155
3.91284,5.00252,282.388
2.39063,4.88196,260.001
3.82508,5.15222,309.609
3.57529,4.4816,207.302
1.87956,3.53468,106.259
4.00116,2.87536,67.0566
2.9245,3.81057,132.037
4.11029,4.10351,162.228
3.61513,2.97646,74.228
5.17108,5.28156,334.181
4.2826,3.97586,152.108
5.02658,4.52251,218.896
4.62588,3.50011,110.946
3.52958,5.40851,353.299
4.99283,3.62407,122.664
4.24615,3.12822,82.9304
3.99133,4.09305,161.725
2.35216,4.29935,180.31
3.62945,4.42765,201.101
5.78158,2.33282,53.4859
3.30099,2.42561,45.6744
4.36329,3.26984,94.5604
4.84877,3.27691,94.7527
4.51053,5.64238,401.172
2.48782,6.14021,509.478
1.64382,2.85986,61.0727
5.28258,3.10401,85.1547
3.62268,4.73201,239.636
5.81203,4.93564,279.44
2.2283,4.91086,264.885
2.54427,4.93101,269.133
1.83217,4.85549,252.558
3.98196,2.17846,40.0793
3.27353,3.95176,146.79
4.93832,6.04654,497.176
3.6415,2.57626,52.1315
2.82405,3.50027,101.873
5.77472,3.68547,130.76
2.43687,4.95033,269.732
3.87236,1.73072,27.0229
3.29826,3.19431,84.9484
3.05908,4.42145,197.404
4.71706,4.93721,275.937
3.28938,3.73886,127.094
3.80827,1.90013,32.2177
3.74897,3.73114,127.762
5.28877,2.63972,60.4454
5.16725,4.31812,194.15
3.86959,2.73505,60.8986
5.03503,6.32523,564.582
5.14374,2.25196,47.1751
4.94993,3.85844,142.351
4.42513,3.91666,144.322
4.37649,2.78956,64.9394
2.3146,5.5573,379.099
3.32059,3.45478,103.398
4.29875,3.56702,114.39
4.16467,3.58457,117.685
2.76976,4.4885,205.061
5.12042,4.63453,231.736
5.96103,3.10673,88.4189
3.27123,3.20329,86.469
5.39137,3.74372,134.879
3.89066,4.31352,187.583
3.78742,3.25002,90.0754
3.14219,3.40465,98.7719
5.13059,4.08623,165.725
3.09296,4.69016,234.193
3.0303,4.09771,161.82
3.3489,4.98573,279
4.54842,2.95801,73.824
2.78666,2.37161,41.5381
4.37561,4.42191,202.043
2.01827,4.44586,198.248
5.42167,4.1442,173.215
5.00087,4.16303,175.731
2.5969,3.69955,120.528
3.60521,2.23825,39.8364
5.81729,3.78844,141.241
3.09964,4.13143,165.419
3.98155,5.5444,382.843
4.96918,2.38289,49.2917
5.0164,3.83299,142.217
4.50192,2.94034,74.6167
3.98793,4.44592,201.989
5.33958,4.5274,219.099
4.81122,3.58788,120.133
5.58659,3.78342,137.755
3.71436,4.99782,282.406
3.61725,5.88704,452.427
5.20234,3.79347,137.435
3.73677,4.20696,175.209
3.7167,2.59609,54.8666
2.34859,4.17817,168.051
5.61573,3.61623,124.141
4.76226,3.93494,149.455
3.37156,3.97542,147.762
5.15327,4.99976,288.554
5.30307,4.98553,284.879
3.80823,3.91959,145.798
4.76994,3.41222,104.101
2.2946,3.75763,125.155
4.30696,4.1733,174.522
3.7521,3.55031,112.209
4.62984,5.29196,336.408
5.44275,2.89998,73.9969
3.69527,3.89541,140.65
4.9587,2.94555,75.4615
3.63835,5.33449,341.139
3.25991,4.5661,214.106
3.58413,4.55075,217.734
4.71427,3.61512,121.204
5.34519,5.07745,301.451
4.44103,2.30257,43.4646
2.12867,4.10228,159.401
3.16668,4.80329,249.157
4.24693,4.36748,193.891
4.50124,1.67724,29.4347
4.88721,2.77007,65.6754
3.40526,3.52323,108.483
4.46126,4.35581,194.232
4.85919,3.64564,125.626
3.77804,5.1265,303.961
3.39024,4.36091,190.789
3.99453,2.65935,58.2767
3.33292,5.50029,369.592
5.18134,3.69021,130.195
4.39711,3.23847,88.7709
4.3468,3.18202,87.7083
3.46846,4.19837,171.369
5.75003,2.24029,47.2766
2.34343,5.00974,279.315
1.97551,4.79696,246.922
4.03043,5.06718,295.674
2.92017,2.93811,69.5328
5.0044,3.86219,144.032
2.78953,5.0584,288.804
4.9766,4.60183,228.975
5.00105,4.40846,201.519
3.43416,3.89693,139.946
6.78055,4.20729,188.127
4.52703,4.21397,180.223
2.80832,4.1331,163.996
4.95187,3.28151,97.0155
2.69206,3.7205,122.659
4.53343,4.3718,197.498
5.98741,3.82841,145.407
3.4735,5.2894,330.528
3.8453,4.57136,219.734
3.84841,1.70471,24.064
4.12818,2.87144,70.6404
4.66089,3.11311,84.9453
2.85745,4.21154,171.135
3.89017,5.38666,350.498
4.1326,3.09823,80.714
3.47583,4.40561,196.137
2.18777,4.75267,240.256
5.49663,3.34419,103.612
4.23274,4.52565,214.548
5.05151,3.3719,102.18
2.34397,4.42922,196.446
4.91113,6.59255,638.488
2.16715,3.92759,140.371
2.51744,2.81093,62.1204
2.07156,1.65019,22.8491
4.16505,4.47993,207.229
2.77886,3.97884,147.536
6.69565,2.66715,69.0374
2.96893,3.93531,142.89
5.48689,3.62979,126.209
3.61192,2.68658,58.7865
4.73622,4.84748,263.43
3.2563,4.4871,206.928
3.89328,2.93503,70.2712
3.42869,4.85077,256.847
3.42961,5.09657,298.141
3.55248,6.14412,515.127
5.21818,1.60754,30.1012
2.64892,2.84305,64.4521
4.15434,4.78508,251.081
2.85602,3.75382,127.92
3.62244,4.35652,191.39
3.57383,5.14405,305.69
3.36153,4.06775,159.552
3.9108,3.34261,96.0187
4.72247,4.13517,168.559
4.74566,5.83137,444.74
2.56626,3.75539,126.666
4.90454,3.56329,118.96
2.69523,5.45919,362.019
5.81517,2.86798,75.8865
4.91401,4.58001,224.712
4.53946,3.35284,100.783
2.78583,5.34842,338.534
3.43213,2.01399,33.1698
5.48938,3.51055,114.76
3.49183,4.92607,269.722
4.50243,4.03062,158.496
5.17389,5.33151,344.455
2.83805,3.76697,127.099
6.01342,2.7261,68.7274
4.62274,3.92957,150.396
4.12741,2.44358,49.0269
4.64782,5.78566,434.772
3.9826,6.57678,629.388
3.61218,3.01714,74.6672
2.54967,2.96305,67.9114
5.51165,4.1566,175.16
3.77077,3.61766,117.362
4.2544,3.6927,125.133
2.70129,4.37279,191.312
3.50248,2.90551,67.7894
3.52009,4.38799,196.181
1.38222,4.12098,159.878
5.52069,4.11396,170.211
5.19089,3.37649,102.819
3.84807,3.79263,132.823
4.79668,5.59352,395.327
4.5687,4.19832,175.26
4.95748,2.68569,62.504
3.26985,4.33566,187.56
4.20634,4.55253,219.049
4.71039,3.44451,107.592
3.8584,4.02673,158.67
3.64981,4.42466,200.577
4.51822,3.12238,84.8442
4.47007,3.91057,148.071
3.84569,2.83138,65.7215
3.81752,4.97822,277.593
4.7365,3.49041,110.33
5.51313,4.9742,285
4.47392,3.69587,127.246
3.69204,2.76948,62.5425
2.8186,3.82022,135.032
3.83658,2.72228,60.103
4.72853,4.11202,166.211
2.77345,4.31229,182.992
4.69211,4.07684,163.914
4.39806,3.89343,143.765
4.52122,3.86077,141.287
4.8147,5.14739,311.437
2.89249,3.42458,99.1221
3.09374,3.78571,131.476
3.62899,3.53045,109.953
3.76113,3.55996,111.374
4.95571,4.73135,246.422
6.54343,4.04803,166.117
2.63052,4.31476,184.275
5.00015,2.39784,51.3506
3.53006,4.65573,228.485
3.47108,4.01643,151.307
2.99246,2.64651,54.1385
3.9441,5.22086,320.716
3.41743,5.78407,428.202
5.51104,5.70918,422.078
4.44922,3.05174,79.5562
2.57183,4.30633,182.109
3.83426,4.22519,176.149
6.80713,3.82753,150.243
2.22177,4.00719,149.107
3.38046,3.46628,105.097
3.68252,4.18983,172.913
2.91416,3.35537,94.574
3.32579,4.17492,169.58
5.3795,2.64356,63.5593
5.43503,4.42583,208.265
5.14707,3.3198,99.8815
4.68087,6.24099,541.705
4.63603,3.04485,80.5099
3.52865,3.08327,78.0826
4.54111,2.67654,61.0104
3.2754,4.36701,191.775
3.05225,4.60805,222.393
4.14164,4.25445,181.132
5.02286,4.50746,214.986
3.81996,5.01561,285.566
4.70899,3.13567,84.198
3.87799,3.77464,130.894
3.53377,3.24472,89.1336
4.55669,5.67811,409.644
5.00241,4.38408,200.704
4.22233,3.50828,111.053
3.25899,3.47875,105.255
3.47561,3.99921,151.041
3.19163,4.81557,251.438
5.24815,4.52695,219.837
3.36292,5.05648,288.733
2.80088,3.19236,82.9063
3.35148,4.24655,178.498
3.8459,5.4565,364.256
4.55677,2.74636,62.8072
5.68977,4.64858,237.638
3.16559,3.52366,108.989
3.02266,3.80673,130.868
5.73225,5.4435,368.359
4.62233,4.14602,169.851
5.51508,5.30743,339.792
4.12533,3.9074,146.528
3.45896,4.4872,206.507
5.20788,4.29804,190.657
5.53313,3.54063,117.628
4.67248,2.21949,42.2946
4.38664,5.27141,329.846
3.75923,4.68952,234.847
4.53732,5.00771,287.964
4.57598,3.4051,102.11
2.41181,5.23485,318.531
3.86634,4.46935,207.172
4.28271,3.07393,80.0868
3.74428,2.79272,64.029
3.3712,4.33086,188.331
3.26287,4.58783,219.158
3.52079,3.34795,95.5979
4.55891,2.84178,68.075
3.78713,3.17224,83.195
4.09293,4.02401,154.174
3.87178,3.37557,99.359
3.84059,3.30951,94.6763
4.97313,3.5211,114.286
4.17778,3.04744,79.8921
4.47227,3.18676,87.4942
3.20276,2.93771,69.0098
4.42245,2.97979,74.478
5.65445,3.35188,104.047
4.63835,2.62472,58.8905
5.02647,3.15494,89.0823
4.89858,4.43464,204.218
3.59289,3.28892,91.3968
4.12373,4.12723,164.653
2.9471,4.581,218.141
4.6193,5.57227,390.079
1.67612,3.32639,89.0913
4.43468,4.54236,215.884
4.34911,4.19025,174.261
2.04353,3.97279,145.269
4.23976,2.4094,48.7859
3.03201,4.91264,267.055
2.58037,3.57312,109.054
3.75784,4.94685,272.612
4.21633,3.3768,99.3834
5.30954,4.9756,283.676
2.56319,2.33288,39.4389
4.49301,6.20378,531.856
4.75013,4.75639,250.845
1.53145,3.06141,71.1233
3.79104,4.27786,182.388
4.45357,5.0694,296.228
4.31088,5.14703,307.515
2.16884,3.04807,71.9507
