3
3.23557,4.55014,67.9554
4.39112,4.54489,72.1171
3.45822,4.93164,80.5251
3.97083,4.06258,57.3215
2.60548,3.17977,34.2416
4.72463,3.17745,45.2901
2.65507,2.51661,25.1896
3.13448,4.69909,72.0072
3.46869,3.91482,54.3666
6.26261,5.07688,101.785
3.25996,3.6645,46.8606
4.62427,4.37843,70.1303
3.19809,3.15369,35.0194
4.97758,3.73501,56.9932
3.01916,3.58613,44.6489
2.94631,5.07909,83.3111
4.23685,3.19605,40.1284
4.70527,3.06468,42.4566
3.54395,3.31067,38.7115
6.18569,4.72334,89.7621
5.20443,3.31724,48.8363
3.52221,4.50367,68.9866
5.76864,3.69668,60.8265
2.98897,4.55746,68.4638
4.70571,2.32079,30.7283
3.93544,2.29398,26.7234
3.53946,4.18881,59.3892
6.17187,3.07223,51.5478
3.62187,3.33623,41.4652
3.73598,2.65259,30.3106
5.53465,5.71967,119.558
4.71294,2.107,28.9479
4.5264,4.84857,83.7569
5.44251,3.85466,61.8201
4.45468,3.49823,47.0481
4.33223,3.40206,46.2974
4.11021,2.97462,38.8095
4.79003,2.54042,37.1094
4.73753,5.10655,94.0154
3.65604,2.9694,36.9079
2.07632,3.01901,33.0482
3.45913,5.35885,96.1778
4.43115,3.99748,61.05
3.01646,4.85426,75.2914
4.15212,4.20612,62.0998
2.64161,4.952,78.5272
4.24324,4.10386,58.9968
3.47961,3.57735,45.5
4.20754,2.73123,33.1116
4.49219,3.23292,42.1835
2.87004,3.96962,51.3342
4.5248,4.72009,80.2125
5.29854,3.11244,44.7326
4.81635,3.4862,49.4638
4.29937,5.26369,94.6354
3.30598,5.28504,91.3825
3.70496,4.79263,76.9938
3.19848,3.10968,35.6543
4.38606,3.83454,54.0925
4.78428,4.66006,78.9516
6.04539,3.69865,61.7594
4.54238,3.6226,48.9883
4.18091,4.62503,74.0624
3.92325,3.01391,36.2491
4.95073,4.27407,68.3272
4.13822,3.67752,50.9762
3.72742,4.19228,59.1384
4.88259,3.64337,53.0739
4.86876,3.85814,57.6573
3.8659,2.98873,36.8298
3.14883,4.49573,65.8122
2.60406,3.73933,45.151
4.21939,5.09906,90.1833
4.0054,3.41375,43.9884
3.30132,3.64724,45.2169
3.31391,2.95682,35.1749
4.45354,3.2193,41.5895
4.1044,3.78553,51.3539
4.33618,2.4559,29.535
4.92465,3.12651,44.077
4.73941,2.54497,35.5183
5.28562,5.03156,93.7368
3.66291,1.20111,17.1401
4.36051,3.39908,44.7123
3.94071,4.29128,64.3241
4.88496,0.762977,19.2388
4.28843,4.39299,68.8438
4.68101,4.24945,67.2542
5.14755,4.87587,87.5918
4.54911,5.41256,101.272
5.20189,3.18905,46.5253
4.17297,4.85003,83.31
4.25825,2.9814,39.0788
4.46462,6.62752,153.761
4.6349,4.19754,64.932
4.48898,3.2482,44.2279
4.49973,3.95459,59.0155
3.65684,4.35552,64.2399
3.65459,4.21495,59.696
2.44659,3.95375,49.0601
2.86677,3.48024,39.9426
3.42224,4.48118,67.601
4.18862,4.03707,57.8165
2.32285,4.45172,64.1078
4.79394,4.22787,66.1633
4.77577,3.33848,46.8104
4.73021,4.58045,75.2961
3.53307,4.1262,58.8963
4.23854,4.56262,72.06
3.63336,2.04054,24.5092
2.54878,3.3445,39.3697
3.51077,4.60151,70.8702
3.45983,4.26835,60.9511
4.44607,4.88802,83.211
5.16383,4.55301,78.4526
4.51673,3.92903,57.2913
3.60773,2.88513,32.6876
2.97255,1.52778,16.7526
4.98081,3.33065,47.8039
3.36134,3.69085,47.2342
4.37474,5.46343,103.168
4.33162,4.82072,81.1046
5.13838,2.24357,34.1644
4.60574,3.8326,57.0875
3.98846,3.72418,49.684
3.44729,5.66291,105.624
4.51378,2.45059,31.3767
2.64312,4.47702,63.177
5.26824,4.14841,66.1544
3.63163,2.10873,23.3296
4.78939,1.87924,26.6525
4.55524,5.01908,89.5472
4.98174,5.22286,96.9041
4.92225,3.85412,57.4443
4.68286,4.48076,71.7049
3.98173,4.40557,67.7575
4.14699,3.65733,48.6302
3.06494,3.62853,45.2943
3.97858,2.43309,28.8467
5.23217,4.21038,68.9527
4.94445,5.00056,88.0503
5.08872,2.32424,33.652
3.71584,4.55129,71.6753
5.15473,3.73304,57.3385
5.15773,3.17902,46.5139
3.46817,5.23142,90.5574
5.51627,4.47165,77.2556
3.78176,3.30053,41.3706
4.004,4.52976,69.7473
4.77598,4.25467,66.8027
2.52763,4.973,78.4446
4.67976,4.83877,83.9908
3.75275,2.8355,34.5804
1.0487,4.24914,55.0823
4.28037,5.46346,101.233
7.14969,3.12026,58.2903
3.34668,3.80809,51.066
2.70361,4.4754,63.776
3.54622,3.26191,38.2297
4.18802,5.42113,100.519
4.03406,4.03972,56.8248
2.64135,2.72925,28.145
4.32451,4.68308,76.2154
3.53887,4.65179,72.4322
3.7831,2.35199,25.2525
2.27803,3.56097,42.0965
2.98843,4.2867,58.2996
4.35772,3.96192,58.0136
4.28901,2.81358,36.4884
3.86835,3.97482,56.3491
3.5215,4.31049,61.8341
4.82234,2.98359,41.6038
3.48468,3.69918,48.4536
3.87081,4.69888,75.927
3.40814,4.29442,59.6673
3.80163,4.0282,55.3916
4.68149,3.31365,45.3809
1.20154,3.7041,41.222
2.84763,4.58037,68.1661
4.38978,4.3819,68.2448
4.88479,3.94265,60.8129
4.64537,5.56781,108.033
4.5825,4.68967,79.5968
5.03155,5.48636,108.055
4.42717,3.6257,49.9518
3.24884,3.79647,49.5147
1.47024,3.84344,44.8592
3.71193,4.28389,61.341
2.15011,4.51024,65.0767
5.21502,4.87454,87.6682
4.02561,2.53879,29.7785
4.52821,3.87809,57.2025
3.64244,4.58301,71.7187
4.15799,3.25012,42.459
6.04627,4.39789,79.7365
4.66149,4.01484,60.7494
3.75598,4.51713,68.4132
3.42043,4.326,62.7284
4.2854,4.84213,80.469
5.44916,5.50237,110.422
4.47794,3.87143,57.1528
1.0405,2.57235,22.3953
3.19771,6.16147,125.408
3.32298,4.03957,55.0066
3.14778,3.40769,40.8533
3.54729,4.3157,63.2356
4.22439,4.46654,70.0824
1.96947,5.55223,98.7607
4.90634,5.86839,122.544
3.33104,5.16452,86.9882
2.73578,4.10884,52.9208
4.1553,3.96882,59.0999
4.94868,2.21402,29.6646
4.42096,4.34789,66.3752
4.35309,2.73328,37.6596
4.0637,4.25619,64.3216
3.96191,2.47359,30.1049
4.90453,3.70562,55.4297
2.21537,4.85213,74.2682
4.56691,4.76873,81.0548
1.63344,2.62614,23.2305
3.29877,6.06686,122.67
5.357,3.70833,58.5846
3.59079,2.75793,32.6806
4.41944,2.84001,35.666
4.64929,3.77941,54.2114
3.87788,2.92957,35.3057
3.56139,4.5157,68.4054
2.63544,4.40452,62.2587
4.05695,3.27251,41.2501
5.48726,3.86044,61.3136
4.26875,4.68638,76.0004
2.78475,5.44714,94.8985
5.2876,4.03929,64.2297
4.9336,3.08946,41.9358
5.99059,3.89916,66.5627
4.44015,4.21253,63.683
3.26603,3.94657,52.8925
3.01277,4.76607,75.4827
3.55391,5.37591,96.4
3.33796,3.59402,46.2624
4.8759,3.98866,59.5519
3.1305,4.79003,75.7278
2.13301,2.58808,24.5531
3.61393,2.56427,30.7777
5.3015,3.05115,44.5295
3.29006,4.55494,68.9608
4.56044,3.60985,51.6064
2.20022,5.76171,106.223
3.48571,3.64586,46.8356
4.44835,5.08441,89.3506
4.30383,4.51884,71.8338
4.45114,3.01958,39.7818
2.6827,4.24023,57.4427
4.05903,2.94541,35.2241
4.39487,5.46679,101.571
3.82882,4.27896,62.8329
4.53486,4.03643,61.9356
3.35707,3.89238,51.1076
3.96243,2.79639,33.7277
3.53453,3.16413,37.7266
4.18953,5.87354,117.319
4.21627,3.3534,46.2567
3.88465,4.94073,81.9236
3.17636,3.02358,35.2506
3.62305,3.82152,52.8443
4.69538,4.95485,87.659
3.95624,4.49356,68.0703
4.09912,4.19633,61.5063
3.51125,4.90203,79.4065
2.95426,3.50024,42.4011
4.80073,4.70484,78.3489
4.89634,4.2286,67.092
4.02705,3.85965,55.031
3.51501,4.18702,58.4009
3.7341,3.45535,44.2257
3.14162,3.63712,45.9645
4.65273,3.52288,49.9898
5.19341,3.48977,52.165
2.99238,3.90724,50.5961
4.40725,3.75149,53.5905
3.6042,4.93538,79.9729
5.47459,4.49477,77.8774
3.65135,4.20966,59.2861
4.66583,4.36272,69.6625
5.87681,4.3523,76.2568
2.29655,3.16404,34.4357
3.20174,3.47788,42.0029
1.37856,2.09347,16.5074
3.5932,4.82084,78.2226
3.831,3.46136,43.7161
3.40715,3.56427,46.1456
4.53638,4.18005,63.8333
3.6788,2.25905,25.047
4.56323,5.20519,96.2435
2.63061,3.98985,51.0327
3.19028,4.11033,53.7387
4.15175,4.90521,82.0809
5.94549,2.58268,43.1862
5.43191,2.975,45.7089
3.75928,3.76325,50.8416
2.65025,3.42537,38.5698
4.14827,4.27361,65.1567
0.724776,3.85,44.4872
3.35279,6.20223,127.671
3.66858,5.00464,84.7736
4.82349,2.76985,36.6475
3.75937,4.80302,78.4877
2.87442,4.40661,62.9664
4.73017,4.43547,72.5601
2.72847,2.71992,28.3168
4.81748,3.92824,59.733
4.88312,3.12207,44.6641
3.98167,5.4157,99.0972
5.08685,3.54966,53.7028
4.17853,4.46666,69.5945
4.8329,4.01582,60.0197
2.90978,3.12964,33.824
3.31515,3.74482,48.7359
3.8933,2.99525,37.9046
3.19822,3.00976,31.3636
3.53757,3.13019,36.9458
5.70423,1.75931,32.0963
2.84898,3.31336,35.718
5.04832,3.26228,45.6912
4.90292,3.22337,47.2697
4.57388,4.05122,59.7106
2.37707,4.22767,56.9673
3.58549,6.48942,142.951
4.37498,1.36712,21.6172
3.51112,4.02064,57.5334
4.87301,4.45085,73.6542
5.38037,4.65898,82.3758
4.60842,4.71918,80.2818
4.99569,4.27673,69.9512
3.87664,4.60302,69.166
6.70864,5.14578,106.473
4.542,3.20324,42.9771
3.33592,4.84295,76.5029
2.16565,6.01789,115.004
4.90216,4.88895,87.4898
3.35088,4.55369,68.4948
3.48284,3.67678,49.0833
3.32544,3.1294,36.9916
3.00804,4.10845,53.8143
3.40312,4.91609,78.9386
5.38498,3.8469,59.3034
5.68776,4.27584,71.6272
5.00362,4.87616,85.686
3.48262,3.95988,52.1644
2.63877,2.43006,22.6593
4.48269,3.68758,52.4192
1.47542,3.08362,31.3504
2.96179,4.56458,67.5849
3.42899,3.89268,52.8713
2.72838,2.23545,22.4792
3.71638,5.24208,93.7384
3.24954,3.68428,48.8528
3.06898,5.08312,84.7402
6.36922,2.91477,48.9832
4.73109,3.79038,55.1951
2.63949,4.63565,68.1168
4.63983,3.55313,49.6246
3.80528,4.52311,69.3613
3.04243,4.04115,53.3352
3.69815,3.52039,45.2677
3.78411,3.02971,36.9022
4.22701,4.44434,71.3207
5.57911,5.57853,114.579
4.81249,4.49005,75.0199
2.89092,3.01275,32.6194
3.67935,3.90264,52.9884
4.19413,5.01244,86.7472
3.24967,4.73897,75.6812
6.06919,4.44488,81.0028
4.54769,2.10467,28.2853
4.5482,4.68854,77.8606
4.84771,2.07906,29.3219
4.76121,3.87566,59.0459
4.4834,3.53704,50.7393
4.35527,3.58794,50.4374
3.94425,2.01439,21.8073
3.90898,3.74735,50.6817
2.69511,2.46283,24.8093
3.09319,5.13591,84.9705
2.9053,4.48622,64.1255
3.88305,4.57363,70.5894
3.56499,3.6262,47.0792
4.35353,4.59878,73.3669
6.87279,5.15081,108.747
3.9142,4.47684,68.0019
3.71012,3.27436,39.7942
5.75485,3.54404,57.6972
4.02983,4.76577,77.1341
3.59804,5.88435,115.901
5.10099,2.99887,43.9328
5.50425,3.97592,63.302
4.67155,3.98487,59.0715
3.12145,6.26027,131.654
3.37335,3.02691,33.3644
2.76228,3.40481,40.2114
5.35992,4.07875,66.9257
2.9046,3.14864,35.8585
4.30573,4.9802,86.4875
2.86352,4.48182,65.1609
4.81934,4.1172,63.7107
5.33671,3.08798,46.4623
3.26255,4.92685,78.6388
3.62631,3.62377,47.0296
4.61413,3.49886,48.6238
3.40785,5.28024,90.2722
5.49452,3.4801,53.697
4.17138,4.04116,59.8204
5.63861,3.65913,58.9025
4.5432,3.05791,40.3717
2.12118,2.85037,26.369
4.71095,4.17595,66.2086
2.90942,4.94654,77.258
4.95662,6.26138,136.798
3.58197,4.82208,75.2751
2.6634,5.1618,85.4882
3.77511,3.91165,53.142
4.54745,4.43152,70.4515
4.33241,4.7319,78.4803
2.76261,2.49236,25.8114
4.02342,6.10523,127.416
4.21857,4.36336,67.5308
5.31766,1.95415,30.7514
5.49949,2.84347,43.9309
4.62673,4.44795,70.548
3.83731,3.76604,49.5187
4.29953,4.90018,84.0297
4.84532,5.57086,108.847
3.12495,4.60094,69.5894
1.42635,3.53458,37.6892
2.96665,5.80026,109.102
3.83997,5.92239,116.834
3.93223,4.95422,83.4215
5.75715,4.56752,82.5897
4.4886,2.67725,35.7136
3.95589,4.08727,58.3492
3.32759,2.17221,21.6933
3.73492,4.41119,66.3888
3.08353,2.54805,27.5705
4.06413,4.56029,71.9513
4.4312,1.84056,24.7027
3.91895,2.43119,25.9864
3.75606,3.38796,42.1077
2.50021,4.30498,57.6932
5.54148,1.89598,31.8757
3.31178,4.83019,75.6527
4.59366,3.67873,53.703
4.35135,4.95379,84.5093
4.35575,1.63326,22.9691
3.28614,2.91333,33.1405
4.19442,3.52326,47.1701
2.59213,3.55425,41.6491
4.89166,3.99417,60.5262
3.6208,4.40932,66.553
2.69525,5.14237,85.8706
6.16225,3.21905,53.446
3.4276,5.1202,86.731
4.08904,3.46242,46.4647
4.50492,4.88087,84.2084
3.97261,2.65638,33.3869
3.61702,4.43967,65.0008
3.01581,5.44623,96.318
3.60177,4.52481,68.6368
4.25171,4.8464,79.784
3.35936,4.71756,72.9666
3.66809,3.65499,45.75
3.21693,2.46234,26.1413
4.91149,3.18477,45.1488
3.67527,2.31209,26.2374
3.86471,3.83079,52.6004
5.09088,4.41333,73.2538
4.25748,3.56148,50.2778
6.57855,5.21331,106.659
3.54609,2.70591,31.2436
4.28847,3.67696,51.7044
4.23772,6.07769,126.888
3.50212,1.75094,20.3348
4.8598,4.97202,89.6152
4.39522,4.5924,73.017
4.0294,4.51324,69.9831
4.29125,4.02796,58.2623
3.72974,3.5249,43.6838
4.75065,4.94787,87.2868
3.64234,4.0778,57.4449
4.37161,3.89694,55.4569
3.00712,5.54778,100.177
2.78619,3.60462,42.3073
2.72025,4.1039,51.311
4.1298,4.97078,84.7594
2.57789,5.12889,84.2468
3.97167,5.7327,110.896
4.61805,4.93467,85.2138
5.26473,5.45668,108.225
5.20574,5.56123,111.169
5.71405,1.01304,26.5577
5.42435,3.36544,50.6015
4.75436,2.55594,33.4078
3.5068,4.50692,67.7362
4.29834,2.77377,33.9948
4.21865,3.15449,43.7274
4.65541,5.20258,93.972
4.96473,4.04195,65.949
3.80854,2.60319,28.1963
4.63872,3.88154,55.5644
5.52969,4.64602,82.3468
4.01696,4.56376,71.2151
6.25497,4.89252,93.3499
3.27323,4.48891,67.2752
4.08789,3.4388,44.0909
4.12497,3.67644,49.39
4.19557,4.72559,76.1311
5.37668,2.56268,38.2928
5.5842,2.83504,45.1467
2.94689,4.89661,76.1421
4.77552,4.33509,68.2076
4.25338,4.75098,77.905
4.11436,3.91896,55.4862
4.02194,4.55379,71.2616
4.07254,3.66898,50.6419
3.95259,4.05576,59.2252
4.50155,4.39879,68.6725
3.2726,3.87391,49.9209
2.85063,3.62884,45.5492
5.11781,4.1599,65.3213
3.16748,4.5034,64.8488
3.20327,3.79384,48.7066
3.2756,5.77151,109.571
4.0761,5.36831,99.0121
4.09243,3.22698,41.2495
2.79905,1.95887,19.5802
3.31284,3.94844,54.4408
3.96785,4.0354,55.5944
3.94053,2.76517,33.8841
5.00062,3.29696,46.8641
4.08658,3.01285,37.5374
3.44608,3.57024,43.6489
2.72718,3.21777,34.755
4.86491,4.94079,87.4346
2.55668,4.85295,75.2779
3.77676,3.66185,46.3586
3.39787,5.11161,86.1456
3.31629,1.81168,20.6216
3.35385,3.51433,46.1951
2.755,4.3518,62.3956
4.27874,3.45383,46.6582
3.58453,3.32661,40.3354
2.28489,6.26093,125.301
3.7654,3.40994,43.5733
3.02851,2.46511,25.484
4.1554,3.03534,36.7425
4.71254,5.41157,103.312
4.30902,4.93901,84.3094
6.1247,4.4692,80.2365
6.09433,4.71235,88.0228
4.18556,3.43738,45.9879
4.72588,2.39846,33.4328
4.81903,2.73102,38.7662
3.0021,5.26765,89.4388
2.67602,4.86728,76.4025
2.68883,6.21827,125.125
4.7879,4.50767,72.9698
4.33464,2.98285,37.5684
3.83494,4.13187,60.6315
4.59178,3.60213,51.0793
4.41032,4.96651,85.8717
5.41635,3.16193,46.3923
3.08344,3.7894,48.5705
5.0638,2.76293,38.7241
3.61882,2.63327,30.267
3.99396,4.31295,65.0173
3.31849,3.96437,51.9052
1.45762,3.6658,40.1909
4.36647,3.71529,52.9104
3.61163,4.32084,63.7595
1.75441,5.31022,85.6101
5.00635,2.83528,38.4118
3.62353,4.34098,64.7021
5.00273,3.40603,49.2154
5.91728,3.70801,61.1194
4.23827,4.85307,81.2109
4.30438,3.15645,40.3041
5.4501,3.37727,51.9594
3.16324,3.60042,44.8085
2.03402,4.62019,64.708
3.54294,2.61313,29.6631
3.58942,5.48684,99.7633
3.93716,4.32645,65.0609
3.69012,3.56002,45.6666
4.30074,4.03057,59.324
5.57495,1.49078,28.3119
4.07274,4.30046,63.9786
5.44429,4.09759,68.1241
3.53622,2.86386,34.7988
4.66279,3.4878,48.7701
3.54439,5.30163,92.2431
5.04259,1.49374,24.6265
4.83711,2.41486,30.5328
4.7115,3.83307,55.9775
3.01761,3.63896,44.8959
3.75607,2.16867,25.2603
4.13029,3.66118,51.2377
4.56233,4.14622,62.4805
4.57632,4.18524,63.0005
4.17467,2.67008,33.8633
4.09058,3.07548,37.6107
5.61741,2.6617,39.5136
4.19173,4.80695,78.7206
4.10846,4.18774,63.4506
5.15582,4.62445,78.607
3.12427,3.46122,42.5967
5.03909,2.57745,35.8434
2.16708,4.38605,58.1017
3.90766,4.53888,70.622
4.15573,4.1919,61.5667
2.72773,2.8543,30.4575
1.97948,3.72082,42.417
1.45023,3.46951,36.3345
6.16974,3.71358,63.1744
5.04138,3.7262,54.4186
3.82531,3.74214,50.7417
4.35054,5.58465,107.065
1.79202,3.53169,39.8271
3.18269,3.84252,48.6448
4.96491,4.25118,67.288
3.68223,4.21583,58.4378
4.09349,5.58672,106.908
1.48562,4.80843,69.5682
4.09446,3.76289,55.6413
3.4249,3.76753,50.0573
3.65527,5.68018,108.523
4.37314,4.25311,64.3748
4.50459,5.71011,112.811
1.88061,4.99081,76.4999
4.39738,4.53283,72.1728
3.65789,4.07792,57.4339
3.80036,3.63116,48.029
2.16172,3.09988,31.3038
3.38799,4.34623,64.6607
2.80624,4.9052,76.3311
4.41262,3.57988,50.7555
2.97219,3.81616,49.58
2.39757,5.18531,83.1199
3.45183,4.07334,56.4641
1.50666,2.42217,20.6208
3.06941,5.09273,84.4887
3.94237,3.73196,50.5072
4.52905,3.54137,50.2785
5.70049,3.83109,60.3438
5.65164,4.39719,75.4365
4.09114,4.43263,67.5489
3.77666,4.26627,63.351
3.4648,3.74226,49.1108
4.72705,5.31235,99.0924
5.3572,4.66146,79.8324
3.725,3.80427,51.9081
3.59153,3.48134,44.042
1.263,4.01408,48.0847
7.3688,3.95877,76.3228
4.57568,3.25634,45.1616
4.63023,4.68591,78.4298
3.97886,5.70918,111.632
3.87715,4.30551,61.5198
3.98693,5.13772,89.0857
3.18797,3.05468,35.4166
5.01731,5.23796,97.4393
3.01016,3.91255,49.9163
3.12985,4.88808,77.2335
1.42179,4.05416,50.1976
3.13876,3.86602,50.3521
4.73723,2.76351,35.7377
4.40069,1.88157,24.5604
5.50676,3.29531,49.7989
2.78304,5.43012,93.6313
4.0225,5.19789,91.5242
4.26279,2.44305,31.48
3.29048,2.51533,27.2614
4.7784,4.92218,85.5658
2.90353,5.05944,81.2224
2.88407,4.16689,57.7804
3.68743,4.66893,74.1196
4.91709,3.51436,49.9395
3.91925,4.38021,66.5842
3.96577,5.34341,97.2822
4.25886,3.78431,53.6626
4.28659,2.5342,33.3082
1.75019,5.68953,102.35
5.12412,4.3334,71.0668
2.95341,2.548,25.1132
5.8258,4.11479,69.9278
3.44867,3.89232,53.2048
5.58891,4.77194,86.5428
5.60202,4.18553,71.2258
4.27831,3.24869,42.314
3.7101,3.29172,40.9502
3.41738,4.34696,62.8152
4.79764,3.74965,55.2643
2.80649,2.8511,29.1756
2.86854,3.38853,39.4544
3.30822,5.54113,100.43
3.95218,4.03061,56.703
3.49097,3.90909,52.2063
2.74624,3.4127,38.9221
3.59719,5.24351,91.43
4.3821,4.39142,68.4585
4.38819,4.36972,67.4057
3.18746,4.54191,68.1865
3.28617,3.83806,49.4964
5.02792,4.93379,90.1638
3.89797,2.26618,27.3119
4.48336,2.59209,33.4012
5.32958,4.46154,74.6334
2.49098,3.36242,35.2428
2.1169,4.09751,51.3519
4.88394,4.12602,64.9557
4.3221,3.40872,45.5911
3.41211,2.50188,28.2671
3.61373,5.31352,93.8084
3.38511,3.79109,47.753
3.39015,1.64991,18.3774
5.31458,3.45747,53.2418
2.76391,2.30771,23.2407
3.58594,3.93987,53.8353
2.82766,2.89202,30.141
4.10532,4.40023,67.3144
3.94832,2.8336,33.9392
3.38227,4.15918,58.2047
3.76103,2.41186,28.7782
3.47439,4.11762,60.4634
4.44456,3.84498,55.8707
4.20527,3.56483,48.1435
3.17068,5.62806,104.515
3.4026,4.52517,67.0598
5.51373,3.604,55.7936
4.77251,2.28991,32.2394
5.23965,4.3415,70.3497
5.06086,6.21035,137.464
4.27717,3.94278,56.9388
3.76303,3.81304,53.3468
2.60541,4.47841,62.7538
3.40498,2.94966,33.9505
2.50818,4.16681,54.2596
5.08833,3.61817,54.0337
4.71888,3.83828,56.7755
5.32353,2.39029,35.133
3.9165,4.06002,56.9589
4.45801,4.5033,73.5954
3.54115,3.79689,49.7135
2.97722,4.13979,55.5218
4.05061,3.58506,49.3064
4.11375,3.71219,51.2496
3.41494,3.85938,50.039
4.28769,4.96247,82.9433
3.10318,4.75068,73.5217
2.05458,3.87961,46.9569
4.61811,3.03501,41.2454
5.5844,4.24124,70.0782
3.55227,2.08019,22.7152
2.4834,2.82921,28.9265
4.92313,4.75221,83.0298
3.67571,5.16794,88.9738
2.33681,3.61283,40.958
2.18341,5.39835,93.8395
4.88653,5.87143,121.321
5.37848,2.96419,44.8235
2.95521,5.81145,109.277
3.74656,4.62002,74.3588
4.44095,3.0713,40.4869
5.30201,4.20844,70.4978
2.82302,3.57198,42.3238
2.68009,2.76068,27.3352
1.70181,3.4767,37.3814
4.70104,3.91134,56.9609
5.19544,4.43589,75.0314
4.56267,2.68065,36.3045
4.76088,3.37313,48.1342
4.31593,4.66343,77.6403
2.30042,4.10438,52.9323
4.50313,2.42212,32.7124
3.77053,4.07175,56.5506
2.63244,5.13776,86.048
4.80143,3.01067,40.4265
3.67413,2.64261,29.3366
4.14129,3.47231,46.4888
5.27099,3.74604,58.047
3.92978,3.88599,53.2723
4.58259,4.85103,83.8888
2.20535,3.99856,49.926
4.86416,4.82084,81.5468
2.86499,5.18692,88.157
4.34097,6.09812,128.094
4.07468,1.73309,22.8075
5.06234,4.71546,81.4809
5.33882,3.44081,51.6583
4.69748,4.06544,63.5613
3.34048,4.77425,74.7943
4.93727,4.90443,87.116
4.38011,3.48398,46.2215
5.35657,4.34553,71.5773
4.58136,4.43476,72.6982
4.62639,4.30571,66.6845
2.98474,2.28908,21.8608
4.04445,4.03755,58.4091
5.29441,3.3232,49.957
2.58807,3.66637,43.5243
4.28659,4.90743,84.9007
3.85477,5.57462,102.719
3.8107,5.37774,96.0765
3.40174,3.92217,51.7677
3.624,5.24278,90.6902
5.03158,2.92083,41.0045
3.89761,4.50858,67.606
3.14361,4.35078,62.7706
4.11197,3.85005,54.828
3.66013,3.09593,36.2635
3.18482,5.27843,91.5469
4.7277,3.8744,58.5927
4.78519,2.90489,38.4888
5.41608,3.82659,60.6238
5.97261,5.63128,117.652
5.44715,4.1172,69.1279
3.94862,5.17071,89.4807
4.89269,5.38206,104.329
3.78846,4.37504,66.0607
3.63672,5.53044,102.942
4.44385,2.89456,38.1829
2.76452,3.84552,47.542
5.45047,4.96245,91.5155
1.74612,3.52437,38.8192
3.43526,4.47755,65.5731
3.23675,2.88816,33.3445
2.31445,2.97415,27.8555
3.33149,3.71178,47.5109
3.79581,3.79633,49.9883
2.78628,3.65302,44.5242
2.19613,4.10867,54.1614
4.84497,3.46245,49.3749
3.33717,1.93241,20.69
3.5336,4.63111,72.3416
4.77322,4.60982,76.7629
4.29375,6.4817,145.658
3.73285,4.0675,57.0509
2.35271,4.4366,60.4397
3.73831,2.79917,33.2806
4.07022,4.7313,78.1692
4.51667,3.31378,44.5977
3.76379,3.95998,52.9742
4.52003,5.05538,87.7526
3.60898,5.25609,91.0091
4.28855,3.5455,47.7371
4.55016,5.34276,98.0258
4.70894,3.15523,43.4626
6.28061,2.57757,43.3134
5.14538,3.52069,51.4926
4.42686,2.53981,32.1071
4.71965,2.85406,38.305
4.30393,3.90471,55.5695
3.94922,4.93868,81.3491
3.38066,3.38277,42.1246
5.26625,4.42332,74.6759
2.50221,2.11267,20.0921
4.28366,4.7008,76.9861
5.22992,3.34849,49.6757
5.08836,4.19182,67.7507
3.972,4.41001,64.9401
5.28991,4.58574,77.6014
3.05816,3.85733,49.2935
4.00528,4.5262,71.0383
4.40221,3.64607,49.8776
4.73533,3.81174,57.8032
4.70437,4.34059,67.7476
3.84481,5.20341,91.2428
4.61223,4.00452,59.1306
5.10494,2.96704,44.0311
5.77123,3.60462,56.6612
4.08418,3.19128,40.1423
3.42122,3.82252,48.4274
4.51408,4.46886,71.6177
4.27963,4.21939,64.7352
2.61234,6.55646,141.897
3.42514,4.4658,66.9696
4.61619,4.98084,88.0118
3.38645,4.85934,76.3253
4.57178,3.74726,53.7505
3.32399,3.03755,35.6882
1.01807,4.26151,53.6826
3.88494,3.2715,39.7238
3.09053,4.14341,56.3145
4.742,3.20051,44.0132
4.74602,3.53585,48.9432
3.48788,3.55347,45.2124
4.03783,4.76735,77.8006
3.79454,4.66773,72.6634
6.09889,4.71313,87.6616
2.7012,5.34384,90.8525
4.63209,3.64952,52.8409
2.68697,5.51867,97.9463
3.70187,2.77114,32.8048
4.59698,4.3635,70.3886
4.94003,1.73404,28.6325
4.14573,2.945,35.2913
3.74889,3.96262,55.2302
4.39538,4.11689,61.5509
4.78993,3.25766,44.2407
4.94217,2.22197,31.3168
4.48559,3.3708,47.2895
2.58906,2.47698,23.6505
3.46052,4.97406,82.4526
3.50726,4.21674,60.5094
4.08109,5.20247,91.9246
4.15975,4.97495,84.7173
2.52781,4.10427,53.8571
4.12972,3.6729,50.5085
5.53657,3.49623,53.6281
5.06961,5.42858,107.065
3.05963,4.00714,53.6498
4.10691,3.57438,48.0123
3.43587,4.96453,79.9215
4.81373,3.87569,56.4723
3.30145,3.42154,41.9898
1.99136,3.01397,29.901
5.22458,2.25101,33.3183
4.76412,2.3514,32.0549
2.82648,3.08442,33.2165
2.96188,4.76141,73.198
3.70764,2.05428,23.0913
2.60028,4.82437,73.6195
4.76123,5.00038,89.7313
4.38402,2.06642,26.7384
3.37039,2.78776,31.3124
6.02676,3.64355,61.4429
4.19454,3.73181,50.7132
3.54478,3.86455,52.9027
2.23449,3.50046,40.2442
3.89568,5.32535,96.0301
3.59921,4.02429,57.2564
5.02767,3.28818,48.7871
6.01138,3.46007,56.4317
4.23807,2.36055,27.8469
5.01396,2.98793,40.8821
2.88869,4.40777,62.0481
4.96578,3.66116,54.3835
4.69775,4.18594,64.5079
3.93621,3.69203,51.2577
4.05512,3.41126,45.8393
3.59536,4.72017,74.5504
4.83059,3.2702,44.4036
3.2458,2.41797,24.9462
4.44315,4.36061,66.6175
4.47046,4.95443,85.8017
2.40572,4.97474,77.8626
3.18731,3.46744,42.1379
4.62372,3.69623,52.9763
4.73131,2.59765,35.592
4.04766,4.43935,66.9343
2.21493,4.45386,62.8045
4.5219,3.74871,54.5047
3.1911,3.50087,41.6257
4.66692,4.05239,61.4951
3.50537,2.93713,32.2063
2.92153,4.63819,69.6153
2.71573,4.46763,63.559
3.90493,3.7263,51.0822
3.49004,3.44027,43.5482
3.97503,3.38206,43.326
3.99484,4.42967,66.1478
3.87925,4.40572,67.0141
3.2283,3.18784,37.7347
4.38327,3.45203,47.0852
4.50237,3.13666,41.1582
2.6765,3.04333,33.3602
3.19697,3.29959,38.154
3.73155,5.28116,93.33
5.47649,3.67689,58.384
2.40011,4.677,69.261
3.07468,5.30374,89.4411
3.65495,5.8414,113.963
3.108,3.17854,37.7601
4.42577,4.44061,71.0109
4.36518,5.21256,93.0438
3.02314,2.11819,20.9998
3.69822,4.38915,66.8438
4.67325,2.94439,42.2125
2.7025,3.43489,39.1207
4.20624,4.41452,68.885
4.32686,4.20159,62.7688
3.65812,3.67279,48.9284
3.66748,5.52502,101.148
3.44931,1.82315,20.7628
4.29813,2.45203,30.2095
5.38208,4.70258,82.6501
5.47594,3.72978,58.1621
5.3673,3.0373,46.1759
4.56219,3.59849,51.04
4.74327,4.64069,76.3395
3.66617,3.85009,52.4744
