3
2.78707,4.4137,924.592
3.86186,4.49804,1000.99
3.59525,4.91307,1442.56
4.02549,5.40145,2149.24
3.28519,2.86983,170.573
3.66085,4.39774,912.105
5.46375,3.80008,507.373
3.40133,5.17011,1787.02
4.57402,4.35211,875.927
5.06018,5.29276,1974.41
4.01396,3.7406,475.761
2.86716,2.7724,149.209
4.37475,2.53966,111.73
3.67283,5.80187,2906.89
2.92852,1.55061,24.8151
3.05786,5.41169,2164.73
2.13642,6.77875,5662.89
3.10981,1.79134,37.7564
4.55024,5.23266,1880.19
3.32918,5.26401,1927.16
4.10479,3.67788,443.6
3.32084,3.0331,208.479
4.45039,4.86017,1380.96
2.40883,3.96637,597.593
5.85714,3.00894,207.53
4.0509,3.27184,281.007
4.31392,4.84804,1364.7
3.46818,3.13259,236.311
4.00128,5.16555,1780.15
4.46115,3.81083,510.426
4.90326,4.32187,852.152
4.1928,4.75015,1255.35
2.08747,3.96761,598.048
5.57699,4.03831,648.807
2.63093,3.65852,432.698
5.33309,4.9728,1520.12
3.89676,4.0324,643.879
5.82408,4.61856,1122.09
3.93509,3.49816,365.583
3.56656,4.72419,1226.17
4.96938,4.0414,649.325
5.30415,4.20504,763.144
3.36396,6.7039,5400.81
3.76414,4.40149,916.39
4.06184,3.00143,204.301
5.02128,4.00946,627.699
3.59765,4.3142,843.717
5.23057,4.08765,679.757
4.89263,5.09294,1678.37
3.67793,5.06044,1631.47
4.54403,3.89869,562.055
3.14201,3.90004,558.306
3.68749,4.41344,925.408
3.45727,3.73247,468.769
5.19715,3.67663,446.995
3.35565,4.55468,1055.54
3.75133,2.91067,178.876
3.96866,2.8936,177.555
3.22692,3.44079,340.101
4.05456,4.03995,645.211
5.11132,2.97326,198.465
2.38851,2.98604,195.094
4.36105,3.86732,542.592
2.84185,4.02524,634.931
5.00633,3.66462,440.19
3.5761,2.80634,155.711
3.47039,4.23469,782.161
4.52737,4.74034,1246.22
3.62637,3.69864,454.426
4.62292,4.45661,966.552
4.56375,3.13345,239.237
3.6409,4.91118,1442.75
4.6434,5.17983,1803.79
3.8692,2.51855,108.014
2.41637,3.76184,482.794
4.85412,6.05101,3480.92
3.61487,4.15724,724.077
4.28437,5.18426,1809.08
4.73096,4.23577,784.158
4.61706,2.94299,189.409
2.94697,3.86791,540.648
4.70844,4.94418,1484.84
2.95357,2.97899,194.693
2.58945,4.56152,1058.13
3.51733,6.25883,4020.17
5.73452,3.19295,259.346
3.26212,4.915,1445.26
3.18087,4.89571,1419.51
3.14503,3.99722,617.132
3.45034,3.20234,258.749
2.953,4.11107,691.501
3.94038,2.94498,188.316
2.0092,3.63955,423.068
2.67856,5.94437,3224.6
4.07015,5.92554,3182.41
4.77202,5.30885,1999.8
3.82747,1.57097,28.4436
2.78587,4.17556,737.557
4.06495,2.35935,86.1143
4.76089,3.96282,598.757
3.4266,2.57337,114.231
3.29543,2.88317,174.118
4.13893,3.77803,493.948
3.64963,3.92473,575.819
2.67013,4.16683,731.372
3.07476,2.42021,91.172
4.76068,3.26556,280.782
3.79814,3.51341,369.567
3.0015,5.24955,1902.84
4.00655,3.15759,246.118
3.17129,5.69742,2692.22
2.85544,4.18412,743.148
4.226,3.99796,618.797
2.53852,2.62616,123.245
3.64691,4.18687,745.819
4.34844,4.29372,827.689
5.9968,4.55583,1060.25
5.85196,3.95709,598.058
4.68933,5.01397,1574.89
3.29785,4.73869,1241.61
3.27173,5.37216,2099.46
2.9829,5.00911,1565.5
4.06464,5.68159,2661.75
2.12544,4.643,1139.44
3.44124,3.08932,224.19
2.61864,3.92407,571.394
5.49454,2.97027,198.38
3.59918,3.44981,344.559
3.53475,1.73544,36.1742
5.97925,2.81082,161.554
4.7264,2.43913,99.2346
3.74814,4.95345,1493.78
5.69128,2.75395,150.378
2.8746,4.54948,1048.78
3.34157,4.13521,708.7
3.43583,3.97943,606.868
3.76609,3.37638,315.598
4.09542,3.91803,571.516
2.65354,5.31062,1998.75
5.71915,3.98002,613.049
4.6959,4.35906,882.399
3.16883,4.31844,847.804
5.32452,4.03796,646.374
2.94039,2.92446,180.467
4.79494,2.53745,112.581
3.8744,5.30483,1992.45
4.5809,3.61271,415.637
4.57915,3.29442,289.41
1.79408,4.15813,722.781
6.55948,1.97246,54.4004
3.8386,3.83709,527.894
4.76217,3.4105,331.124
3.08518,4.06958,663.478
4.24842,3.00801,205.549
3.01666,4.11737,695.871
2.76593,3.42934,335.431
3.42856,3.05812,217.517
3.81355,4.70154,1202.38
3.29283,5.258,1919.17
4.51609,4.27028,811.201
4.56432,4.40648,920.828
3.12255,3.67271,440.097
3.85954,3.66864,438.651
3.65522,5.39591,2139.28
5.38113,4.42104,937.033
3.00415,4.10017,684.734
3.79244,2.95354,189.773
3.56686,3.92366,574.207
2.97048,4.88817,1411.83
2.54164,2.01536,48.908
2.5738,4.98204,1527.59
1.0569,1.91362,41.3196
4.49794,4.93855,1476.14
2.55143,0.966022,14.155
4.7376,4.78148,1292.22
3.55421,5.21721,1857.84
5.9245,5.76917,2844.93
4.81363,3.00853,205.406
4.96957,4.7441,1251.75
4.96072,5.53937,2393.48
2.90211,3.69577,451.996
5.33595,4.96661,1511.72
3.13264,3.80002,503.593
2.46985,2.8456,163.823
4.26884,4.43505,946.904
3.86656,4.57519,1072.66
3.9167,4.434,944.831
4.65791,4.03664,646.808
4.43139,5.10109,1689.78
3.46495,3.15047,242.004
3.93086,2.95882,192.631
2.91872,4.55174,1050.26
3.72588,2.80448,156.529
3.79339,3.80821,511.17
4.94146,2.69226,140.561
4.37538,3.98208,611.618
5.09919,1.43859,26.3416
4.67707,2.28399,80.2384
5.00778,3.63981,426.286
2.9226,4.23672,780.13
4.61519,3.43108,338.68
4.24256,2.53735,110.825
3.17177,3.8989,559.438
3.97721,4.13507,710.521
3.0928,3.79654,502.317
4.29083,2.28216,77.5555
2.8015,3.4254,333.436
5.19904,5.208,1844.57
2.76436,3.98359,608.102
2.88189,3.81636,510.791
3.33935,5.05,1618
3.39136,3.4679,352.079
5.35316,3.92119,577.341
3.06366,5.21885,1857.51
4.68587,3.49616,365.297
4.54186,4.63021,1130.26
4.26818,3.59418,407.206
3.25922,5.36809,2092.36
4.94735,4.32091,850.414
4.68465,2.01768,56.4191
2.2083,4.49485,995.134
3.55002,3.44909,342.769
4.97729,5.58093,2472.16
1.29891,5.53097,2372.38
5.04704,4.56542,1066.87
4.41614,4.81516,1329.32
4.793,3.90846,566.948
3.43635,3.60591,410.949
5.54267,2.72406,144.797
4.58452,4.65414,1152.43
4.16159,4.41402,927.421
2.84791,4.89929,1425.13
3.30575,4.05246,652.13
3.04988,6.00733,3373.69
2.49336,3.38931,318.748
4.37194,2.37374,90.8723
4.26998,4.70631,1207.86
3.00516,3.62647,419.139
4.05674,4.99675,1550.95
5.92475,3.10563,236.472
3.91442,3.31701,296.942
2.91944,5.15181,1759
3.84936,3.97325,604.023
4.58183,1.80725,40.7413
2.15465,2.0465,53.5797
4.00794,3.17421,249.416
3.79409,2.89108,175.092
2.19388,4.64112,1137.04
3.24367,3.94669,586.23
4.07411,2.3936,90.6837
4.42083,3.10431,234.708
5.43437,5.53352,2382.44
3.41992,4.63022,1129.3
5.05376,5.1695,1789.7
4.36699,6.07316,3534.46
3.75685,4.12069,698.67
3.20628,2.22655,69.7522
5.09923,3.45837,350.105
3.4356,3.94319,585.023
3.3456,3.98063,607.047
4.18408,2.53194,109.388
2.99174,4.25672,796.694
3.66146,4.27588,813.204
3.65141,4.32086,848.956
4.07251,3.96489,600.35
4.37768,4.01274,630.038
2.91188,4.91802,1448.04
3.86223,5.18313,1806.61
4.43538,6.20435,3872.7
3.86502,4.1229,702.023
3.33588,3.76353,484.702
2.64916,5.78008,2859.69
4.57318,4.72152,1227.52
4.67999,3.29841,290.068
3.95137,4.22238,772.842
3.25417,4.33729,860.3
2.54764,5.13145,1729.49
3.58497,4.21136,762.93
4.11262,3.56945,396.287
4.72249,4.3503,876.059
5.75354,3.79712,506.581
5.03369,3.06505,222.132
3.3922,5.18638,1809.19
4.52415,4.17039,737.145
3.42274,5.22604,1870.49
3.73547,5.96741,3278.43
5.38975,3.41351,334.176
4.25277,4.13245,708.674
4.21612,4.46962,975.395
4.1728,3.56711,393.315
2.92169,3.95926,593.554
4.06271,3.88772,555.133
1.77196,4.18633,742.444
3.95095,3.94265,584.502
3.28198,3.38226,318.538
2.93477,2.85188,165.988
3.54748,3.29687,289.385
4.39549,3.65415,434.008
4.98222,3.10852,232.7
3.9989,2.48571,103.435
4.27617,6.14753,3725.36
3.62885,3.77801,494.184
4.35791,2.46206,102.463
4.3976,4.76286,1268.74
4.53279,5.08822,1673.62
2.51735,4.00553,621.091
4.04766,2.94342,189.363
3.29266,2.59037,117.692
4.62958,2.79386,157.04
3.41908,3.3103,292.117
5.59507,3.50015,368.302
5.22655,3.55371,391.322
5.08353,3.42382,338.155
4.65059,2.62037,126.378
5.70632,3.04321,219.414
3.8681,5.68521,2670.31
4.74653,3.61002,413.497
3.63642,5.29003,1967.42
6.47142,2.79335,161.785
3.15951,3.70834,455.708
3.33849,3.46658,350.33
4.67198,2.84784,167.064
5.12955,3.76894,491.667
3.06612,4.69494,1193.5
4.30244,5.73,2757.28
2.72258,3.26627,275.927
5.08217,2.44886,101.891
2.8707,3.72007,463.38
3.35272,3.74088,475.078
4.39451,3.73324,473.69
4.56443,3.91894,573.873
4.11891,5.44265,2219.6
4.75223,2.79675,158.81
4.43668,4.98762,1539.07
6.44698,5.37901,2115.64
2.53783,5.20187,1834.16
5.03044,3.70167,457.245
5.02371,3.85399,537.303
6.40745,4.2315,785.908
3.15685,3.07692,220.681
5.32343,2.05632,60.7161
2.10482,5.46827,2259.05
5.18501,3.69289,452.661
4.8857,3.00538,204.615
5.74776,4.76584,1277.84
3.61849,6.03746,3447.17
4.13417,4.87435,1399.27
4.35945,3.68259,447.275
3.26416,4.77885,1284.08
3.05789,4.97992,1525.17
4.66826,4.78006,1290.8
1.81355,4.19272,745.331
3.03521,3.56192,388.58
6.06266,4.11378,700.189
3.32553,4.05354,652.966
4.85707,4.39733,912.214
4.61369,4.89674,1426.66
4.48466,3.01867,208.027
3.60324,5.42243,2183.84
3.40051,4.71653,1217.92
4.65192,5.63032,2563.23
5.99428,3.53406,382.674
3.38423,2.18668,66.7624
4.63022,1.95592,48.9056
5.11841,2.57083,119.064
4.35256,3.58212,399.257
4.9971,4.09799,687.314
2.39578,2.94954,188.706
4.4405,5.3525,2068.03
3.69436,3.75494,479.979
2.33729,3.53592,378.273
4.70175,4.40237,918.473
4.63236,2.97958,197.831
3.29914,3.90686,563.587
3.86661,2.81256,160.803
2.43552,4.7337,1233.21
2.80081,5.7126,2720.71
4.43397,3.36405,313.708
3.92083,4.36528,884.827
3.48896,3.06412,218.585
3.8286,2.95522,190.753
4.04428,4.27596,814.817
4.37302,2.00135,53.6055
3.9148,4.04434,648.334
3.29715,3.93343,580.32
2.94464,3.01746,205.77
4.93512,3.06109,222.01
4.99693,4.14235,717.271
4.58027,3.24485,274.283
4.2226,4.36311,884.026
2.8311,4.11359,693.178
3.61318,4.62994,1126.69
3.43707,3.61064,411.32
5.31533,4.50389,1009.04
1.58271,3.44914,340.479
4.80099,2.39082,92.3567
4.15263,4.03816,645.383
3.29459,5.11639,1708.85
5.83476,4.15698,729.689
5.26216,2.09047,62.6972
5.3042,3.10639,233.753
3.38134,3.19066,254.341
4.07908,4.79273,1302.26
3.31471,6.22778,3936.13
4.34449,2.35737,87.9424
3.76773,4.58305,1081.09
3.70931,4.68625,1186.88
2.48565,3.8502,530.662
2.96544,3.61246,410.255
5.24129,4.51965,1025.29
4.46848,5.433,2202.24
4.39595,3.87271,546.385
3.89011,5.26038,1922.79
3.62068,4.67776,1178.31
3.73083,4.33421,859.191
2.10363,3.69838,450.468
5.0058,3.01919,211.314
5.41729,3.72153,465.32
2.59384,5.01931,1574.01
3.64265,4.16503,731.647
2.67422,4.82183,1333.15
4.18357,3.50946,369.754
4.16457,4.95223,1493.45
4.26241,1.52433,27.7625
4.68638,5.29655,1980.56
4.42304,3.16393,247.639
3.76117,3.73645,472.062
4.5291,3.23919,272.012
3.07122,3.85966,536.833
5.06545,5.6577,2614.99
1.64651,3.36021,306.765
4.22579,4.30329,834.908
3.98074,5.15099,1759.73
3.31681,2.68669,134.319
2.89684,5.05393,1622.7
3.40612,2.41917,95.0801
3.86398,2.78657,153.873
4.14078,3.70122,455.627
3.5784,5.71206,2722.17
4.12755,2.21762,69.4229
4.86459,4.70561,1208.56
3.71576,3.48304,357.818
3.53372,4.95758,1499.1
4.00455,4.83395,1350.52
3.32129,4.45949,965.513
3.05482,2.22203,70.6954
5.01191,3.24303,275.265
3.80611,4.63655,1135.85
2.60302,2.79752,154.501
5.0128,3.49946,368.274
2.84532,4.99818,1550.12
3.58915,5.34145,2049.71
4.32678,3.7717,491.228
3.32918,4.33688,859.519
6.20944,4.19946,761.311
3.92881,3.21066,262.346
3.55674,3.39779,324.667
3.93753,5.39958,2146.68
6.49271,4.30611,842.571
2.56818,5.37234,2097.34
3.2277,5.3254,2023.19
3.49801,4.56393,1062.32
4.22732,4.19379,752.848
2.25096,4.05156,650.234
5.2595,3.1163,237.843
2.3823,4.25854,798.699
6.12665,5.3182,2018.45
3.11663,4.5416,1039.51
3.97716,3.0257,208.365
3.65554,4.8764,1400.75
4.58341,4.28852,825.534
3.29625,4.22921,778.322
3.62859,4.91625,1446.22
4.20806,4.9231,1456.72
3.59634,3.74271,473.124
4.87858,3.46995,355.043
4.07194,2.18395,68.8485
4.59741,5.55721,2424.2
3.33488,5.37771,2109.92
3.49378,3.94673,587.645
3.1105,4.85291,1371.54
3.29069,3.29817,290.162
3.34053,5.03894,1603.09
4.01809,2.48654,103.028
2.19889,3.57191,390.858
2.37293,4.68026,1178.06
2.68879,4.27005,807.518
4.52895,2.99806,203.204
3.12163,3.13389,236.498
2.8483,3.96868,599.781
2.74774,2.59467,116.586
4.74948,4.03145,642.777
4.34498,3.89208,556.887
4.14004,4.21308,767.227
2.84684,2.6911,133.987
5.52572,4.37709,897.966
4.78268,3.90607,566.15
3.16686,4.67812,1176.92
4.99142,3.43331,341.322
3.90226,2.7655,150.543
3.18458,3.65571,430.672
4.89503,3.88662,553.815
2.70505,5.56991,2446.45
4.19049,2.53,109.875
3.98662,3.08838,225.235
4.15912,5.75152,2804.13
3.68739,4.64048,1139.23
3.1181,3.3929,322.794
3.36416,4.14903,719.344
3.3773,4.52542,1026.38
5.18683,4.02409,638.249
4.19217,4.52373,1026.14
5.77132,4.51906,1024.56
4.76451,2.80713,158.491
3.39343,4.51407,1015.42
3.88439,2.72748,144.149
3.61096,3.14987,244.079
4.74216,2.93147,187.828
1.20277,3.2502,270.811
3.39843,3.74319,476.132
5.7549,3.72702,469.851
2.03583,2.70839,136.414
2.36346,2.88223,172.446
4.42088,3.98183,609.591
4.5233,5.10777,1699.59
3.09816,4.77932,1286.73
3.96639,3.93485,580.93
5.95954,3.63059,426.613
2.80901,4.66112,1157.84
2.65115,4.69512,1193.01
4.07402,3.51665,372.242
4.46118,4.20999,765.125
4.77008,3.64697,429.642
5.5099,2.81489,165.162
4.12543,4.69291,1194.01
5.39715,5.05833,1635.46
4.0202,4.65351,1152.6
3.87195,7.20671,7386.45
5.57116,5.52708,2371.16
5.58454,3.71255,464.222
3.69495,4.44671,954.114
2.8497,3.17244,245.42
3.32725,4.98596,1533.69
4.93605,3.773,493.176
4.51627,5.23838,1889.38
2.45553,4.3325,858.428
4.38922,3.33315,301.683
3.51256,2.43034,94.424
4.0814,3.9793,609.264
3.60091,4.90561,1435.88
3.80638,3.99829,618.655
5.78755,4.66853,1173.7
2.62418,3.35422,307.271
3.8899,5.21539,1854.27
3.3578,3.19321,256.821
3.03909,5.34371,2053.35
2.76637,3.68069,443.631
4.81545,3.69291,454.759
2.82302,4.61916,1113.32
4.16994,4.20133,758.938
4.50516,5.3604,2084.12
4.51785,3.70906,459.818
2.82544,3.85397,534.082
3.21809,3.97745,605.601
5.29875,3.4865,362.621
4.48268,3.95164,592.273
2.71499,3.55594,385.912
4.52504,3.20904,262.414
3.56796,3.27771,281.295
5.42172,2.56969,118.686
4.32494,5.14738,1754.46
2.38481,5.0184,1574.67
3.01018,2.96229,191.714
3.44767,4.49987,1001.12
4.29736,2.61794,124.224
2.57897,3.5047,363.539
4.62391,3.70871,458.814
4.25418,3.28167,285.559
3.29307,2.84291,165.519
4.48944,4.88385,1409.6
3.54651,4.63534,1132.66
2.89197,4.12792,702.822
3.21343,3.80621,508.62
3.93852,4.05704,656.076
6.6578,3.28808,293.134
5.13436,3.43962,343.897
2.97955,4.00562,622.899
3.23003,4.53393,1034.33
4.37444,3.73793,474.58
5.26598,4.08162,675.484
4.3438,5.01141,1570.31
4.35965,2.40093,92.8206
3.35696,3.9626,596.129
3.3618,4.85813,1377.6
5.62685,2.25139,79.6127
3.78549,4.49363,996.689
3.66249,4.17159,735.638
2.21623,3.80296,501.782
3.66166,4.30254,833.709
1.66929,4.57396,1068.84
4.25527,4.44136,951.467
3.28693,3.2967,289.804
2.89741,2.87963,172.349
2.49734,2.66807,128.158
4.27035,2.7605,150.902
4.55741,3.73544,474.039
5.10465,4.15436,726.936
2.84115,2.35512,82.5084
5.62613,4.77181,1283.12
2.91793,4.355,876.673
3.25829,4.9314,1464.24
4.37991,4.45373,964.533
4.13356,4.11129,693.86
5.51105,3.38146,321.839
3.03931,3.4531,345.338
5.50376,4.82557,1343.16
4.62181,3.86825,543.091
3.72215,5.24687,1901.06
3.16906,3.46249,348.349
5.13009,5.3851,2124.06
2.66155,5.31983,2012.23
3.36331,3.33027,300.845
5.09309,4.35814,882.364
5.82107,4.91453,1450.45
3.53629,5.81342,2932.56
5.90549,4.56295,1067.69
4.91849,3.46263,352.253
6.26088,2.96243,198.361
2.23611,3.74107,473.396
2.84447,2.95841,192.004
4.31235,3.97532,605.97
4.25308,4.22819,779.592
2.95831,4.69125,1190.35
3.98577,3.77687,492.628
2.40287,2.66148,128.609
5.39915,3.81649,517.047
3.42741,3.36824,312.997
4.07723,3.09248,228.243
4.79986,4.16039,730.728
3.01328,5.86123,3035.09
3.62171,2.61974,122.697
3.13814,3.25742,274.827
4.74721,4.7899,1299.07
4.22559,3.08912,226.221
2.68446,3.73895,473.407
4.46838,1.29791,21.4559
5.16692,2.18469,73.012
3.86455,3.39209,322.276
4.32831,3.81983,517.035
3.92919,4.80549,1316.61
3.4739,4.53372,1033.12
5.32065,6.04065,3458.35
5.58813,4.84999,1373.84
4.10184,3.54095,383.233
3.63414,4.6162,1114.11
3.91029,5.95921,3258.89
1.93721,3.92304,570.871
3.19133,2.76138,148.814
5.11453,3.57295,398.176
3.35034,3.8819,550.38
4.5204,3.33253,304.049
3.85046,3.33509,302.357
1.81832,4.6519,1147.43
6.07801,3.77774,498.119
3.51755,3.51307,369.148
5.34516,2.83081,167.673
2.81927,3.6228,414.572
5.5289,1.57546,31.6029
3.40556,3.76856,488.048
3.23139,2.56697,113.829
2.84003,3.87439,543.7
3.93862,4.85412,1372.69
3.58876,3.89235,555.669
3.01655,4.98271,1528.66
2.92966,3.02409,207.486
2.70835,3.34711,304.62
3.89015,5.42172,2184.75
4.53386,5.13876,1744.87
3.17598,2.95695,191.053
2.24979,3.33816,300.837
2.76539,2.41134,91.7853
3.30957,1.06801,15.51
4.65497,5.42833,2194.87
3.38582,3.08491,223.404
4.71256,4.3618,885.032
3.48971,4.93321,1468.26
3.42891,4.95067,1489.27
3.20025,4.12228,700.847
4.2416,5.32418,2022.03
2.39037,4.45139,956.217
4.36357,3.88863,554.277
4.70801,2.68661,136.324
3.87134,4.0793,671.737
4.20894,4.3655,887.604
3.5595,5.78341,2869.06
2.80833,5.14536,1751.25
4.61889,3.51129,371.236
4.92799,4.45763,967.871
4.8824,1.43928,26.2069
6.1332,2.58162,123.809
4.17974,2.635,127.992
3.00183,2.87488,170.602
5.85619,3.09128,231.835
4.48523,4.94729,1486.1
4.8375,3.7171,465.928
3.94907,4.37604,895.27
2.20791,4.71227,1210.7
4.69237,3.62872,421.639
4.27411,5.78315,2870.67
3.78338,2.83437,164.846
3.46532,5.36892,2094.99
3.20018,3.4589,346.305
5.22804,3.31123,298.012
4.00147,2.42621,96.5496
5.00208,3.29342,290.016
6.24241,3.5863,407.586
3.62325,3.09742,228.698
5.138,5.07413,1656.18
3.80314,2.19482,66.679
4.23416,3.98683,613.068
4.04301,5.38703,2124.47
4.95133,3.32588,301.99
3.74569,2.18002,67.2787
4.167,4.07535,668.66
3.10848,3.30741,292.108
3.5527,3.59163,404.596
3.16638,3.53717,378.361
4.2495,3.00719,204.26
5.23941,4.34538,871.902
3.95645,7.20115,7360.4
4.0404,3.60746,411.044
4.75318,4.04881,651.869
4.21979,3.38523,321.408
4.46723,4.04101,648.517
3.37104,4.03378,640.802
3.71406,5.19425,1823.52
3.05851,1.61579,29.5235
4.54219,3.49685,362.763
3.6111,4.57856,1077.99
3.23643,4.63099,1127.79
3.59981,4.37721,894.949
3.29386,5.13786,1739.75
4.49637,3.39584,324.674
2.07959,2.72026,137.204
5.10815,4.86019,1383.38
2.02118,6.14077,3702.84
3.03,4.46098,965.742
3.13895,4.16006,726.583
4.19289,4.76918,1276.47
5.25611,3.90763,568.481
3.6962,3.93176,577.459
5.11622,3.05006,217.932
3.8339,4.81971,1335
5.63046,4.44599,959.538
2.12913,1.57051,26.9107
4.14947,4.17448,738.917
4.90747,5.39069,2133.17
4.21762,3.85945,537.695
3.96538,4.733,1237.92
4.68956,3.47235,357.011
3.08847,3.11442,230.943
3.30932,4.29618,829.386
4.87393,2.69388,138.05
5.4568,3.40331,331.005
3.50211,4.17346,735.333
2.9155,3.32455,297.56
3.64551,4.33209,856.875
3.79636,4.78086,1287.81
3.86494,3.40796,328.293
3.04968,2.66669,129.455
4.59578,4.58002,1080.75
3.69085,4.75113,1255.92
3.93179,3.78656,498.814
2.73109,4.52543,1025.38
3.73218,3.04033,212.134
2.60021,4.35243,872.71
3.39099,4.39112,907.403
3.42122,6.26095,4026.28
5.17327,4.37628,897.969
4.48712,4.25861,801.263
5.00962,4.42285,936.842
3.51348,3.1525,240.423
4.30096,4.34188,866.793
2.71258,2.73086,141.725
3.39424,4.19821,754.203
4.31987,3.47865,358.181
3.65279,4.2877,822.441
3.95568,5.11187,1703.13
2.65071,2.14797,61.7468
4.74014,3.32836,302.02
4.13143,3.0416,214.364
4.09136,3.01837,208.392
4.45786,4.51367,1018.37
3.43441,4.25934,798.399
5.03971,5.5922,2490.34
3.96376,4.75303,1257.97
3.13627,6.19431,3843.32
4.4054,2.78802,155.977
2.19563,3.9923,612.989
4.37588,3.63964,426.143
4.36555,4.34399,868.266
5.37599,4.10372,692.493
2.76921,3.6181,412.152
2.73411,3.8087,509.185
2.43641,4.07843,670.921
3.95996,5.70052,2699.89
2.55603,4.6672,1163.79
3.18675,4.32892,854.132
5.74494,2.9924,204.258
3.71029,3.68258,443.529
3.87162,6.31912,4189.27
3.54519,4.20862,760.733
3.39694,3.643,427.006
1.81566,4.93931,1472.66
3.54938,5.35472,2071.62
4.33841,3.66631,440.619
4.3872,4.26107,804.373
4.22195,3.89364,557.675
4.25226,3.971,604.498
1.97467,3.64572,425.59
4.05146,6.84366,5905.49
3.19722,4.36089,879.319
3.57727,3.81413,512.87
4.3171,3.23773,270.755
3.9345,3.1667,249.096
5.47316,3.79601,508.314
1.64398,2.75868,144.614
2.32518,3.57519,394.184
4.58478,3.2239,266.437
4.73548,4.06012,661.297
3.87641,4.94949,1489.04
3.69878,3.43792,338.794
4.86101,4.11999,699.65
5.39679,5.08598,1669.65
2.6175,2.25571,70.8405
1.74142,4.87159,1389.01
4.9268,5.69106,2682.38
4.25927,5.5489,2409.77
4.09331,5.15835,1770.71
3.90055,4.58502,1085.36
3.65024,6.52912,4819.33
3.70684,3.05897,215.477
4.18409,3.46525,351.326
2.76638,2.07127,54.7828
4.28579,4.26709,806.647
4.70259,6.71507,5441.03
4.49439,3.70058,457.675
3.0123,4.65044,1147.49
5.8263,3.22963,271.431
5.21442,2.08831,63.6834
3.30204,5.01154,1567.16
2.12846,3.0582,214.019
2.02328,4.14722,714.038
4.34631,4.97294,1519.43
4.66234,3.87146,547.126
3.62194,4.06058,656.702
3.29051,3.57424,398.028
3.62574,5.4808,2285.07
4.23342,4.99079,1543.48
2.72447,3.12789,234.546
4.09641,3.89223,554.276
4.30585,3.3795,318.347
3.46179,3.86664,541.701
2.9824,4.14885,717.818
3.99414,6.0838,3561.72
4.27457,4.45494,963.98
4.18162,5.21627,1857.24
4.61556,4.14198,716.369
2.39676,4.2262,773.554
4.03287,3.85528,535.044
5.23975,3.89467,559.696
5.18118,3.81381,514.715
4.37618,3.80644,508.748
4.61741,4.60695,1107.3
4.41705,3.94713,590.683
3.56015,3.34988,305.414
5.26346,5.12819,1729.76
3.94132,2.35786,85.09
2.29731,4.8027,1311.16
2.90015,4.50118,1000.83
4.77387,3.66242,438.224
1.54095,3.52912,374.066
4.79326,4.19217,751.769
2.78225,3.90781,562.993
5.13538,4.12944,710.384
3.12621,4.27331,809.991
3.32726,2.63607,126.057
3.55401,2.72911,142.779
4.38148,3.71736,464.057
4.09392,5.44298,2220.59
2.9444,2.41498,90.5969
3.84173,3.81202,509.691
4.70312,3.31319,296.533
3.54298,2.83901,163.803
3.50264,4.18492,745.216
4.99588,3.7077,462.107
4.13627,3.95593,594.647
5.43533,3.13419,242.853
6.0828,3.46813,357.561
3.4261,3.92997,577.641
2.59017,4.0371,642.249
2.62927,3.45268,343.538
4.24418,2.73347,145.941
4.14925,4.17879,743.405
4.90428,2.5139,108.893
3.8805,3.64207,428.281
3.23048,4.25606,796.397
2.32081,4.96833,1510.55
3.02142,3.81374,512.988
3.20256,3.73387,470.701
5.14701,4.31223,845.431
5.94407,5.57582,2462.59
3.20372,6.19774,3853.32
4.36299,4.63012,1129.93
4.46822,3.80002,505.134
2.98176,3.28596,283.469
2.92118,4.1389,712.193
2.69624,4.92583,1456.91
2.4172,4.09467,680.611
3.09691,3.55643,386.971
5.03301,4.54177,1045.01
2.44894,4.37643,893.71
2.48856,4.63277,1128.15
4.29121,3.95067,590.878
5.02756,4.37979,898.602
5.07441,4.50846,1010.77
5.67424,3.89258,560.151
2.73316,5.04049,1605.59
4.79122,3.3926,322.019
4.47693,4.66112,1163.12
5.01281,3.94866,592.828
6.05491,5.61106,2529.13
2.97186,4.97434,1517.97
4.43981,4.75098,1257.94
2.22038,4.50347,1002.9
3.5224,4.50191,1005.52
4.7077,4.70718,1211.01
3.97463,2.55079,113.056
4.94924,2.63138,129.873
5.18773,2.38587,91.8306
3.5381,3.75943,481.66
3.39608,3.7024,453.803
2.30522,3.80526,506.227
4.03414,3.24096,270.976
4.93866,2.29684,80.4377
5.50354,2.31388,86.4918
4.97949,3.42664,338.763
3.36145,3.5905,403.424
4.6148,5.32278,2021.63
4.6779,5.20275,1838.06
5.96611,5.80892,2929.02
3.6817,3.87883,546.99
3.99424,3.71583,461.652
3.03078,3.23057,265.7
1.54455,4.74619,1246.7
4.33011,3.74833,480.79
4.74382,4.26785,810.566
2.1501,5.55013,2408.29
5.08445,4.33092,859.338
3.83528,2.3349,83.9245
3.66197,3.56612,393.07
3.36102,2.7829,151.306
2.99693,3.82767,518.811
5.57646,1.85291,46.3537
4.58262,4.03985,647.253
4.18882,5.19619,1825.62
5.06393,4.13194,711.231
4.72369,3.33063,302.862
3.77452,2.96217,191.634
5.32049,3.93904,585.68
4.10553,2.86093,171.406
5.26651,4.3405,869.31
5.54605,5.4724,2274.72
5.23652,4.09685,686.077
4.56998,3.9187,573.377
5.1423,5.75772,2818.78
1.76013,2.20082,65.0285
3.77673,4.63713,1134.72
2.75933,5.02161,1579.8
5.18448,4.72888,1234.05
4.10297,5.32866,2029.39
3.84027,4.56687,1064.9
4.52418,3.04369,216.53
4.41441,5.07034,1646.83
3.97427,3.53901,381.761
5.655,3.92396,579.984
3.61607,3.06532,219.966
4.55176,4.14327,715.368
4.32499,3.60716,411.043
2.38093,4.72601,1225.89
4.33277,4.93411,1469.55
5.23599,3.94729,592.78
3.39905,2.26843,75.7468
2.99266,4.90855,1437.68
4.81839,4.53294,1035.74
4.93792,5.13845,1745.41
3.45554,3.87443,545.667
3.45357,3.85822,534.646
2.85865,3.04227,212.283
4.52257,4.87343,1395.98
