3
4.3838,6.40122,180.044
2.6715,1.4823,57.3627
4.75824,3.29803,218.368
5.30044,3.21118,284.312
5.40931,3.14516,299.81
5.2139,3.17922,272.953
3.74875,2.19542,121.777
5.07739,3.47516,255.868
3.40743,4.7157,101.2
4.14978,2.63191,157.067
3.09956,3.76417,80.9721
3.6778,4.619,119.376
5.94694,3.84305,382.965
3.03024,2.56437,76.1261
2.79662,1.69007,63.4031
3.21248,4.71157,86.8416
3.15106,4.2581,84.4465
3.62297,3.20752,113.389
4.07112,3.63378,149.441
3.55182,4.02764,110.978
4.63596,3.54528,204.474
3.94902,4.10485,138.756
4.48262,5.19077,190.786
4.35773,2.72912,173.201
4.08425,2.95239,150.361
5.79302,2.9326,357.972
3.99936,4.3953,144.833
2.62934,4.68696,59.6523
6.6957,4.15206,523.071
4.31181,4.61248,172.282
3.33816,4.06428,95.0565
4.49463,4.03999,189.633
3.22249,5.43329,89.8322
3.73624,3.52986,122.607
4.39167,2.12872,175.224
3.58795,5.62487,114.106
3.16977,4.41904,84.1568
1.73073,4.41943,28.3579
4.75551,3.99686,217.298
3.14263,4.87318,85.305
2.93988,4.63876,74.6137
4.05256,4.05379,149.281
4.10078,4.08105,152.164
3.2039,3.7251,86.3354
4.62665,3.73349,201.421
3.96394,3.73198,140.389
4.53913,3.14197,194.146
2.60248,3.32095,56.6976
5.32899,2.92838,289.326
4.21591,3.38089,161.239
5.72624,3.98085,346.503
2.99075,4.85525,75.7514
4.75539,3.55017,216.93
3.38266,4.26972,97.8499
4.39316,3.1205,176.763
4.02198,4.92793,144.127
4.77386,3.99627,217.14
3.01323,4.8655,77.7183
3.19459,5.68454,86.5473
3.5934,4.11111,110.907
3.08458,3.49668,79.1479
3.3587,3.71496,95.1954
1.53596,2.15417,22.0624
5.03409,3.24125,250.699
4.59699,3.32667,200.238
4.16079,5.99636,158.98
4.62136,4.76454,203.534
3.05262,3.93246,78.0996
2.85004,4.04992,68.6295
3.28909,3.61108,91.6918
2.33241,6.48809,49.7646
3.76381,3.15847,123.539
3.95537,3.61515,141.057
3.98566,3.40374,140.657
4.50486,3.54746,189.144
6.26659,3.25294,439.918
4.48135,2.6782,188.337
3.15251,6.04509,86.4722
4.08665,3.17358,150.538
4.3755,5.11227,178.949
6.2159,2.72276,431.088
3.81674,4.54239,128.19
4.95997,5.30879,244.492
3.14429,3.6095,82.3407
4.34592,3.33142,175.012
2.90827,3.68423,70.0895
2.58898,3.90842,55.7761
4.73421,2.75182,214.956
4.10879,4.73421,153.819
4.64192,3.81511,202.728
4.44584,2.33273,182.725
5.10507,4.22805,260.596
2.85779,5.13987,71.0443
3.11615,2.86225,79.2398
2.82626,3.50083,65.3837
3.36561,4.05574,97.0884
3.20287,5.35978,90.3128
3.49944,5.50592,106.909
5.29136,4.56244,284.987
4.53099,3.80861,193.744
3.87957,3.433,133.144
4.90892,3.44038,235.395
3.11529,4.99925,84.1215
4.43113,5.36398,185.363
5.14837,0.941421,262.644
5.13401,4.19989,263.679
5.03425,3.7795,251.454
2.88398,2.21523,65.6323
2.95321,2.59028,73.0434
4.80643,3.28906,222.038
5.38062,4.41102,296.718
2.96437,3.80288,73.8627
4.24146,3.2383,162.873
3.27977,4.77416,92.1305
4.61728,5.17068,203.985
3.40428,3.44528,99.2242
3.59473,3.91818,111.638
1.67137,5.62424,27.2302
6.50286,2.87865,483.303
4.49982,4.02953,188.437
4.55118,4.44556,195.697
6.58777,3.41531,500.269
4.67173,4.93413,208.777
4.39721,4.40936,180.236
3.90008,3.95852,132.806
2.83324,5.01362,68.786
3.09736,6.10402,82.8282
3.51324,4.7125,107.898
3.63332,4.49123,113.414
3.32518,4.13649,94.4746
4.98544,1.82524,241.117
2.90676,4.60462,71.3505
3.96012,4.67516,140.861
2.31758,3.55902,46.7897
2.32791,5.05382,48.0189
5.28965,4.18516,284.701
4.64736,3.30515,203.933
5.4548,2.73207,304.846
5.77693,4.71859,356.286
4.01087,4.03117,144.266
4.63529,2.58874,202.303
4.23161,3.67643,164.422
5.32676,5.91223,291.443
2.84263,4.46753,68.5231
5.5642,4.07888,322.932
3.38083,3.41387,97.5781
4.22215,3.56575,158.981
4.97773,5.9797,247.239
4.5093,3.9078,189.317
4.3338,3.19243,173.143
3.29041,4.56302,92.3561
5.62917,4.37222,334.222
5.97024,3.85145,386.233
3.36949,3.92294,98.1841
4.78143,5.12369,222.817
3.84587,4.98645,131.419
5.13481,5.3506,263.848
5.07239,5.15251,257.211
4.76861,4.53852,219.14
5.1286,3.33597,263.141
2.83642,3.56141,67.6328
1.97666,5.32793,36.0238
2.4484,0.628473,47.6958
4.49636,4.25922,189.297
5.55565,3.34498,320.591
5.88059,3.38342,372.486
3.36479,4.96659,98.2529
4.97448,4.48981,244.413
3.55589,3.06144,107.161
4.92566,4.49081,239.457
4.82836,3.44184,223.649
5.38173,4.51113,297.703
3.34592,3.16114,94.3934
3.66975,3.30994,116.664
5.02141,4.19136,248.706
5.68362,4.08495,341.29
3.09402,4.31017,81.2259
5.7357,2.70533,348.372
2.29006,3.64901,43.8759
4.57839,3.54465,197.366
7.67487,3.26594,751.929
4.56501,2.70714,195.32
3.91157,3.47053,135.879
4.54237,3.41508,194.38
1.54015,5.75778,27.5895
3.4213,4.93524,100.796
2.92674,2.85463,71.1091
2.77508,4.2693,65.2251
3.4051,3.49465,97.725
3.16747,6.53867,89.1139
2.12645,5.17941,40.5992
3.63336,4.14359,114.273
4.93001,3.5083,239.442
4.05915,4.47752,149.7
3.76655,3.42453,123.27
3.33493,4.18781,94.9385
4.28652,2.71294,167.848
4.48952,3.7029,189.152
4.43383,2.94139,183.391
4.71153,4.23578,213.854
3.475,4.72557,107.048
2.49011,4.254,51.1955
4.05995,2.89672,148.172
5.42182,3.85605,302.757
2.377,3.27285,46.6205
3.02697,3.6103,75.0839
4.65021,3.65556,204.623
5.00674,2.24193,244.104
5.13015,4.09423,261.645
4.03361,2.87826,143.805
3.01829,4.08732,75.5596
4.55694,4.57343,196.93
4.85516,4.5981,228.972
2.5401,3.03729,53.6264
6.11591,4.64783,413.083
4.94405,4.30124,240.975
4.44691,4.8932,185.669
1.68335,4.35956,26.2688
4.36761,3.58778,174.973
4.72428,4.75698,214.386
5.43421,4.0304,305.519
3.29499,4.29163,92.2047
4.74981,5.02046,218.004
2.70212,3.9431,58.7782
3.67389,5.97042,120.159
3.07192,3.54927,79.4026
4.7136,2.68665,210.524
4.34233,5.2541,175.052
3.42859,4.93575,102.327
5.04441,2.47368,252.138
3.51289,3.12515,106.371
4.76152,4.81128,217.924
4.71744,4.05239,211.531
3.19925,5.01317,87.4261
4.58118,3.87013,197.194
3.36743,3.48103,94.8853
3.7592,6.91657,126.724
4.0165,3.25891,147.37
3.6555,3.72596,116.955
3.62662,3.00072,112.76
3.68558,4.29644,117.473
2.76593,3.26481,62.3679
3.40672,2.53035,99.195
4.82632,5.61313,227.372
4.9205,4.4354,237.506
2.66333,3.72033,59.0145
4.14917,3.7724,157.578
3.10512,4.50281,82.1786
3.87386,4.26733,132.268
2.44124,3.50034,50.4008
3.91052,4.42939,136.229
3.53087,2.84039,106.108
5.24714,3.06331,277.38
3.75602,3.41443,123.091
1.67826,4.44336,26.5483
4.43764,2.46342,181.614
4.96897,3.02713,241.421
2.68368,3.90693,61.0009
4.64167,3.86222,205.272
4.14344,3.29725,157.19
2.75039,4.06401,62.9661
3.81674,5.38277,131.644
4.38005,2.64214,176.811
4.14432,4.82416,156.491
4.2525,3.61002,166.428
4.25355,4.30941,167.153
1.55186,3.4276,23.3689
2.99611,4.21681,75.3744
5.61825,4.12759,331.077
3.4255,4.42811,100.331
4.81896,4.76683,225.298
3.7105,3.51258,119.689
2.27305,3.57844,41.9441
2.48058,2.67883,50.6921
4.12387,2.8488,153.247
5.11049,2.58114,258.271
2.60957,2.05277,55.3459
6.03244,5.17553,398.053
2.98908,3.17128,73.6426
5.36106,4.84985,296.678
2.22376,2.39668,39.2994
3.33026,3.53961,93.2757
3.63284,4.48121,116.361
4.94694,4.69528,240.807
4.49285,3.18938,188.253
5.46905,4.76987,311.664
4.06814,3.69806,149.658
5.51933,6.11193,319.688
4.10837,5.77594,153.52
3.03405,5.33589,79.2819
3.74229,4.50582,122.379
4.36911,4.53065,178.236
4.8419,3.46619,227.974
3.74484,2.61982,121.999
3.71645,4.37241,121.341
3.84577,3.21196,128.405
3.9473,5.06705,140.489
3.89165,4.37517,134.622
4.31591,2.76301,169.487
2.73512,6.3554,68.0731
4.28726,3.74659,168.768
3.76921,6.17254,127.9
2.62853,3.5894,56.7324
5.57463,1.97776,322.618
4.64585,4.22565,205.487
3.52839,4.22642,107.663
4.3579,3.67397,174.706
4.7135,3.92279,212.605
3.85087,3.22058,131.637
5.77674,4.86705,356.798
4.5221,4.78381,194.228
3.3767,4.48118,96.6055
3.9355,4.13274,137.723
3.48889,5.63178,107.469
3.28504,3.54922,90.8648
3.55814,4.04961,110.57
3.35289,4.24185,96.15
3.672,4.4759,117.926
3.32332,2.17546,92.6602
4.67662,3.60707,207.536
2.63499,3.33811,57.9207
4.43856,2.87037,183.056
3.78925,4.53181,125.483
4.03548,4.0824,146.752
5.0421,4.26619,251.888
5.49591,6.15299,314.431
3.22663,3.93204,88.7819
4.16026,1.78917,154.737
4.08787,3.084,150.567
3.44945,2.82569,103.232
3.71838,2.602,119.909
4.31148,3.58958,169.615
4.14054,4.91441,156.477
4.81818,4.53266,225.949
4.79739,3.24034,222.2
3.11927,3.77866,82.4166
5.21675,4.86572,274.529
3.2258,3.70483,88.247
4.85406,3.08628,226.997
3.45556,3.00853,100.727
3.69812,4.34406,118.1
4.10569,3.2319,150.704
4.02657,2.91829,143.766
6.05019,3.11692,398.926
4.91829,5.46332,236.567
4.46731,1.61416,183.272
4.21787,4.00745,163.576
3.05953,3.28884,76.0641
4.31357,5.73681,174.542
3.57073,3.9384,108.877
4.74832,4.93767,218.503
5.3308,5.29465,291.12
3.53603,3.30555,107.119
3.06815,2.39287,78.5019
2.55685,4.19028,53.4657
3.70298,4.78918,119.951
3.64634,4.12304,117.102
3.36425,2.32111,93.6266
3.71032,3.26054,118.068
5.38637,3.39533,296.462
3.8368,3.83878,130.433
3.80053,2.99647,127.163
4.37611,3.6498,179.818
2.72069,2.32801,60.7523
7.02063,2.70611,592.69
4.95737,4.02411,240.157
3.42957,4.33832,100.627
3.57514,4.07963,108.936
5.97673,3.42528,388.519
3.9633,4.03455,140.149
2.54904,1.65971,52.7938
3.03205,2.97035,76.6068
3.89661,2.06208,133.655
5.37345,2.56686,292.56
4.3398,3.84567,173.772
5.61889,1.93472,329.213
4.44182,4.3774,184.624
4.99044,2.86491,244.841
3.63553,2.61403,111.861
4.2537,4.04926,166.88
4.47594,3.56073,187.778
3.04187,5.41378,80.2386
5.13882,3.20086,263.149
3.68079,3.01066,116.095
3.99412,3.34968,143.049
3.40824,6.00812,102.865
4.01017,3.68743,142.458
4.76179,0.93274,215.15
3.09054,4.93199,81.2849
2.5356,4.68989,55.6001
3.59445,3.75748,111.87
4.69308,3.8951,211.652
4.06993,3.55703,148.986
4.88656,4.94791,234.495
3.93137,5.2727,139.748
3.55977,2.83189,108.882
2.83001,2.07443,63.8583
3.24802,3.90359,89.526
3.67936,5.01561,117.022
4.39535,4.14828,181.709
4.44094,5.54114,187.453
4.66433,3.77976,207.431
4.02201,5.10476,146.157
3.01906,3.65637,75.1683
3.50023,5.03579,106.183
2.08323,2.90492,35.7259
6.09905,3.88966,407.929
3.52203,5.49079,108.178
5.3593,3.26825,292.995
3.0447,4.93871,79.0662
3.60958,3.90291,112.998
5.44782,3.74495,305.973
5.25584,3.70394,279.978
3.58104,3.09533,110.643
2.17074,2.71452,38.5856
2.90927,2.51835,69.0594
2.62059,2.95436,55.9633
3.2934,3.15656,90.138
3.76083,4.40778,124.295
4.63798,3.91704,203.788
4.79602,4.46084,222.311
4.63271,2.52709,203.914
3.16342,3.02903,83.9187
3.39739,7.08814,102.875
3.24937,4.38097,92.0488
4.26704,4.39386,167.659
3.22209,4.7522,89.3525
3.9683,4.07648,142.551
4.48811,5.08272,189.946
4.38177,4.83136,181.793
3.61808,2.79915,114.36
5.80309,3.36751,360.225
4.01488,3.20545,144.639
4.72637,3.46789,214.547
3.081,3.2645,79.6345
4.93327,3.98316,238.83
3.91416,3.89349,136.609
6.25736,3.72661,436.383
5.17739,5.55067,270.529
5.36502,5.10901,296.153
5.66228,3.68524,337.571
2.96369,3.86274,73.4864
4.69504,4.86043,212.538
4.85418,6.1184,230.462
3.99628,3.7889,144.38
4.34989,2.03053,170.568
2.77424,4.5436,66.7294
3.66527,5.46096,118.087
3.00948,3.43892,73.6312
1.72866,3.44843,27.0087
3.91434,4.76502,136.848
3.27177,4.46567,92.1261
4.97594,3.02705,244.096
2.26497,3.44907,43.5618
3.51873,3.89401,105.816
3.4265,3.09633,99.439
4.75236,4.51154,218.447
5.44566,3.69988,305.444
2.01401,3.22403,33.0443
5.45494,3.78571,307.458
3.74455,4.38974,122.891
4.92091,5.01943,238.189
3.87984,3.31108,132.453
2.21019,3.4921,41.4866
5.67497,4.14706,339.417
3.90254,5.50351,137.458
3.78962,4.13302,126.53
3.73598,5.0225,123.542
5.72804,4.97593,349.929
4.86113,3.7231,229.012
4.53496,4.60704,194.204
3.405,3.42909,99.8243
3.52315,4.39808,107.953
3.31046,3.59617,90.3055
5.04941,4.61892,252.081
3.49701,4.4071,106.88
3.911,2.56029,135.324
3.63399,4.33881,114.892
5.1411,3.18702,262.163
3.41224,3.5624,97.5441
2.92875,4.55002,72.0014
3.62008,2.46834,112.367
2.87545,3.03014,69.3401
5.08458,3.27953,256.718
5.19152,3.06436,270.363
0.930439,3.72458,15.1566
5.98905,4.12822,388.988
4.73249,5.04015,216.663
5.55207,2.49169,319.23
4.11599,4.63621,152.541
2.93137,3.48202,70.1104
4.83013,2.8428,225.211
4.51997,5.66038,193.191
1.88636,4.24431,31.5386
5.04351,5.0823,252.978
3.1701,4.28617,86.2068
3.93975,4.42607,140.079
1.70238,4.00953,26.909
4.0643,4.43028,149.058
3.64731,2.91786,114.812
3.97144,4.35863,140.219
3.09905,2.87743,80.4896
1.98959,4.22638,34.9271
3.89684,4.24131,134.135
3.8668,5.1069,134.152
3.74644,4.7278,124.028
5.43219,4.52144,304.448
2.35327,3.36557,46.8192
4.96456,3.90494,242.715
2.89474,4.35066,70.4151
4.39752,6.15842,182.337
3.56577,4.57038,111.405
3.16678,6.25522,87.6085
5.25287,5.02628,277.6
2.2839,3.88508,44.9474
2.74217,3.61039,62.4752
2.02142,4.60989,37.7127
6.1006,3.65859,407.322
3.66152,3.52367,117.439
5.34081,2.84462,290.547
4.15244,3.82237,156.066
3.74042,3.57982,123.079
3.77058,3.86318,124.398
3.62066,3.96385,114.862
4.9287,3.81844,236.725
4.4136,3.21492,180.112
5.72095,4.63059,346.448
3.76305,4.50875,123.938
4.51961,5.4264,193.84
3.43097,4.36694,101.462
3.81,3.79817,127.757
5.34979,4.02264,290.885
3.96762,2.54893,138.494
3.78963,4.70514,127.021
3.97894,5.17949,142.383
3.71926,4.30685,120.843
5.33152,4.64975,289.516
4.01823,3.32594,143.691
4.16104,4.51631,158.008
3.87854,4.77353,135.479
4.60865,3.78795,202.26
3.56443,4.35001,109.452
5.86393,5.64313,371.928
4.66448,3.95124,208.81
3.09925,4.00308,81.9164
3.28126,4.72645,93.5235
5.2135,4.30137,273.449
2.96101,3.02369,72.1473
3.96496,3.23828,142.634
5.83913,4.17027,365.456
3.87352,3.14869,133.278
5.02549,4.87311,250.815
3.83507,2.74302,128.967
3.73961,4.68257,122.833
2.31032,4.66203,45.0111
3.5672,4.09203,111.412
2.19228,4.14959,40.1384
3.24481,3.41492,88.804
4.49386,2.4513,187.073
3.99034,4.82751,142.267
6.02791,2.63621,395.136
5.25895,3.72536,281.147
4.28329,4.03701,169.106
2.12156,5.70633,39.5847
5.51021,4.81813,317.3
4.81781,5.17907,225.653
2.86687,6.09367,69.8333
4.83982,5.20505,228.485
2.87579,3.51981,67.6576
4.75771,3.71415,218.107
3.48562,3.09586,102.38
5.16983,3.43503,266.994
6.29783,4.03678,443.776
5.34011,5.27855,292.245
3.63431,3.91705,114.193
4.04897,3.70858,146.698
2.29853,4.03593,44.7919
4.90056,2.92001,234.147
3.35441,3.22419,92.5788
2.87593,3.10454,66.6113
2.27516,5.2271,46.5509
3.11277,2.77904,78.8303
3.47967,2.99739,104.112
4.19099,3.96146,159.224
4.12978,3.04381,153.03
4.05742,2.71161,146.701
3.71747,5.23005,123.267
3.51517,4.40227,108.648
4.06212,4.43013,148.092
2.95895,3.13181,73.4665
5.79636,5.39543,362.305
4.14101,2.44228,155.419
4.88539,3.05257,232.834
5.22111,6.08578,276.129
4.39559,4.02324,178.857
3.87887,5.06441,135.196
2.99731,3.60348,74.2703
4.32969,4.62835,175.209
2.83412,3.08798,67.9262
4.33053,4.80461,173.992
2.52238,3.94902,53.4406
3.75061,5.13321,124.379
3.05923,2.38624,76.7855
4.47901,2.10959,187.108
4.86554,3.18655,230.078
3.30349,4.57782,92.5881
4.15899,3.73541,156.544
5.19143,5.35154,273.103
4.14092,3.03123,153.788
5.5535,3.74001,322.712
5.3957,4.54653,300.115
5.15542,3.9497,265.351
4.07348,5.94841,151.806
4.84651,5.13585,229.992
3.38954,2.74616,95.7348
3.60344,3.46978,110.976
2.42245,3.35845,48.0591
4.61533,2.99164,202.296
3.13575,3.49115,81.3683
3.29986,5.05074,94.3823
3.26076,4.27504,90.8713
3.11691,2.90861,81.9094
3.98926,4.60269,142.412
3.14205,4.27575,81.2594
4.84208,4.15644,225.97
4.19046,4.60378,161.13
4.1097,5.64696,154.715
3.61992,4.56046,115.642
4.52402,3.26405,191.886
2.42199,4.35029,50.5368
3.43638,4.04169,100.832
3.44758,5.64213,105.72
4.06462,3.08714,147.379
4.87226,4.34922,232.209
4.67065,6.43252,212.167
5.90089,4.67873,377.018
4.17364,5.03417,159.909
2.5662,2.95958,55.2507
1.36243,0.857877,17.1283
3.53115,3.74659,106.515
4.12536,4.83586,154.021
2.81045,3.1463,63.8874
5.34442,2.65419,290.833
1.59541,3.37318,24.5829
3.99697,4.33555,141.963
2.98766,5.88298,79.1365
4.38929,1.46487,177.629
4.20084,3.20508,160.213
2.56194,2.93173,54.2864
4.52961,2.84303,190.951
3.83053,3.12589,128.651
6.74724,4.44471,535.596
3.4079,4.16259,99.2261
5.13713,4.34278,263.316
3.92529,4.38557,136.575
3.5493,4.12198,109.786
3.32445,2.36997,93.0592
3.36129,3.06477,97.8827
4.32874,3.11711,172.68
5.19307,3.80374,271.328
4.91227,3.54348,236.36
5.00235,2.56245,247.137
3.3975,2.42332,96.8707
3.88214,3.11849,134.448
4.22934,4.69849,163.882
3.52555,4.13517,106.809
2.17282,2.82264,37.5294
3.24883,3.92012,87.7021
3.77968,2.81732,125.534
4.56065,2.52761,195.326
4.13016,2.40072,152.57
3.39662,4.52976,99.4605
3.48538,3.41614,103.382
4.9453,2.1851,237.247
4.55686,3.76361,195.203
5.09912,3.94646,257.727
4.04921,2.5367,146.016
5.15694,4.72671,268.417
4.63573,5.16473,205.214
5.31839,4.32274,287.381
4.33551,3.83297,174.175
3.96731,2.65341,140.131
4.58819,3.92142,199.306
3.32629,3.33941,95.5195
5.50223,2.23413,311.841
4.7122,3.38536,212.439
2.41659,5.20441,49.7918
4.04849,5.22275,146.938
3.53767,5.05442,110.165
4.86136,4.27453,228.889
3.60597,4.33501,113.36
4.90044,5.40689,237.082
4.65998,4.89873,206.627
3.96989,3.78154,141.091
5.28714,5.02805,286.437
4.94872,6.67452,241.974
3.28111,5.57506,94.9005
2.93496,4.82039,73.1492
5.81032,3.89189,359.283
5.22158,4.10746,274.957
5.11453,3.22048,259.074
4.37473,4.7118,178.598
3.61528,4.06246,113.202
3.33943,2.17247,91.2651
4.31688,3.33315,170.786
4.01817,4.44526,147.551
4.68944,2.61851,209.5
3.30244,4.83359,92.4314
3.53508,5.37935,109.136
2.70196,5.52967,64.4659
5.60418,1.96879,327.923
4.03084,2.38938,143.965
3.55285,5.15823,109.592
5.30629,4.60982,287.321
3.56123,2.44163,107.063
5.00345,5.16052,249.362
5.87674,4.54858,373.547
3.19797,1.44335,83.7603
4.08858,3.53598,149.731
2.57444,3.35749,54.2725
4.64805,4.03958,204.931
3.62603,4.07837,113.554
1.83562,3.91608,29.8076
5.02949,2.83158,248.878
2.48225,2.95119,48.8129
4.68487,4.16376,208.909
3.56928,4.87588,110.521
2.79172,5.17131,66.789
3.70113,5.87963,120.82
2.82343,3.72193,67.0078
3.92833,5.15296,138.551
3.7399,4.18631,122.276
4.3456,2.9814,173.512
5.05048,5.71086,255.42
5.44465,5.69419,306.319
4.55138,4.31634,194.249
4.41247,2.36203,180.108
3.76325,4.11255,124.365
4.03915,5.46182,147.918
5.30438,3.44818,285.196
3.07434,5.35665,82.0702
2.57148,4.49015,57.1459
4.37035,4.19336,177.248
4.2288,3.31573,163.856
1.89076,1.93796,29.7357
3.86788,3.23239,132.8
5.25024,5.31249,280.571
3.11557,4.53817,83.1465
3.85032,4.39119,132.357
3.98841,5.44283,143.728
4.59983,4.49886,199.722
4.80197,3.2972,222.743
3.68893,4.62764,119.485
3.40175,3.13526,99.2845
4.01749,4.29494,144.729
6.08826,3.37966,408.544
5.22696,4.29591,275.557
3.92731,4.02234,138.673
4.23182,2.06059,163.287
4.51046,3.60603,190.212
5.80427,3.92099,358.915
3.08475,3.59167,79.5431
1.80691,5.26775,32.7565
4.11057,4.40175,153.514
2.46632,3.9002,51.3806
4.06216,3.81221,149.905
2.21627,5.60439,44.584
5.62108,5.54049,333.363
3.74278,4.19325,123.81
2.37594,3.19619,47.121
3.70655,2.76187,118.245
4.38538,3.69409,177.491
1.36875,5.10809,21.2789
5.41271,4.48643,301.834
2.52193,3.39884,52.3554
5.96108,4.60452,386.707
3.6238,4.1267,113.611
3.63483,3.22328,114.374
5.17488,4.68535,269.28
2.5176,4.53583,53.6304
2.9853,4.02993,74.7684
6.0332,3.1692,396.193
3.23445,4.93158,90.2594
3.44241,4.28733,101.498
3.93322,5.27596,140.628
4.9842,3.98288,245.071
3.37102,5.19415,97.4476
3.97597,4.26086,141.97
2.67143,4.64635,60.8209
4.96068,4.88891,243.136
2.78362,4.47529,66.6948
3.1418,3.32523,83.127
3.13267,3.3555,80.7337
4.61922,3.75294,203.744
4.38713,5.40198,178.11
4.38853,5.35821,179.562
1.55785,4.97243,24.9714
3.93999,2.88648,137.001
3.38501,3.76261,97.1999
3.04013,2.56162,74.1754
4.68239,3.96547,208.408
2.73127,3.90444,62.6115
4.12563,4.19908,153.765
2.70517,4.69002,62.7909
3.82115,4.45755,131.896
3.03325,4.20302,76.4016
4.49009,6.1901,191.121
4.95631,5.1213,242.618
3.11526,3.47869,82.2778
2.58818,3.30781,55.4529
5.2854,2.74459,283.315
2.85389,3.44409,67.6016
3.73499,3.87173,122.532
4.23205,6.5225,165.504
4.79675,4.20186,222.564
3.83117,3.93346,127.773
3.53092,3.64126,106.978
5.36769,2.62495,292.718
2.84297,3.6649,66.2217
5.52461,1.17311,314.378
4.15503,3.61964,155.87
4.61215,4.73319,202.241
4.05252,5.57124,150.422
4.87436,2.72926,231.765
4.12109,4.07518,152.737
2.75031,5.91792,65.9356
2.83638,5.60549,68.0045
4.30958,3.61907,171.053
5.31831,3.18215,287.619
4.24516,4.85558,163.635
5.18501,4.26131,270.956
2.90907,2.51519,70.6091
4.68245,5.803,209.351
2.80887,2.98383,64.8487
1.93747,3.99342,33.1245
4.25691,4.05118,165.129
2.46943,4.81672,50.4907
6.79954,4.82891,546.094
4.85465,2.58648,228.647
4.04039,3.84191,146.069
3.63275,3.31121,111.791
4.55551,3.35375,195.333
2.48734,2.9563,51.6295
5.0434,4.90889,252.308
4.31825,5.59016,173.912
3.24285,3.78312,88.1984
5.12953,4.98341,262.156
3.98025,3.69945,140.312
6.10669,4.00961,410.816
3.23114,2.60505,87.4391
5.77123,3.05581,353.479
3.21751,2.80133,86.7397
4.97639,4.65131,244.894
3.99327,6.14692,142.837
4.64181,4.76873,205.769
5.75705,5.38206,352.68
3.34015,4.91943,96.7068
4.85959,3.79599,230.772
3.73444,5.43537,122.716
3.49461,4.61315,104.514
4.45521,4.16887,185.282
2.97096,2.56546,71.9119
4.77566,2.83305,219.129
3.91492,3.69166,135.092
5.38693,3.80362,297.042
2.61934,2.46183,55.6042
4.02396,2.47382,143.429
2.49271,3.38349,50.5347
5.38659,2.81399,295.776
4.14043,4.13118,155.317
4.4964,3.86653,189.665
2.77346,4.64962,64.2383
5.50282,4.22592,314.245
3.92795,4.10622,138.498
4.1845,3.36122,157.502
3.74204,5.29508,123.874
4.73892,4.44402,215.505
3.54649,4.16275,109.236
6.7884,2.93673,541.904
4.82572,4.16339,224.835
3.77794,2.85964,124.423
2.61891,3.83816,58.0606
5.59685,5.40104,329.289
4.91877,3.09795,236.395
3.69498,4.44314,120.101
3.3068,2.90278,92.3439
5.71277,3.56697,344.35
1.95462,4.37139,33.5855
4.57185,4.14965,196.941
5.5988,0.711394,324.364
4.88152,3.09468,232.514
2.97097,5.03823,75.2461
4.49834,0.837226,187.701
5.39195,2.382,296.886
5.29252,5.81279,286.997
3.53422,3.76781,107.626
4.95592,4.44298,242.776
3.99946,4.34674,142.426
3.5731,6.34729,113.377
2.79764,3.13279,63.6913
4.90753,4.57379,235.874
2.81726,3.70675,64.8019
4.54207,4.53232,194.255
3.75224,2.50025,120.686
3.05073,4.00716,76.2748
4.15869,6.04549,159.814
3.16766,2.99644,83.2049
4.32738,3.29447,170.878
2.85828,3.49112,67.7715
1.5215,3.70038,23.2534
3.87715,4.69398,134.215
4.95549,3.2655,240.275
4.14806,3.9824,159.003
4.97407,3.93672,245.487
3.56886,3.61759,110.656
3.67735,4.06993,117.927
5.93256,4.54258,381.171
4.12778,4.80553,155.147
4.19743,2.7372,156.586
2.83747,5.34397,69.3585
3.12352,2.54317,81.6178
3.13646,0.923209,79.5681
4.82891,4.04542,226.123
5.08061,2.5142,254.108
4.11058,4.77066,154.532
4.59898,3.96395,200.754
5.25374,5.34869,282.022
4.68686,3.61084,209.718
4.50074,4.66867,190.074
4.36326,4.57424,178.615
3.14326,4.53093,83.1696
4.03725,4.93869,146.539
2.82352,4.00345,68.1309
2.71341,6.56527,65.8156
4.6927,4.12437,211.451
3.83048,3.31028,130.201
3.61089,3.55947,112.917
3.76146,4.84095,127.505
2.65566,4.4172,59.4637
3.65519,5.76026,116.6
5.47564,3.88115,309.637
4.66175,4.57367,208.892
3.10911,3.77007,81.8482
3.76397,3.8048,123.746
5.4405,4.06943,304.93
3.75195,4.22662,124.177
3.87739,2.86769,130.732
4.00056,2.46546,141.989
3.95455,4.32402,139.841
4.08327,4.21949,151.987
3.78412,3.63809,124.995
3.7926,3.22502,124.888
5.45855,3.46231,305.847
4.07737,6.55396,154.342
3.95378,3.8822,138.451
3.13722,6.87269,85.6282
4.83233,4.00447,227.391
3.15643,3.83823,84.6273
4.39499,4.04698,178.685
4.0967,4.17021,153.183
3.07829,4.96188,80.4354
3.97807,5.24555,145.033
3.68594,2.28908,116.914
3.02426,2.82501,75.9793
4.45243,4.03135,186.189
2.8948,4.17504,72.8579
3.55974,4.12188,108.653
3.68458,3.3877,118.744
3.98548,2.48253,139.371
4.02915,4.05454,146.279
4.05662,3.95469,146.668
3.06883,3.99562,78.9025
4.5372,3.42045,192.784
4.57378,4.66935,197.44
4.52358,4.57902,194.415
4.85101,3.32951,229.33
5.90214,5.30839,377.137
6.20923,2.73313,429.408
3.30885,4.86343,96.3669
3.05096,4.50282,79.2889
3.89352,2.5278,133.148
3.83908,3.55725,129.897
4.38771,3.97619,179.496
4.97706,5.46825,243.651
4.06979,4.19046,150.552
5.34864,2.78327,292.862
2.97332,4.67725,74.7439
3.72669,3.71555,123.138
1.26759,3.37648,15.0711
5.96823,6.41512,389.352
4.67388,4.21999,207.73
3.00045,4.44131,75.6384
4.6451,3.15567,205.573
2.8871,3.30703,69.0594
3.08282,3.63004,78.639
3.42061,2.79023,98.2376
2.67355,3.68734,59.8211
6.12643,2.68658,413.24
4.48271,3.70188,187.576
4.53829,4.30277,193.638
