3
2.17145,4.38617,43.4517
4.36787,2.68334,96.1542
3.48596,4.27158,74.3465
4.93186,2.05475,121.488
4.21441,5.01892,112.998
1.47298,4.67723,38.6337
4.60727,3.77249,116.767
3.38884,4.64779,77.3353
2.82197,2.9655,42.3136
4.12378,4.48688,99.8718
5.45415,4.80603,177.322
3.02856,5.28547,75.5148
4.6658,5.0463,134.622
3.3694,2.6079,55.6415
5.03018,4.59677,149.844
4.92356,2.65031,123.283
0.779019,3.62869,22.123
3.76877,3.47315,76.2702
3.56813,2.87083,65.3706
4.89819,4.19114,136.803
4.88875,4.24404,136.875
1.71457,4.58189,38.3367
3.44836,3.43645,63.8515
4.60978,4.52128,125.395
2.88795,4.2168,57.4634
5.40794,4.20909,170.028
2.55087,4.08677,45.9475
3.40894,5.27206,86.2868
2.01296,5.15064,54.8492
4.16637,3.41751,91.6202
4.47232,4.42883,115.953
6.41355,4.06056,245.333
5.53839,2.21121,160.309
4.41946,2.9346,101.27
4.45569,3.61334,107.732
1.53666,3.51201,24.7265
3.58485,4.27602,77.6188
3.69779,6.16151,112.924
4.22066,3.65953,97.2109
4.58103,3.65791,112.444
4.4151,4.78015,118.087
4.78809,2.23721,116.469
4.92975,3.91418,135.249
3.52444,4.48692,78.6287
4.69866,3.99371,123.41
4.89347,3.74523,132.413
3.80345,4.62012,90.4895
6.18921,4.03588,224.098
4.56467,3.88378,115.853
3.9979,3.62362,85.6993
4.94845,3.48192,130.905
4.13088,3.42032,90.8756
4.55773,4.05896,117.418
4.22282,3.09022,91.4991
2.3041,2.93338,32.9533
3.17884,3.65367,60.3525
3.49537,5.51068,93.0178
4.95402,4.89817,148.954
4.01242,2.34474,78.1003
4.08047,3.39695,87.7921
3.39565,3.57697,63.278
3.25368,4.43337,70.2395
4.11714,3.65069,92.618
3.12539,3.13713,51.2572
3.6846,3.67937,76.3662
5.10377,4.07498,149.053
3.96843,3.63864,85.0691
4.44215,2.97984,100.717
3.43513,3.59813,66.6769
5.84328,5.79169,223.447
3.86898,6.05622,117.031
4.95211,4.57693,144.101
1.32005,2.58129,15.6921
3.9037,3.44494,81.9129
5.03569,4.03015,143.482
3.49189,2.43581,57.8017
2.5809,3.23973,40.8166
5.76786,3.0099,182.441
4.54669,2.94426,105.598
4.54817,2.75558,104.452
3.02404,2.96857,48.8235
5.52819,2.88534,165.019
2.28599,3.21239,34.2458
5.00357,4.29397,144.687
4.46364,4.36305,117.385
3.9768,2.05123,74.453
2.11769,2.89475,27.2572
2.29406,4.57666,47.5329
4.86919,3.59418,128.756
3.2055,4.77531,73.8418
4.54446,4.84823,124.348
4.04371,2.50945,79.1686
3.09629,3.90239,57.6423
2.84111,4.30245,56.4496
2.69959,5.41344,69.3189
4.93259,5.09329,151.459
5.31494,3.26183,153.508
5.63563,3.71697,180.952
4.26106,2.55192,89.9659
3.78359,6.01544,112.538
2.42688,3.39032,38.4732
4.98048,3.70392,134.769
5.77951,4.69006,201.519
3.77231,2.88478,71.7276
5.04412,2.7395,131.403
5.6899,4.07119,186.524
3.33928,2.09584,52.3163
5.21709,4.6195,161.315
5.1864,3.34916,143.409
4.94167,3.85463,136.086
2.67538,2.94171,40.5292
2.95774,5.25779,73.4978
5.61833,3.9038,179.248
5.1864,3.37016,146.077
2.39789,4.18373,46.3816
1.91379,1.87959,21.3175
3.5938,3.16302,65.7586
4.53797,5.12513,131.733
4.22997,4.80904,108.551
4.10357,4.37023,99.8481
3.83863,4.75648,93.7038
3.11187,4.52466,65.6131
4.88463,5.34038,152.187
4.34805,3.24092,97.7383
4.34931,2.31087,93.2866
2.92651,4.36575,59.3929
3.99991,3.04193,80.7291
4.72409,4.49299,130.69
2.47008,4.06215,45.944
4.83455,5.41,150.488
5.44528,4.92696,181.235
3.75529,4.35747,86.0923
4.15969,3.57987,91.7506
5.51978,4.86969,183.129
4.91868,4.29251,139.538
6.09904,4.25091,220.605
4.33043,3.02137,94.8711
4.56396,4.02087,115.184
3.71692,2.83196,66.9315
4.42485,3.50327,106.296
4.0343,4.29841,95.9748
5.92989,4.35416,206.735
4.17809,3.58508,95.5033
4.76378,4.30157,128.745
5.15822,4.67265,158.197
3.65411,4.42062,82.6711
3.26196,3.38809,60.0507
3.94211,4.16933,89.1234
2.54984,5.38934,64.997
3.79025,5.36052,101.383
2.9612,3.49247,51.5389
3.14178,2.70022,50.5726
3.94585,3.02359,78.5477
4.92915,4.51467,142.865
3.78559,6.61652,124.382
3.726,4.35723,84.1259
3.08287,3.34603,53.6091
3.7644,2.6522,69.5633
2.66529,3.59607,47.3121
4.57166,5.49526,136.747
3.14562,5.40533,81.996
2.93187,3.63757,51.1505
4.82628,4.6617,139.032
3.72242,4.14472,81.4777
3.42487,1.80806,55.5283
4.76073,4.87991,138.005
4.55206,2.74817,105.171
3.75987,3.5489,77.3708
5.19905,3.97591,152.643
5.08525,4.04836,146.213
3.42441,3.81742,67.7412
1.82715,3.71817,31.9932
3.53053,3.69458,71.5018
4.01825,4.55839,98.7853
2.50892,3.80779,44.6935
2.16312,4.90903,52.0691
2.83546,2.40607,40.4688
3.95028,3.9206,85.4199
3.04207,4.51214,64.7148
3.68699,6.27045,114.509
3.46892,4.64977,78.0741
4.08318,2.28283,79.3509
4.42528,4.67525,118.38
5.13585,1.75035,134.233
2.30179,3.34362,35.4159
4.64619,3.98934,119.339
4.20917,4.83577,109.998
4.53227,4.65236,121.856
4.24881,5.55193,124.287
4.787,3.99175,127.977
3.53139,2.06148,57.7024
4.30971,2.37627,92.2317
3.65328,3.8378,76.7592
4.79642,4.30537,133.712
5.63844,1.86779,166.313
4.45834,2.50733,99.986
6.40742,3.84164,242.752
4.46418,3.94089,111.784
4.21395,6.34456,138.93
4.07313,2.66962,82.157
4.83534,4.12892,130.368
5.02233,3.73707,139.463
5.17867,3.83323,149.017
4.07276,2.85919,82.3235
5.91614,5.04016,215.839
2.93042,5.13272,69.6334
4.07884,4.92654,105.824
4.97666,3.66053,134.726
4.14087,5.57377,119.093
4.60844,3.89783,117.879
3.6096,4.43087,80.3463
2.68475,3.50318,43.8028
4.84817,3.60034,127.251
3.4242,3.56949,65.2169
3.34727,2.86106,57.7804
3.52924,3.77225,70.3651
3.97862,4.26619,91.4539
4.70404,3.56925,117.894
3.13336,4.37931,64.6928
3.71388,3.59522,76.938
3.77196,4.98978,94.9667
4.91062,3.71481,133.21
3.38488,2.66458,55.2981
3.23832,4.71013,71.0392
3.07085,2.69649,46.3413
3.76567,4.46207,87.9354
3.42487,4.18586,70.8295
6.18516,3.94044,224.375
1.78349,3.09099,25.1948
4.06034,3.25528,87.6564
3.8731,2.24235,71.0123
4.61425,3.15931,111.455
4.5531,3.68419,112.952
4.66041,3.08551,113.069
5.07178,2.18872,130.023
2.99231,5.0362,71.1243
2.68641,5.20444,65.8478
5.15922,4.32933,152.588
2.17323,3.65504,35.8504
2.57619,2.07655,32.2644
6.97942,3.23538,292.238
2.61017,3.65275,43.9823
3.03322,3.82733,55.6011
4.58025,2.17434,103.474
4.85444,4.03668,133.339
4.58093,5.4023,135.932
5.42163,4.70777,175.885
3.31034,2.93098,56.4798
2.86796,4.78973,63.4023
3.51661,3.95652,72.4433
3.48019,4.81107,81.6763
2.95975,2.91763,45.9155
3.38216,3.83726,66.8525
4.47388,4.85114,123.658
4.47929,4.40606,116.947
3.8495,3.55288,80.7386
4.0031,3.82735,89.6426
4.63373,2.77965,110.215
4.07596,2.47915,79.6786
4.33353,5.62102,128.566
3.15285,5.00746,73.8996
3.87472,3.99826,85.5305
3.67252,5.34638,95.6193
2.24364,4.07949,41.4991
4.44932,6.44244,149.673
2.29253,3.07654,33.321
4.66083,4.95148,134.909
3.76171,3.11927,72.9091
5.00321,4.73672,148.317
3.09453,4.28211,63.885
3.4775,7.07246,127.159
3.82907,3.69708,79.9943
3.47078,2.87766,60.3487
2.88977,4.46187,59.0121
4.23866,3.8584,99.9927
3.08857,7.07607,115.431
3.13367,4.03553,61.4985
5.41735,2.72556,156.428
4.7772,4.74088,135.029
4.49949,4.26807,116.2
3.74996,4.65124,86.3976
5.22956,3.78064,152.814
4.67993,3.72859,119.763
4.75855,2.75388,114.241
4.40494,4.45395,114.8
4.1715,4.99536,111.781
1.03856,5.17421,43.4155
3.98967,5.16347,104.97
2.88806,3.81363,53.0744
4.28858,3.3563,95.5123
4.79933,4.90081,139.496
3.26758,3.16036,56.361
4.02354,1.74434,75.6863
2.15398,3.37479,34.7439
2.87728,4.19393,56.6122
3.60935,4.07929,77.0264
5.92509,4.78708,214.3
4.79221,4.25314,130.287
4.65888,3.89154,120.731
3.0791,2.64573,48.6382
3.24989,4.71166,71.9794
4.7385,3.89323,125.163
3.95,5.10378,101.859
4.05712,5.56373,113.581
3.41558,1.60215,53.0312
4.05157,3.10561,84.3662
2.77339,4.18642,52.1431
2.8552,2.63725,42.0932
1.54805,5.78886,57.9214
5.19574,3.97039,153.625
3.56838,2.32923,59.9517
3.77811,6.18237,115.557
4.51729,3.84288,112.353
3.16103,4.04127,62.788
5.52503,5.65764,197.803
3.81893,3.52196,79.9377
3.79034,4.12753,84.1244
4.71975,3.85133,124.665
4.79193,4.10642,129.976
5.19398,3.91431,150.258
4.56088,5.07369,131.406
3.52428,3.46276,68.4547
4.46933,4.32036,114.6
3.29312,4.97737,78.2599
4.84124,5.9342,159.969
3.5117,4.47218,79.03
3.0922,3.26429,52.4316
2.62528,4.36559,51.5822
5.59961,3.68827,176.883
4.08962,5.10626,109.895
4.97889,3.58231,134.979
5.46297,5.93219,199.42
5.03999,5.37152,162.488
2.69586,4.35962,53.185
4.1371,4.09148,96.7981
5.00595,3.27435,133.338
4.21688,2.78157,89.6538
5.59379,5.18453,194.602
5.20993,6.47411,194.381
3.08048,6.11936,91.9054
4.56922,4.16549,118.263
3.39366,4.48765,73.8812
4.16092,4.43937,104.255
5.16146,3.70325,147.256
4.56973,4.46269,123.381
2.88443,4.15667,57.2494
3.97728,4.70545,97.9444
3.75871,3.853,80.2892
2.9468,4.00784,54.6158
5.0815,4.30229,149.204
3.88448,4.77724,96.6062
3.85572,4.23498,88.4692
4.72083,4.65379,133.032
1.56065,4.81898,41.0861
3.78041,3.89379,82.3176
5.29286,4.22401,160.636
4.23421,3.32144,93.8422
3.07083,4.17289,61.7448
3.88083,2.57827,74.9275
3.61033,4.72315,84.9125
3.24528,1.79676,47.718
5.53321,4.30216,178.147
3.92341,2.09177,72.7441
4.86261,4.1555,134.823
5.3829,3.25992,157.478
4.53704,5.07537,128.462
3.8102,4.05829,83.562
3.03182,2.84181,47.0695
1.35779,2.88023,19.395
2.43986,2.74291,34.391
4.3137,3.88209,103.137
4.35658,3.67365,104.343
5.26441,1.93533,141.121
4.60542,3.97845,118.751
3.87851,4.16487,85.9119
3.91724,3.51221,82.0907
3.59992,5.46861,97.549
3.91253,5.07668,101.028
2.38547,5.08634,58.4655
3.28066,4.56313,70.9619
4.02107,5.049,105.4
3.14843,4.48161,66.6269
4.47806,4.51043,117.006
3.06959,3.63806,56.1181
4.21572,3.42349,93.2644
4.38677,2.86327,98.7227
3.51323,3.48874,67.2825
4.99883,3.54375,134.963
4.56818,3.8271,114.439
3.07302,4.35471,62.9562
3.89947,3.79414,84.4568
3.04538,3.54258,54.9798
4.27372,3.78418,100.156
5.11516,2.84151,135.27
5.38816,4.53966,169.06
4.77024,3.96737,125.383
2.73907,2.6745,41.3183
3.47117,4.04989,71.5061
6.36552,2.76188,229.988
3.70386,4.04209,80.2941
5.80995,6.31313,232.484
3.03772,6.74834,105.055
3.25935,4.32894,69.0609
2.12702,3.69998,37.677
6.20422,4.25876,229.656
2.41594,6.21693,80.4444
5.5147,3.6764,171.037
4.27492,4.30046,107.202
4.90223,3.60997,129.626
4.46964,4.9052,123.829
3.33636,2.65743,54.7997
3.85061,3.96095,83.9158
4.96357,4.6294,143.476
4.99164,4.28344,142.712
4.8741,2.77894,123.135
3.63251,3.73992,74.4694
4.95085,3.91139,136.666
1.82899,4.76579,43.6375
4.79624,4.86741,137.667
3.57551,2.90978,64.6898
4.67702,5.74703,149.28
4.88607,4.52847,140.645
2.56502,3.52607,41.8094
3.81635,3.16553,76.4157
4.44959,5.50721,132.052
5.27233,2.93192,147.457
3.35948,2.90613,58.2063
4.41933,4.22832,112.824
2.86829,3.20695,46.977
3.5601,4.86638,85.1078
3.51936,2.04283,57.8152
2.07657,3.62715,34.9461
1.70598,4.76874,42.4244
4.45636,4.32691,115.445
3.58901,4.24973,78.7211
2.77181,4.43027,55.1288
4.71736,4.66494,133.046
5.15019,5.02071,162.293
3.59736,3.3765,68.7857
4.60938,4.08573,119.356
5.28397,4.51122,162.528
2.84445,3.47192,48.4866
2.83575,5.27001,71.183
1.6033,4.66701,38.4599
3.86565,5.94758,114.667
2.77572,4.84725,60.4282
4.72272,4.60437,132.932
5.37624,3.53804,157.714
3.89524,3.0238,76.1558
4.05199,5.0045,107.892
4.29045,3.31124,98.737
6.54977,4.71292,265.05
5.9433,4.87015,214.358
3.05393,3.37176,52.934
2.41023,3.39421,37.2362
3.80541,5.08241,97.4937
4.7116,2.14251,109.656
4.38589,3.96761,109.57
3.8551,4.87333,96.4798
2.64552,2.07717,34.9244
4.94035,4.10697,138.737
3.94025,3.53544,82.6158
4.67774,3.7295,118.398
3.14933,5.56054,83.3167
4.78963,3.22017,121.416
3.35055,3.362,61.0174
3.23713,4.10991,66.2856
5.28491,2.84716,148.354
5.42028,3.46034,161.307
5.57199,4.13722,179.564
1.47285,3.133,21.3475
2.95205,2.09543,42.637
4.18684,3.60687,95.1715
4.49456,3.93124,111.31
4.28397,3.65408,98.6747
5.19303,4.78336,160.775
4.11973,5.15256,110.54
5.1194,3.49099,140.158
4.97148,4.29329,144.389
2.81733,4.92026,65.6242
2.85343,4.09748,55.9487
3.48891,4.0132,72.1385
3.32495,5.15472,82.1178
3.35372,3.94504,67.1225
4.46492,4.38914,117.876
5.35851,1.86236,146.998
4.6357,5.96142,151.234
3.99403,2.43912,76.6091
4.10219,5.81716,120.886
3.99503,5.22073,105.675
2.92753,4.07458,57.9571
2.49828,2.8711,35.4983
5.79067,4.37695,198.945
4.96928,4.96896,150.147
2.75997,4.90825,62.2557
3.76901,5.43626,101.571
4.2561,4.25848,101.63
3.55878,4.06023,75.955
3.8417,2.07517,70.2388
4.75358,3.68475,122.725
4.79273,3.52786,122.564
3.95269,4.34862,91.6129
3.70962,3.93475,79.5941
3.86198,4.91567,97.701
4.74466,3.7539,124.06
6.70648,2.80782,262.292
3.56218,4.79543,83.5336
1.96602,4.54283,43.949
6.90951,3.2978,285.46
2.72494,4.91158,63.0747
2.72911,6.0092,80.9474
4.57696,4.83332,127.738
3.31701,4.90925,77.9932
2.6505,3.37351,43.1706
2.45084,4.49779,51.4905
4.10994,2.49973,82.8656
4.75968,3.28941,119.538
4.56809,5.82898,143.236
3.27898,4.61458,74.7609
3.82678,2.27817,68.2861
4.2262,4.26848,101.253
4.0362,4.12185,93.8337
3.32796,3.84122,64.4513
3.99705,4.57422,96.1477
2.04738,3.30731,30.2993
2.8795,2.92931,45.0841
3.15628,5.30929,79.7801
5.01426,2.97004,132.462
4.73954,5.35285,143.718
4.88193,4.71489,144.114
3.02064,1.89147,40.9596
4.52973,4.25025,116.981
5.17962,3.85671,147.48
4.36254,5.21101,121.595
4.16002,5.98284,126.702
4.40964,6.38074,146.019
4.50481,4.27674,116.282
2.40751,2.77644,35.3316
3.34493,3.10582,58.9433
3.92313,3.89983,87.0933
3.82751,4.97763,96.4313
3.23773,3.65124,59.3185
4.66199,4.39951,128.436
2.81506,2.55735,39.5622
4.4942,2.62537,102.787
4.00142,5.65721,113.528
5.13656,3.37829,141.78
3.32052,6.08901,99.7151
2.99169,4.36036,62.2111
2.95332,4.23111,56.9347
4.52211,3.36922,107.257
3.59565,2.32584,61.7061
4.30706,4.72395,110.931
3.53882,3.20711,64.683
3.60969,4.52126,81.0079
4.35699,4.28881,109.765
2.51215,3.24899,39.4586
2.91069,3.79735,52.174
4.36857,4.23458,110.114
1.20433,3.44077,22.7621
2.1147,3.84321,36.0656
4.96243,4.51536,144.496
3.83985,6.38748,122.526
3.41555,5.10143,86.0216
3.4806,5.22477,88.1405
2.67344,2.58544,37.8386
4.5868,4.4921,124.686
3.78969,3.86458,80.3015
3.57934,5.84991,101.654
3.7273,3.24249,72.6733
4.50428,3.81695,112.787
5.49482,3.93146,172.223
3.04142,2.79852,46.7926
4.24595,5.42103,119.273
3.54141,4.19471,75.1792
2.94955,4.97416,68.8579
4.79224,5.36131,146.153
5.8041,3.74639,191.848
3.3168,4.15525,67.0669
4.18454,3.53292,92.0378
3.98882,3.97808,88.6928
3.33467,4.07251,66.8457
4.82333,5.42718,150.932
6.06183,4.40394,220.945
3.86934,2.51017,73.9328
5.30153,2.44332,146.81
5.9638,4.55419,212.863
4.82168,4.83193,141.649
5.16853,2.8371,138.916
4.55651,4.24525,119.287
2.87743,4.56079,60.3642
4.46277,3.67296,107.736
4.60446,4.09057,121.164
2.51979,5.70159,70.3306
4.65344,3.26746,112.231
3.33521,4.76638,76.2208
3.97104,1.49252,72.9236
3.82608,4.32349,86.3643
3.47403,3.72227,67.831
3.96115,2.16241,74.6289
4.48119,4.83013,123.515
4.71042,3.86798,120.654
4.71798,2.78604,114.889
3.09394,3.83458,57.1266
3.54257,2.80876,61.4787
3.73066,4.08107,82.6982
4.17435,4.09853,101.015
3.84811,2.37673,72.2753
3.72702,4.55115,86.3689
3.64064,5.16803,94.1303
2.58072,4.48893,53.1485
3.48685,3.65791,67.4184
3.82118,6.14286,117.082
6.28524,5.39237,254.088
2.63799,6.9809,100.47
3.13845,4.62322,68.1243
3.46822,1.82334,55.0811
5.02313,5.23541,157.911
4.81946,3.80653,128
3.94997,4.72656,98.016
4.61887,4.47576,123.215
3.28635,5.32722,82.7255
3.28583,4.06342,66.6152
5.90175,3.37615,195.188
4.69201,2.30239,108.264
3.75448,4.71617,89.4463
4.91979,5.11745,151.186
3.35945,2.63232,56.8512
5.29063,5.1953,173.237
4.48927,2.82867,101.856
3.12045,5.17046,75.2795
4.62023,4.56243,127.514
5.11128,4.63279,152.947
4.94664,4.68283,147.483
3.76313,4.65525,89.5154
3.83777,4.00801,83.9028
3.46505,2.4635,58.0318
2.98338,4.31141,61.4141
2.55066,2.35215,33.0465
4.77367,2.90474,117.399
2.56651,4.07579,50.2186
5.14292,4.19612,152.117
5.20944,5.54486,175.264
5.27204,3.82456,155.813
3.41637,5.8511,97.0893
3.64891,2.98977,68.3554
4.50073,2.87757,105.138
3.34582,3.06557,59.0392
2.81279,3.60592,49.149
4.30815,2.65235,91.935
4.4603,6.36529,149.232
5.20337,5.00922,166.491
4.22329,4.04767,100.747
5.13712,3.7379,146.577
5.64644,5.29917,198.343
3.16181,3.01782,54.5766
5.10985,3.99684,146.271
4.44707,4.36407,113.877
4.9127,5.85258,161.815
4.28228,6.07666,135.34
3.3972,4.76355,79.3393
3.13653,2.90121,50.6567
4.22969,4.71378,109.369
4.22052,3.95206,99.144
3.51375,4.04238,74.5011
3.94406,5.18112,105.718
3.08012,4.41802,64.8181
2.21238,4.45976,46.1431
3.48639,3.64558,69.952
4.40335,3.4268,102.956
3.32241,4.0417,69.4358
2.92406,4.59201,64.2141
3.36767,5.22811,85.5295
4.49631,5.36494,130.947
5.31745,5.53759,178.98
2.53782,3.58878,40.3671
4.24576,4.03432,98.775
5.10969,3.60967,142.889
6.17534,2.65792,213.686
5.5139,4.33247,179.065
4.19867,1.60072,84.8571
4.31372,2.34404,90.6955
3.00263,4.48058,62.3174
3.63937,3.18998,67.9431
4.87423,4.75955,141.21
3.86204,3.93855,83.6197
4.01777,3.58752,86.9543
2.42787,4.22242,44.9829
3.83623,4.25101,85.888
4.28701,3.82912,99.1528
4.78721,4.9596,141.02
4.82068,3.724,125.829
2.20015,4.84039,51.3334
3.40596,5.91403,98.9872
2.69745,2.14781,36.5839
4.97502,3.71415,137.163
4.81501,4.06788,131.108
3.32208,5.22784,81.7267
3.51334,5.04191,87.1827
3.21371,4.29777,65.8967
3.95282,2.27761,75.4464
2.259,4.23008,42.6879
2.95073,3.86851,54.4809
2.4769,4.37598,49.1183
3.71048,1.75262,64.5562
1.8652,5.6354,59.441
3.42368,5.29163,88.2192
3.26416,4.29909,69.6918
3.85071,4.68399,93.7913
5.50743,4.33631,179.079
3.28481,1.50239,49.3905
4.91645,3.64305,130.376
5.15988,4.12326,150.241
1.75243,3.13406,25.3272
4.71749,4.97896,136.222
2.85069,2.75694,42.7504
2.9416,5.70699,82.1834
3.62981,4.06203,77.2927
2.20119,2.66541,28.8721
4.98063,5.2207,155.837
4.92638,3.15287,127.968
5.42536,5.48543,187.81
3.64435,5.38919,98.0251
4.22253,2.78331,89.8932
2.87591,5.96467,84.6183
3.89023,5.40408,105.839
3.09012,3.05715,52.0471
3.74458,3.52486,75.5805
3.13537,3.44921,56.3462
3.74595,5.88602,107.49
3.82833,6.13983,115.676
5.0394,5.40149,161.971
1.72447,3.8639,33.7313
5.16717,4.44642,155.446
2.76149,3.73436,47.9154
3.0946,3.61246,53.8518
3.88833,2.77544,73.0752
2.60185,5.05635,61.4228
3.59971,2.76907,65.4838
3.71318,3.48673,74.5989
4.4332,2.96631,100.178
5.74701,2.90826,178.955
3.30308,5.10551,81.1302
2.58419,2.45186,35.8354
4.55514,1.88981,102.454
4.53179,4.3373,119.358
4.92024,2.80227,124.64
5.33852,4.16399,160.727
4.27064,4.04558,102.573
4.20383,2.32389,85.242
3.68374,4.63796,88.5678
3.88998,0.0470887,68.4543
4.46517,3.52942,107.611
3.39187,5.11886,83.54
2.28663,1.55548,25.6759
4.63584,5.05309,133.649
6.76188,3.83614,276.504
3.94662,4.13578,88.6678
3.87395,5.1994,100.388
2.46806,4.61208,52.8817
2.87267,4.42711,59.4802
3.8072,5.22578,100.402
4.19482,2.26489,85.9358
3.56452,4.21837,76.1
4.80413,4.95424,141.031
3.28412,3.43918,59.0341
4.55202,4.01922,114.555
4.178,5.67062,121.619
3.77556,4.92278,93.7087
3.45611,4.37646,74.698
3.39721,2.98108,59.038
4.45084,4.82421,121.999
3.80376,3.44087,78.4873
5.51066,7.03549,227.983
5.20753,4.41555,158.336
4.59465,4.35105,122.106
4.34514,4.10554,104.772
4.44977,3.98165,110.903
2.89725,6.40897,93.8951
3.70181,3.39471,72.1898
3.68123,5.59086,100.895
4.16077,1.95395,82.5379
4.09802,4.38913,99.5555
3.71918,2.30548,66.9397
2.45595,3.75197,41.7187
2.76462,5.09974,66.2391
2.94013,4.40368,59.5722
3.21151,2.82605,51.1178
2.87601,4.90217,66.3956
2.07506,3.5747,32.457
2.68253,4.19043,51.5499
3.41962,2.93966,58.8247
4.10693,4.9327,105.016
4.6781,3.93303,120.534
4.64084,2.07054,106.869
5.40021,5.39841,185.498
5.15017,5.70027,174.053
4.88309,4.34567,137.95
4.65663,4.52286,127.097
4.21086,3.88102,97.5474
2.48688,2.25015,31.6376
4.46322,3.97008,112.842
5.07059,2.60935,133.235
3.71273,5.08812,93.8906
4.48954,1.33223,93.6978
3.18513,3.75674,59.7931
4.90237,5.45418,155.686
4.23174,3.53851,95.6998
3.61011,3.43397,71.0057
3.62127,3.40974,70.4289
3.14371,2.78877,50.679
3.68297,4.87059,89.9266
4.07033,4.26094,96.5747
3.54375,3.91975,70.7294
4.67602,4.36606,126.129
3.38807,5.83668,94.9569
4.18821,2.86835,89.4622
5.7439,4.55461,196.569
1.85117,5.3147,52.906
4.61275,4.75343,127.147
3.9186,5.77109,114.637
4.00158,5.14351,105.323
5.5563,3.11681,167.792
4.07179,4.05805,94.0056
5.09827,3.08357,137.952
4.84095,4.65308,140.336
4.98765,4.94162,152.344
3.83402,4.74524,92.9502
4.32559,5.38424,123.882
3.95451,3.24378,80.4814
4.39334,4.28945,113.284
4.72477,3.84074,124.724
4.35564,3.38542,100.16
3.95656,5.14594,103.636
4.37876,3.96631,108.192
5.03672,5.86254,170.288
2.47076,2.79994,36.1808
3.34845,4.05469,66.8541
4.5244,6.42819,151.341
2.61614,2.22057,34.2562
3.77514,4.96781,94.7395
3.02959,4.715,66.2917
3.38644,4.59464,74.5351
3.78195,4.17858,85.0474
3.59564,3.9487,75.9175
5.26114,5.66487,180.049
4.03361,3.40651,89.0483
4.44007,3.78824,108.678
3.10646,4.38116,63.4237
3.6535,3.18706,70.3858
2.55969,2.62321,35.2487
2.84797,3.57498,48.2019
3.13315,1.50001,45.4179
4.81545,4.05868,130.175
4.03392,4.27392,95.6648
4.80466,3.40811,123.235
3.43272,3.2623,61.9306
4.33534,3.6465,99.47
4.38413,3.97856,108.41
2.80653,5.15917,68.0003
3.10901,3.96031,59.9174
3.14168,5.29771,78.2269
2.5157,3.86798,44.5254
3.83977,4.53563,89.432
2.49306,3.22374,40.1196
3.11058,4.96486,73.3957
4.80874,4.56838,136.087
3.8668,3.57534,81.213
3.8617,4.47037,90.5201
3.13547,3.98132,62.98
4.01639,4.28344,95.4042
2.1663,5.75214,64.403
3.63897,4.18243,79.414
3.93732,3.6011,85.162
2.52238,4.06467,47.9153
4.97703,5.99589,170.113
4.29819,1.88726,89.1446
3.82575,3.13833,77.3684
3.86673,5.59365,107.773
3.15698,3.68314,59.1354
3.76695,3.84209,79.239
3.79847,4.63068,91.7883
3.4815,3.54031,66.7565
4.52623,3.83743,113.965
4.36616,3.69865,104.579
3.51528,6.14612,106.306
5.1133,5.75046,172.29
4.64612,3.9951,120.19
5.2074,4.27882,155.618
4.23713,3.36161,96.6796
3.25049,3.8336,62.6821
4.16116,2.0253,82.2682
4.93788,3.67735,132.722
3.68786,3.51204,73.1518
4.68086,2.91535,112.525
5.19081,5.30631,169.591
3.90115,4.34426,90.8022
5.77294,5.09074,207.184
5.28771,3.30584,151.118
5.47283,2.92501,160.221
4.13993,5.10691,110.617
4.6827,4.66681,130.082
4.77834,4.27295,130.397
4.37621,3.76669,103.466
2.78651,3.45085,47.2908
3.99469,3.97663,90.6221
3.7344,4.88068,91.9336
4.42614,3.02808,100.573
4.52882,3.25628,108.629
1.79823,3.05278,26.6633
5.04281,3.15447,134.836
3.55372,5.2219,89.4807
3.78525,3.91951,81.9767
2.7454,3.69782,48.156
4.88623,4.43357,139.322
4.02916,3.24058,83.2331
4.62296,3.02553,110.302
4.26143,5.29928,120.224
4.01283,3.63029,87.1357
4.02556,5.89135,121.731
5.58047,4.03798,176.457
5.00582,4.82364,149.956
3.675,3.15602,70.1215
3.6857,4.32408,83.3832
2.60164,1.96401,32.5793
3.02863,2.81517,49.6124
3.28705,4.60346,71.8965
2.71762,4.21772,53.6378
4.27652,2.9794,92.7711
5.13026,3.12263,140.015
4.02861,5.09062,105.853
2.87169,4.5348,61.6316
4.17862,2.67575,88.0083
4.16216,3.8846,96.8027
3.6939,2.6524,67.0566
3.11465,1.97837,44.4552
4.70267,2.82862,114.622
4.36129,5.56055,129.784
3.62208,6.13868,109.671
3.07627,3.30423,53.3158
4.58094,2.96226,107.612
4.7392,3.79373,121.924
4.23879,4.22888,104.332
3.11567,4.01943,60.3686
3.14552,3.52165,56.402
4.68196,3.93187,121.239
4.34534,4.16635,107.408
5.2639,2.98073,147.076
2.73003,5.03785,62.8483
2.08194,2.98674,29.8676
3.60458,2.45849,64.2524
3.9424,3.87892,86.2067
3.15771,5.23084,78.5907
4.33998,3.00277,94.5827
4.55391,3.55839,113.158
3.3116,4.51408,71.5492
4.85646,5.04919,146.403
4.38954,4.11257,108.74
2.78873,3.08353,42.2233
4.39519,4.86589,117.435
2.92419,4.8417,64.8645
4.45673,2.6788,98.6472
3.26828,1.69413,48.4386
3.74138,4.41155,86.764
3.77718,4.7415,92.3544
2.6377,4.26783,51.4965
4.31227,2.33655,90.6575
4.52715,4.09953,116.379
4.39651,3.46287,101.338
4.06588,4.07469,95.0459
3.82671,3.33255,77.7467
4.2638,4.28745,106.675
5.46128,1.9193,155.411
3.70157,2.7106,67.3677
5.04822,4.28543,145.863
2.36996,2.47654,31.8598
4.38195,2.09768,92.4964
5.37073,6.62709,208.409
3.94967,3.26614,81.4832
4.22506,3.43122,94.3634
3.79209,4.35706,87.0275
2.67515,3.41725,44.2237
5.18689,3.79401,149.162
3.57256,3.81646,72.6729
4.93416,7.13402,193.098
5.72547,5.30342,208.778
4.07606,3.31732,88.18
3.78158,5.47741,102.69
3.77318,2.9471,71.623
3.8184,1.40541,67.2421
2.92592,3.55391,51.9924
5.40957,4.13553,167.621
4.23721,3.46482,93.9764
3.08123,4.71941,69.1487
2.13965,3.34955,33.7351
5.03627,5.08402,157.074
3.83264,3.20392,75.7789
3.80305,2.75879,71.9437
4.72935,4.24164,126.2
3.58828,4.08397,75.972
