3
4.00614,5.14912,44.4697
4.31443,5.56908,57.2731
4.4359,4.9564,60.8629
4.24942,3.26943,45.3045
6.30151,1.57361,210.213
3.89673,3.21659,35.678
2.32434,4.97183,18.1994
4.50815,5.55896,66.4883
4.45716,4.6788,59.1248
4.5879,4.42696,64.4421
4.9418,4.33532,83.1699
5.77957,4.55507,154.01
4.24644,2.87269,46.6071
4.1939,4.64612,48.3357
4.31761,3.88546,50.4698
3.86407,3.64885,34.7901
2.57744,4.18529,17.6029
4.78715,5.29195,78.6842
3.80287,3.69624,33.3678
5.56154,5.5959,136.258
4.21953,2.6296,43.0809
3.2984,5.02831,28.0149
4.1705,2.46292,41.3081
3.44076,2.79691,24.9574
3.65785,4.01724,33.1376
4.76301,4.46806,74.9769
4.60485,4.96598,68.5462
4.01654,3.84789,40.1611
3.85952,6.3255,46.4133
4.78293,3.4349,72.2604
3.72674,3.91875,33.7369
1.59286,2.67525,8.39647
4.26183,5.48636,55.5525
3.62276,4.46391,32.5204
3.69266,5.19149,33.8605
4.43392,3.98032,58.6086
3.76571,4.4376,37.1369
2.44085,4.4291,16.1782
2.87165,4.18622,19.3506
4.86663,4.32157,80.2362
5.10519,5.06436,98.1261
3.82307,4.84011,37.7887
5.05949,4.47434,92.9053
3.25539,4.72974,27.8892
4.43249,3.08401,54.0499
3.74849,4.42408,34.7549
3.14687,4.83053,27.273
2.31498,4.88664,17.1456
4.63038,4.58557,68.7686
6.79016,2.70039,290.795
4.14143,4.03494,45.9171
2.25148,2.81522,10.3634
3.82776,3.45422,33.9782
3.26152,5.1744,30.5299
4.73939,3.58666,70.1228
4.64857,2.90712,63.3757
4.17954,4.17716,48.5864
3.35362,4.17022,23.9862
4.69055,4.27293,68.5325
2.53484,3.69091,16.849
4.07999,4.51467,46.1941
4.01143,4.56033,43.878
2.6585,5.11052,21.3241
5.79129,5.72598,159.372
3.38437,4.21354,27.139
5.31887,5.7344,116.654
3.90898,5.49208,43.8266
1.82226,4.70869,15.0519
3.51774,2.46787,24.4178
3.55339,2.9281,27.137
2.14605,4.53048,16.2572
2.95261,3.20376,19.3731
3.50836,2.98939,25.8241
4.63256,2.86143,63.4813
5.09697,3.85543,93.1251
3.41013,4.03414,26.3178
3.401,5.95792,35.6412
4.57475,4.01141,62.9101
3.01072,5.87266,28.4864
4.28734,3.50051,48.6111
3.72015,1.69229,26.8121
3.21958,3.75495,23.2583
6.64242,3.16001,266.769
4.68306,4.46176,67.6228
4.13026,5.63562,51.8392
3.11957,4.16228,21.6914
2.6438,1.59307,12.5871
3.87882,3.64784,36.692
2.66635,4.40414,18.4757
4.30268,3.16928,49.3526
5.26681,5.09704,109.698
4.14245,4.18682,44.9767
2.04518,4.08756,12.5574
4.38293,2.85151,52.7794
3.15932,4.30451,24.9404
4.35418,4.49457,53.3494
4.56074,3.77103,60.6782
2.92929,5.54879,26.7772
3.97395,2.53206,35.6624
3.22416,4.97199,26.2008
1.45411,4.3503,11.2463
4.11736,2.91067,38.6354
4.19939,3.24085,43.7544
2.53125,4.52974,17.1691
3.4014,4.56377,29.1557
5.04595,4.52517,89.3162
4.13409,1.65745,40.2952
3.0154,4.68877,22.5885
5.19961,5.33109,105.421
3.54472,5.53673,33.3224
4.51485,6.08761,69.5363
5.33321,4.27721,110.741
3.63579,4.45955,32.7814
2.84313,3.86198,19.7849
3.22559,3.87135,23.4572
4.0894,4.87555,47.3308
1.15828,4.12795,12.2481
5.75301,2.6379,144.737
5.25729,5.17614,110.409
3.95504,3.40452,38.2893
4.84325,4.01376,76.6038
5.13131,4.74297,98.1076
4.02938,4.16452,41.4099
4.32945,2.56053,48.8003
2.7449,3.88133,18.0891
4.82259,4.46155,78.1831
2.58353,2.90789,14.0332
5.50143,3.8019,123.918
4.48765,4.20612,58.8089
2.88227,5.41239,22.2191
2.59687,4.16728,17.3348
2.88806,4.5937,23.0372
2.60498,4.78458,20.4755
4.55072,4.11151,62.0593
4.8708,2.40424,74.7344
3.33423,3.73658,26.8297
3.48566,1.28466,21.9112
3.87782,2.22394,31.1438
4.97992,3.44913,83.1894
5.23982,3.96081,103.341
5.79671,4.09633,155.301
5.77045,4.11691,150.499
5.22163,5.15844,106.281
3.72552,2.94402,28.0855
5.22508,3.42045,99.8533
4.70649,5.00435,73.8302
3.76618,3.92491,34.224
5.16227,5.0488,101.327
3.47668,5.0596,32.7717
3.27532,4.80998,26.3356
4.56962,4.19079,63.982
4.03334,3.29652,39.6473
5.07563,4.9046,93.8974
4.28969,3.33791,49.3645
5.8026,3.17674,149.802
3.75613,4.7295,37.398
4.5101,4.84183,64.8064
3.93515,4.32061,39.3768
3.43777,4.60481,30.1209
4.38997,5.73462,61.3428
4.42319,2.8707,51.498
3.67765,6.37963,43.6364
3.77884,4.2464,35.5977
4.1457,4.48948,47.5206
4.96019,4.38371,85.1297
3.12286,4.37004,23.0585
3.33298,2.72058,20.6586
4.06511,3.79414,42.752
3.28135,3.5186,23.5864
3.83252,4.49421,38.6977
4.4572,5.36995,62.1176
4.15959,4.74104,48.2316
4.71503,3.1619,67.0909
4.14149,4.41684,44.5777
4.48611,4.4224,60.0617
4.87886,3.36936,77.0202
2.99586,3.54217,17.8053
4.12682,4.65323,46.1075
4.78868,3.57194,74.2411
3.53364,2.73046,25.1218
5.25302,2.94047,102.902
4.69,5.9506,77.5203
4.40099,4.76869,58.898
4.13151,3.67293,44.9349
5.10051,3.44846,91.1194
4.35592,3.22548,50.9757
4.57629,3.3253,60.0331
4.78786,4.17312,74.1577
4.62955,5.87118,72.9653
3.68018,3.29907,31.1529
3.37365,5.21985,31.2232
4.8169,3.89929,76.7848
6.24331,4.1719,210.393
4.43574,3.82158,56.7165
2.92953,3.48632,18.7285
4.72326,3.18482,67.4695
3.87995,1.9633,32.0257
3.93129,3.90722,37.655
5.17209,2.36491,94.7662
3.74616,3.86634,33.352
2.60523,5.86901,22.4381
3.51993,4.86289,32.0775
3.98516,5.11667,44.0498
3.32217,3.38991,23.771
4.22399,4.0237,47.9672
2.95721,3.39242,16.6051
4.19422,3.17668,46.0709
4.32086,4.46935,53.5855
4.84801,2.84027,74.538
4.19255,3.74791,46.6265
2.20734,4.31858,16.8639
4.74698,3.49549,70.2589
4.15668,3.48435,44.9198
4.96368,3.81983,82.0881
2.5205,4.44106,17.7443
2.85743,4.3345,19.7528
4.01295,4.03284,41.637
3.1963,3.81999,22.1514
3.3268,3.87211,25.4204
5.06707,2.74756,87.0873
4.00866,3.09619,38.3074
3.23537,5.26455,29.4308
4.442,3.84853,55.7229
3.50669,4.95826,32.9495
4.88144,2.96531,76.8738
3.7498,3.76662,33.653
5.21028,3.91715,99.8093
4.30689,5.38922,55.5999
4.2901,7.21434,65.0308
4.50174,3.41044,60.3453
4.45795,3.8085,56.3236
6.3545,4.36719,225.055
3.74012,4.25542,33.3501
5.12811,3.57558,94.0704
2.89475,3.29966,18.3128
5.05163,2.05385,85.4954
4.11686,1.9725,39.6592
1.41428,3.97607,12.0423
3.44141,4.18508,26.7816
4.89939,3.9202,78.868
4.44037,3.03384,52.3118
3.62933,5.29427,36.4078
4.12414,4.88403,46.9511
2.49402,4.18919,16.2485
4.79444,3.69095,72.6918
3.13858,4.24545,22.0134
4.13169,4.01863,45.2689
3.7337,5.1872,37.5584
4.11522,4.56021,44.6153
2.98277,3.31904,17.4913
4.03695,3.80777,40.9111
3.88438,5.13874,42.5092
4.74806,3.6598,69.929
4.2416,4.81027,52.5704
3.99175,3.84218,39.195
4.34386,0.484817,44.5477
3.15281,3.51176,20.5367
5.10992,5.06672,98.4141
5.44416,4.60836,122.248
4.57601,4.82764,64.5887
1.2695,5.28987,18.0074
2.8258,5.23278,24.5869
3.97181,4.61366,43.296
3.89383,6.63231,50.4207
4.04514,3.47103,39.6138
4.453,6.0867,67.2063
2.75764,2.33601,12.8517
5.44058,2.71683,116.41
2.65148,4.26691,18.2063
3.67273,1.68874,25.8927
3.53122,2.97108,26.5226
5.51577,3.57148,124.44
3.84298,6.25001,45.8029
1.99556,3.79939,12.1084
2.67024,3.77122,16.7493
4.17183,3.30318,43.4235
3.34808,3.87431,25.3121
3.81519,3.84829,34.0714
3.93036,3.11185,36.2017
3.41594,2.95932,21.8194
4.931,3.66624,81.9317
3.05869,2.91923,17.2018
3.03234,4.08437,21.0565
4.40163,4.69664,57.8868
2.62929,5.31157,23.3542
4.8713,6.0655,88.3824
4.12664,3.46159,42.9303
4.12919,2.75532,39.8443
4.02519,4.17479,40.1243
4.57363,3.86069,62.2019
5.32907,3.57033,109.277
4.95708,4.56081,85.5962
5.05775,4.62412,91.5675
3.3071,1.62728,19.4472
3.56297,3.63403,27.6509
5.89592,5.43377,169.499
2.4033,2.63515,11.1098
6.18989,5.20738,204.885
3.91294,2.26928,33.6059
2.74216,2.89141,14.0014
4.45252,4.3445,57.7553
5.83222,4.96684,159.286
3.26109,3.88275,23.1439
3.07909,4.12529,22.7081
4.34928,4.942,56.6013
4.62847,3.70688,64.759
3.81278,4.40978,35.1923
3.23919,4.25253,25.6084
3.76083,3.92575,34.2915
5.32954,4.8395,113.872
3.492,5.08871,31.8458
4.02411,3.98718,41.5822
4.7545,2.0919,66.2145
3.93234,4.06312,38.9447
1.48878,4.71772,14.8295
2.94623,5.57924,26.7069
4.56225,4.31478,62.8966
4.01954,3.52967,41.3038
5.3299,4.95204,114.484
4.03247,3.25487,38.8341
4.16253,2.4562,42.6234
5.14118,4.34998,96.1208
4.89958,3.50141,78.3552
3.9362,2.42673,35.4461
5.67387,4.80078,143.544
3.71694,3.72426,30.2024
4.7769,4.00186,70.8669
5.20774,4.93602,103.212
4.03673,4.87079,47.3925
4.79053,5.29171,79.2155
4.74393,3.37566,71.4721
2.73075,3.65219,16.5972
3.69383,3.55363,31.6888
4.31396,3.0412,47.8941
5.44129,3.48486,116.845
5.17883,5.04057,103.19
4.6193,3.46788,62.9493
3.19653,4.86111,27.8118
3.43985,3.31712,25.5273
3.5763,4.15864,28.2816
2.9844,5.58531,26.6984
4.67003,3.85751,68.8739
5.22555,4.03628,102.531
3.42698,3.78378,26.6598
4.00242,4.85834,43.0973
3.34647,4.60271,29.3201
5.73267,5.05542,151.768
2.80829,3.95875,18.7995
3.87405,5.14665,41.3521
3.56548,2.5964,27.6368
4.38904,3.26467,53.1319
3.56916,3.77601,30.1358
2.82234,3.92326,16.4244
3.3545,3.9945,24.6206
3.81684,3.79952,34.8911
3.47164,5.34988,33.2678
4.48093,4.08993,58.6971
4.48178,3.09041,56.3671
4.5369,2.60009,56.3563
5.37187,4.71924,115.399
3.86787,4.4903,38.3007
4.55349,4.16059,61.8371
4.23329,4.40616,50.9888
2.9364,6.37539,27.8039
3.56837,3.24715,27.2362
4.30819,2.80953,49.5541
5.26999,3.6616,103.362
4.49688,6.21366,68.3901
4.44602,5.96506,66.6402
5.12588,3.97346,94.1248
2.90881,3.1307,16.4881
2.90784,4.05799,19.7308
3.84393,6.05694,45.1614
3.33326,4.49735,27.9384
3.54869,3.87465,28.2336
3.03901,3.19231,18.3216
3.4278,5.08518,30.4431
4.47026,4.33411,59.4167
5.96186,2.72051,167.88
5.20489,3.19022,97.6918
4.2684,4.24097,50.8745
5.28014,2.03518,99.8245
2.70311,5.39053,22.941
3.50812,3.06105,26.2905
4.37367,2.65346,51.3685
3.24247,4.86399,25.0386
5.28433,5.16492,111.885
3.22295,4.97572,26.2282
3.57686,3.59924,28.8665
2.4125,3.45585,12.5444
4.20903,3.98355,48.7148
2.87448,5.38845,24.8274
3.30919,3.13406,21.6494
5.23779,3.72556,104.366
5.87921,5.29356,166.989
1.07602,5.13006,15.2564
5.37939,5.83475,123.888
4.6572,1.81303,61.6286
2.49918,3.98467,16.2382
5.18799,5.43358,105.28
5.08453,3.06529,88.0398
2.82149,3.15025,15.0586
4.73769,4.14115,71.9854
3.37117,5.57369,31.5728
4.37424,4.0271,54.2142
2.71649,5.56403,23.9869
4.9414,4.21531,83.9146
3.92629,3.80141,36.8101
4.42634,3.84582,57.8224
3.34127,4.77974,27.25
2.98506,3.08024,18.0481
2.88744,4.13722,20.2743
4.41727,3.08217,52.1312
3.9479,4.65719,44.0547
5.14747,4.68758,98.982
2.99092,2.90347,17.137
2.60775,2.59757,11.1287
3.88726,3.30195,34.8686
2.29083,3.44675,12.9603
2.84438,5.28415,22.8118
3.32967,3.78941,25.2696
3.97781,5.35427,47.0141
5.18921,1.99787,93.6046
5.94395,2.91379,167.42
2.66992,5.97429,26.5465
3.34848,3.67569,25.28
2.86019,4.6824,21.464
4.18521,3.92168,45.15
5.16535,4.50953,99.0126
5.07331,3.79973,92.4433
3.72732,6.43508,43.8301
2.70566,4.59151,21.0756
2.42997,3.06963,11.714
4.10738,3.85831,43.2932
3.11068,3.54685,19.9207
2.0451,5.40644,18.4396
5.18152,4.01122,99.7169
3.64129,4.81716,35.3682
3.31236,2.83661,22.4818
3.5143,4.15649,29.6585
5.98238,6.01879,180.405
3.65767,4.30738,32.1057
5.34137,4.1696,111.429
4.11731,5.54433,50.1633
4.83125,4.04575,76.4251
3.05025,4.05497,21.8078
5.81263,2.97944,151.347
4.44927,4.19364,61.1051
3.30475,3.87424,24.4849
4.21621,4.37603,48.6037
5.32515,3.49291,108.312
2.67472,2.45521,12.7088
5.51735,3.75787,124.287
4.15871,4.04784,45.0842
4.50236,4.59251,62.5368
5.27392,3.30095,105.325
4.25362,2.90649,48.216
4.79864,1.81461,69.4566
3.90602,5.53438,44.0894
2.16599,4.27222,15.1154
3.78083,4.133,34.1896
3.21153,2.62149,20.1502
5.07353,4.52699,93.3475
4.1714,4.77233,49.2325
3.0309,1.28409,14.8922
1.35865,3.74025,11.3761
3.32244,4.80553,28.2334
2.98249,3.05378,17.2176
4.0849,4.42779,45.1138
3.24959,4.02845,22.9714
6.6243,5.51013,269.635
4.02673,4.49763,43.1351
4.36033,4.44583,56.1602
5.36273,4.53995,114.648
5.78948,2.52928,150.863
5.22411,4.17703,101.2
2.75811,4.75753,20.6267
4.01075,4.17604,41.5117
4.46094,6.1881,66.0765
4.54008,3.45208,58.8724
3.62712,4.12647,31.916
4.6317,4.29063,66.6156
3.86842,4.5342,38.1427
3.83254,3.36213,34.8943
4.06894,4.96863,46.7516
2.97851,4.21347,19.9596
0.921985,3.72672,8.55476
4.49623,3.99824,59.9791
3.07336,5.59288,27.9122
4.82915,3.02876,73.6025
3.75239,3.61729,34.5874
3.51486,3.57541,25.8327
3.72859,4.67665,36.3548
5.38139,4.04757,117.603
3.74327,2.59366,30.7809
1.83974,3.03952,10.5703
4.01331,4.9931,45.8151
4.72471,2.2453,66.4609
3.44799,5.04173,32.6975
4.64045,5.61314,71.9463
4.38646,3.28834,52.0236
2.97436,3.76402,18.8036
4.98486,2.96313,83.0321
2.98872,5.68307,27.7462
2.03904,4.19928,13.693
4.50214,3.40368,58.8412
3.58442,3.3957,27.6956
4.6047,2.57271,59.3632
4.33231,4.89884,54.2292
4.07356,3.8869,44.7636
3.19956,4.23236,26.3223
3.52303,4.52159,31.3832
4.02207,3.66216,38.2601
3.20721,3.85527,21.5121
2.93342,2.47058,16.3375
1.93923,3.716,14.5367
4.47465,5.02844,63.0118
3.50294,5.71313,34.7811
2.52498,3.74482,12.8948
3.07093,2.31111,18.2297
3.64637,5.37141,36.7122
3.54832,4.11234,30.0343
3.71065,4.96621,36.5674
5.16251,4.51278,100.857
4.26315,2.99292,45.6629
6.05062,2.3342,178.597
3.0585,4.84573,22.739
3.33829,3.68709,23.2466
5.22862,2.90769,100.786
2.52519,3.73871,15.761
0.411564,4.09809,12.2129
4.74814,2.96054,69.56
4.79068,4.31986,76.0414
3.61526,4.16259,32.2512
3.93925,3.21007,36.1848
3.5752,2.46782,25.94
3.76489,4.16275,35.1171
3.22266,4.63261,24.3091
3.27496,3.06095,20.7661
4.46452,4.23937,60.124
4.6308,4.79019,69.86
3.30085,4.54228,24.7466
4.63375,5.17332,70.0246
2.68436,3.85407,14.6534
4.24463,3.56539,48.7612
3.96888,2.50754,34.7631
3.87825,4.36817,39.1877
2.28494,4.03816,15.4862
1.91855,3.60616,10.2978
4.26509,3.45609,47.9242
4.98041,3.32903,85.2588
4.00229,4.46804,42.5345
4.47065,3.29648,56.4979
4.8328,4.42084,79.4725
4.03229,4.27323,43.6317
3.39016,3.2271,22.921
4.22176,4.13545,48.7047
3.65236,2.31058,26.8939
4.98582,3.68712,84.1632
5.06205,4.31511,93.8387
3.15082,4.09129,22.107
4.99987,3.12811,85.7044
4.53659,4.00672,63.3144
2.37045,4.54561,17.0437
2.95004,3.74152,18.6098
4.91338,3.28249,79.344
4.31688,4.92224,54.662
3.0185,4.50473,22.9408
4.34397,3.95338,52.6426
4.47252,3.51191,55.5573
4.63925,3.08382,63.1032
3.69551,4.22932,33.2447
3.5433,4.74719,29.8633
2.19893,5.42779,18.0115
4.48097,3.62922,57.1063
4.48529,4.78538,61.4482
3.00976,2.87836,17.3023
4.58199,5.01587,67.2757
5.30186,6.48523,119.278
5.8001,3.86971,153.438
4.77231,3.27031,71.3922
5.64016,3.26655,136.435
3.96308,3.51875,37.1224
4.94597,3.21622,80.4224
1.89841,4.60802,15.5118
2.92593,4.72788,21.8333
5.66772,3.85451,141.06
2.77132,4.27379,18.8277
3.16397,6.35649,32.6921
3.60653,1.8406,24.6871
4.38219,3.97325,55.6327
1.98226,2.35346,8.11285
2.38046,4.03787,15.9376
5.16512,5.46104,104.306
4.73774,4.95205,72.8612
5.35987,4.39812,113.859
6.08456,4.16066,185.7
3.15667,3.41611,19.6273
4.29506,5.27695,55.9896
3.732,4.91852,38.1904
3.19397,4.49809,25.1748
3.84159,2.63864,32.6149
4.86405,4.12951,79.1767
4.28794,5.64818,57.3578
5.18469,3.3892,97.0897
3.97994,3.47973,37.4541
3.61576,3.95535,29.9442
5.16682,4.21961,98.5236
3.31211,2.25936,20.8712
4.20914,3.04601,46.3559
3.81295,3.38675,33.4348
2.91267,5.4462,24.4008
3.87053,4.03936,36.0828
4.69717,3.63554,69.5292
4.05037,3.80694,41.6298
3.74761,4.62973,36.2702
4.35238,3.72994,52.8684
3.64277,3.9257,31.9261
4.09262,5.00666,48.0484
5.1984,5.1692,104.958
3.5551,3.89003,28.1646
4.07923,3.6188,41.0968
5.49708,3.09365,123.534
5.1811,5.72415,105.434
2.71642,4.16073,18.1043
3.069,2.3136,17.9479
4.25856,5.22585,54.2056
4.71723,2.99497,66.736
4.94487,3.76994,83.6782
1.84629,3.95039,12.2134
3.50769,3.91242,28.0092
3.30605,4.00055,23.5226
4.20882,2.88355,44.3582
4.5009,3.88673,56.9625
5.26624,4.24476,106.568
5.08229,6.07585,100.424
3.45189,4.20197,27.6457
3.26842,5.01712,27.914
3.62422,2.69853,28.0845
4.0404,2.3414,39.425
4.57494,3.48855,61.4752
5.27066,3.06555,103.043
2.97484,5.20242,25.3146
4.37487,3.24889,50.4871
2.37829,1.46868,9.27856
3.76279,4.88261,39.2428
4.14179,4.44686,46.9667
2.73062,3.31807,15.7049
3.56658,2.31454,23.5552
6.12259,4.77608,196.425
2.1954,2.89635,11.1597
4.18894,4.67909,47.795
3.41323,3.2264,23.4553
3.85554,3.08688,33.8804
3.1449,4.08176,22.9501
4.60112,4.42215,65.6477
4.28681,4.24039,51.8721
4.30811,5.66877,59.3704
2.85144,4.21103,17.5725
3.0065,4.57763,23.4739
4.95549,4.00659,83.6738
4.84623,4.06197,77.7141
3.11164,3.36582,18.5137
4.03073,2.38722,37.2415
3.97187,4.87114,43.7189
4.72709,4.64186,74.1064
4.88808,3.71301,78.3332
5.1294,2.44042,91.6978
5.42971,3.44429,116.118
5.06459,2.97707,87.8555
3.60164,1.93095,24.6152
2.60396,3.41278,14.4083
2.27424,2.32499,10.4672
3.0755,4.07273,20.9213
4.03904,4.94409,45.0587
4.6187,6.11397,73.3677
3.24539,4.40934,26.2724
4.26154,3.73157,47.3434
4.47374,5.15463,61.2658
3.96139,4.25747,40.0125
3.25761,4.7539,28.3264
4.15593,2.89502,42.674
3.95412,4.52405,40.8781
3.58439,4.1673,29.9262
6.18801,6.14714,208.277
3.02385,2.91624,17.4057
4.36357,4.47451,53.7851
5.78337,3.62178,151.284
3.83574,3.87733,36.3989
3.39774,3.81538,26.8066
2.4201,4.49523,18.4934
4.0227,3.47743,40.8592
2.37064,4.31002,15.148
2.64785,4.21188,17.6731
4.33259,3.13698,49.9337
4.44798,5.09207,61.8959
4.0008,5.04213,46.2087
4.04966,2.53166,39.0761
1.47054,4.43075,13.4019
5.26466,4.92448,107.475
4.96059,6.32029,94.2508
3.95211,2.45476,33.8481
4.52997,3.59583,57.3888
3.45664,4.48769,29.832
4.69599,4.82071,71.7644
3.22059,2.97133,20.5478
2.82361,3.66993,19.4159
2.94136,3.77679,19.3435
4.59279,2.29268,60.8826
3.33254,3.42628,23.3703
2.92988,3.30925,17.7911
4.43452,5.38444,60.9143
5.78419,5.96133,158.488
7.08294,3.04786,349.578
4.54038,4.72907,62.6616
4.62813,3.29936,62.9326
5.89812,4.38002,166.411
4.66502,4.8755,70.2885
4.18725,2.53589,42.7051
4.53078,3.2105,57.6543
5.79772,4.15323,152.645
2.51438,3.72128,15.5538
3.18508,4.17316,22.4296
4.87701,3.00647,77.5937
3.97082,2.90785,38.2687
3.07492,3.61722,21.3476
2.40438,5.18394,20.0188
5.10972,3.81787,94.1612
2.99336,2.95443,16.257
2.25272,4.02034,16.6493
3.37516,3.24463,25.3294
3.43726,4.39152,28.462
5.64821,3.69896,138.1
3.39162,3.85826,25.976
5.17196,4.63478,100.555
3.24164,3.61427,22.3087
4.329,3.98117,51.5186
3.17394,4.0208,22.9926
3.2406,5.40759,29.4482
3.50615,3.63229,26.9132
3.31526,3.36177,23.679
2.55752,4.57272,17.2241
6.14865,4.55886,196.525
3.93208,3.07726,37.4919
4.7559,5.35781,75.9653
4.48651,4.14723,58.361
3.48146,3.98107,29.5314
3.64068,5.42015,35.3947
3.09878,3.02067,18.3575
4.42476,5.349,60.8191
5.3172,3.65992,106.798
3.32194,6.2691,35.4268
5.88933,3.31849,162.183
4.07625,3.69243,42.6782
3.20894,5.25071,29.266
2.18456,2.19102,8.87671
4.80362,4.25026,74.1882
5.37002,5.29251,118.065
4.16937,4.6082,47.9247
2.82231,1.63673,13.2652
4.73497,3.72761,70.8895
2.77147,2.25628,15.0229
2.80381,4.00122,19.775
3.76897,2.90314,31.6547
3.2596,5.23872,29.7848
3.97378,5.85239,47.8946
3.39291,3.25839,21.7316
5.56318,5.13708,133.635
3.68974,6.33754,42.0588
4.45792,3.54743,55.1836
3.07115,4.37622,23.7606
7.04942,4.11252,346.88
4.75392,2.72783,68.8281
2.2395,2.79088,11.209
4.81731,4.67509,78.3922
4.03355,5.69692,49.3724
5.41224,5.05277,120.617
3.59821,3.12391,27.0941
5.06471,4.2283,92.5741
3.34676,3.63948,22.9072
4.42555,2.4926,52.302
3.5516,1.80519,24.7578
5.10943,4.21747,94.2638
2.6575,0.927427,10.8017
4.8247,1.91361,70.5909
5.3852,2.99509,112.45
2.80732,4.32372,20.4526
4.19867,4.31061,48.5603
4.13329,4.51061,49.0578
3.19227,3.71152,23.3421
5.93071,3.9223,167.447
3.94554,2.57052,34.388
2.87931,2.82025,15.3799
6.13147,3.3962,189.982
2.0553,3.6921,13.232
5.06173,5.07449,94.4786
3.61577,3.86895,30.1332
4.0129,4.79698,42.6916
3.76976,3.30617,33.0804
6.19179,3.87931,200.994
5.59756,4.28383,132.9
5.21522,4.67919,103.962
5.6508,4.31554,139.356
4.38159,3.8284,53.9204
5.31223,3.88052,107.74
3.64565,5.02928,36.8429
4.44085,5.79322,65.0394
4.19137,4.22576,46.868
3.71673,3.99313,32.292
2.48686,3.93159,14.9839
3.98534,3.3038,38.2771
3.38296,5.42117,31.293
4.08971,3.65021,43.5777
5.33198,4.03154,109.464
3.58972,1.98388,25.3167
4.06498,3.75146,41.5624
4.00015,3.78363,40.828
4.45624,3.7557,57.2167
5.06737,4.25272,90.7566
3.55396,4.08754,29.8937
3.17148,2.13483,16.7203
3.03769,2.45031,19.1093
3.19903,4.26539,24.4147
4.1668,3.85837,45.5273
2.71538,3.51612,14.4812
4.83048,5.23538,81.7901
1.66084,4.80312,14.1684
4.57038,3.2168,60.7316
3.56884,3.97399,30.1981
3.81424,4.23656,36.7133
5.34679,3.4685,110.089
4.69186,3.39909,67.5212
4.88625,4.0194,80.5827
3.06237,5.20222,24.7079
3.00582,2.6933,17.3815
5.14011,2.83989,93.3733
5.36676,5.23251,118.516
3.1325,3.04786,19.0832
6.28587,4.05651,214.42
5.25973,4.35224,106.452
3.41557,4.58431,30.3612
5.01686,3.30134,86.0941
2.14407,5.29164,18.538
5.19127,4.70056,103.299
4.63991,2.8389,64.2164
2.88723,2.926,14.9613
2.82123,4.01193,19.6322
4.67288,3.14995,62.9207
4.43467,3.09482,55.205
5.44266,2.38622,117.02
5.11194,4.84332,98.0873
4.47384,4.31708,61.0917
3.9383,3.76632,39.4456
4.61572,4.28388,66.2971
4.46941,4.67632,60.5405
3.25676,3.86846,22.7524
3.82973,3.56774,33.7491
2.93184,2.71733,15.7641
4.68517,4.73768,70.4677
3.45684,4.72115,30.356
4.48597,4.65269,61.382
3.83204,3.70089,35.3751
4.18799,3.1924,45.6095
3.84445,3.58982,34.5398
3.12059,4.13074,22.8477
2.88387,4.30237,20.1386
5.24675,4.51283,105.506
3.50247,5.60871,33.0743
4.32241,3.10373,50.1465
2.80356,4.44254,19.6833
4.8539,3.63092,76.6746
4.88315,3.76597,79.3094
3.77989,6.09591,42.559
4.38985,4.04465,56.0147
5.21364,3.67517,99.6149
2.36578,5.59611,20.5016
2.98658,3.11188,15.1804
5.55344,4.40584,132.393
4.08263,4.19986,44.1692
3.34718,6.0066,34.4107
3.9543,6.00263,48.2767
3.45548,3.89674,26.8102
5.3547,3.74172,112.569
4.35281,4.06307,51.7291
3.58011,2.65407,26.6011
2.58397,5.21564,22.7426
2.60568,4.21729,18.2141
2.62956,4.38678,16.9314
3.34297,2.83788,21.8134
2.92144,5.09727,23.9715
4.23522,3.26809,44.803
3.94032,3.27852,37.1759
4.68062,4.45013,69.0877
4.20883,3.71229,45.759
6.58122,3.93568,259.012
4.23817,4.84381,51.168
4.21949,5.43668,52.9409
3.38081,2.00229,22.9967
3.878,2.43184,33.8474
5.00193,2.13643,83.1082
2.70865,4.84936,21.1956
2.93505,4.56751,22.5563
4.10358,5.53299,49.854
5.2653,4.03809,105.486
5.8536,4.86646,160.817
2.77045,3.32517,17.6434
4.25416,1.79606,42.8896
3.4526,5.57963,33.5847
3.67774,3.43694,31.6722
3.93428,3.61582,39.9153
3.57012,4.52761,31.7085
5.53305,2.3625,123.234
4.59154,1.90135,58.255
4.97983,3.78109,85.0102
4.60894,3.80561,63.1302
4.66859,2.90979,66.6314
3.65452,4.25084,31.1301
4.84668,4.86413,79.986
3.4049,2.83514,22.2291
2.4229,4.58626,20.8785
3.66558,1.1538,23.6919
4.90125,4.46013,82.1404
4.44432,3.13406,55.6072
4.70177,2.61874,63.7522
4.27463,4.58498,52.4451
3.37654,5.54211,32.5413
4.28572,3.68257,49.6859
3.44783,3.66763,25.9611
3.45822,2.71829,22.8965
2.95487,5.15544,25.0479
2.98004,4.05428,20.0824
5.71011,6.16582,151.97
4.21454,5.33455,52.8677
5.85569,5.04619,165.026
4.50272,4.28168,62.3101
4.69861,6.11723,78.7096
3.95399,3.0629,36.3272
2.33155,4.56594,16.0333
2.71052,5.48039,23.4439
2.97562,4.70857,23.4502
4.66018,3.57613,65.6074
3.50031,2.59973,24.215
3.43033,5.75834,34.6886
4.62192,3.21356,64.2963
3.50893,3.14465,24.5022
4.12669,1.9989,40.3274
2.67759,4.37631,19.9456
2.97087,2.36915,17.1536
2.07984,2.3113,8.91477
4.36437,5.31672,57.8807
5.03312,5.072,91.3476
3.04893,3.34106,19.3146
3.67217,4.41402,32.9346
3.12601,3.16767,20.0027
2.57082,3.13114,15.0223
4.45121,4.26469,57.5528
5.26604,2.61452,100.225
4.63215,4.18706,66.6123
3.38969,2.73524,23.7465
4.3258,4.17254,54.4346
4.40861,5.6484,61.5447
2.93419,5.55092,25.4383
2.96617,4.61806,22.2255
4.41677,4.46207,57.1915
3.16973,4.60563,25.5371
3.78704,3.3958,33.6322
3.40782,2.3734,22.1732
5.3249,4.58702,111.539
3.95993,3.73736,39.5576
2.96145,3.00316,18.5199
1.64448,4.03557,10.7033
4.9755,6.03646,93.5971
4.10147,2.94094,41.0307
5.74862,4.71691,149.029
4.1108,4.46832,45.1668
3.1938,2.41226,18.9088
4.01533,4.88873,45.2521
5.79833,2.9376,151.496
3.55367,2.84053,25.8596
2.85944,4.1154,20.1414
1.99066,2.29017,9.83912
4.36517,3.96756,55.3233
3.58981,3.61236,28.193
3.67365,3.42001,30.3788
4.88612,3.62423,80.5673
3.199,4.90079,27.515
4.47621,3.71845,57.4018
5.15474,4.30752,98.8907
2.88127,3.09836,16.2677
3.62168,2.23079,25.8949
3.61926,4.67338,35.0383
5.92501,4.09737,165.75
5.38737,4.91372,118.626
4.04052,2.70754,37.9359
5.42346,3.30448,113.929
4.82869,4.77598,77.9636
5.34862,4.55399,114.264
2.50656,3.74461,14.5857
5.0532,3.23094,89.3841
4.75729,2.45955,68.3877
