3
4.01513,5.25299,301.25
3.71052,5.3337,221.485
4.16096,3.58261,338.388
2.95727,4.83043,95.3255
4.55394,2.0224,487.136
5.93367,4.32473,1494.8
4.57219,4.23155,501.677
2.84181,3.09385,78.7451
4.86315,4.54873,648.617
2.51823,4.05892,55.8923
3.14485,3.88878,115.59
5.00204,3.88633,727.348
4.87554,5.72235,657.752
2.89643,2.57462,81.1527
3.39815,3.51416,151.521
5.367,5.8698,981.401
3.58202,4.25996,188.8
3.52878,3.37543,174.754
3.55025,3.40386,180.601
3.26326,4.66036,135.152
5.34512,5.16626,963.964
5.06561,6.13091,775.655
4.72792,3.67041,574.604
3.63338,4.81499,200.093
4.57729,4.7048,506.205
3.28417,5.12078,140.446
5.6695,3.52597,1229.75
2.90435,6.6189,97.6006
2.97863,4.84399,98.3589
6.95758,4.06579,2959.13
5.63599,4.81417,1203.55
4.8856,4.79354,662.535
4.87047,5.09561,654.042
4.65801,2.96904,538.166
4.38131,4.81183,423.055
2.77925,6.50496,84.614
4.1745,3.78563,343.185
3.23033,4.03292,126.167
3.27652,5.50595,141.196
3.20408,4.6441,127.016
3.26906,4.06615,133.896
3.80091,3.54978,238.415
3.32082,3.61839,140.069
3.65549,4.35372,204.082
2.72189,5.23883,75.2199
3.58444,4.42825,189.144
5.59028,4.43933,1162.91
3.8932,4.12421,260.83
4.59853,4.13656,512.943
3.99746,4.86692,294.744
3.63553,1.74155,193.265
3.66462,3.98925,203.494
3.76183,5.14921,231.362
4.69354,2.82598,554.079
4.08621,3.94566,316.871
4.61955,3.85753,522.582
4.59609,3.08119,509.021
6.37871,4.20311,2036.64
2.64797,3.94825,62.2702
4.41892,1.09912,428.752
5.13975,3.78787,813.198
4.26026,3.04399,372.068
4.25463,4.12246,373.685
2.86896,4.42295,84.176
3.51373,2.27986,172.52
2.82635,2.15576,74.4247
4.50699,4.59815,474.302
4.06451,3.57611,308.95
4.28609,4.83854,386.475
5.19265,3.59018,850.869
4.60165,5.31644,518.244
4.16066,3.50021,340.478
4.73876,5.5237,585.805
3.84474,3.6485,248.546
4.90053,4.23947,666.902
6.62081,3.8705,2387.16
3.75208,4.69797,229.073
4.0859,3.9563,316.38
5.86798,4.75946,1428.81
3.03635,5.00426,104.715
4.93747,2.21302,682.624
1.96814,4.78626,30.9383
4.02309,2.95098,293.26
4.16632,3.39157,340.801
4.42288,4.56396,437.873
4.2962,5.46588,393.79
3.43227,3.67668,156.52
3.36907,6.33679,159.102
4.05254,3.53451,306.364
3.60679,2.84675,189.85
4.54182,3.45993,485.423
4.4677,2.55671,452.436
3.10261,3.91268,110.63
1.82084,4.52809,23.49
3.97882,3.33575,284.673
5.15867,4.25889,827.153
5.08363,2.87257,774.947
3.88281,4.63686,261.017
5.41257,4.58679,1012.71
3.07658,4.83075,109.187
3.93951,5.08653,278.868
3.20654,4.94532,126.879
2.51513,4.09409,55.33
4.05676,3.56784,305.541
4.87912,5.24902,660.165
3.12383,5.12043,117.228
2.32007,2.15668,37.818
3.80641,3.72319,236.423
3.23476,4.5406,128.874
3.86089,3.97294,253.003
5.50111,3.93497,1085.99
5.86329,4.81863,1423.64
4.75556,3.00549,586.287
4.0568,2.95506,304.483
3.45171,3.92703,162.815
6.50085,3.35126,2206.52
2.3922,3.47521,44.2977
4.39482,4.60998,428.052
4.96945,4.47822,709.002
4.67521,3.28409,545.967
4.72083,3.36053,571.828
2.16217,3.88674,35.9769
3.53616,3.48353,179.266
3.5125,4.29668,175.16
3.07214,4.71736,108.827
3.40771,2.78299,152.451
3.97399,3.88316,282.536
3.97865,3.19489,282.003
3.36975,3.56615,146.925
4.35887,3.84908,410.812
4.15441,3.40819,336.055
2.2068,3.92941,37.8672
3.91203,4.87311,269.963
4.6788,3.49174,549.37
3.19656,5.53866,128.951
3.41508,5.12604,161.917
3.13562,3.7583,113.6
2.97359,1.30273,88.09
3.53176,4.92125,182.498
3.93664,4.76296,276.111
3.67195,5.48799,211.37
3.10445,3.92099,110.955
3.48747,5.23949,173.904
4.51818,5.46897,483.755
4.05331,4.53355,309.358
3.36463,4.69824,150.72
4.69092,3.92657,556.71
3.84979,5.13314,254.376
3.88295,6.19736,265.928
5.12358,3.77096,802.14
3.7115,3.43103,213.877
5.98419,2.33411,1546.01
4.12333,4.98065,334.221
3.49112,5.63261,176.973
5.47995,3.33189,1064.7
4.43454,3.62927,441.445
4.71126,5.3601,571.702
4.52253,4.70925,481.092
4.14368,4.52017,336.449
3.30346,3.56716,134.314
5.63699,3.66937,1201.7
3.64796,4.96448,205.558
3.62063,3.68054,196.263
5.21882,2.77775,864.993
3.67232,3.96466,206.652
5.15452,3.44106,820.482
4.13817,4.2475,334.307
2.46568,4.86247,53.2043
4.27942,5.26826,386.802
4.05329,5.98425,311.92
4.0885,4.90212,321.035
5.22992,4.86065,878.746
5.64169,6.15718,1212.84
3.69641,4.04187,213.465
2.94253,5.29243,93.9928
4.69824,3.46404,558.003
3.44675,3.61319,161.033
3.42091,4.09314,156.869
3.84423,3.94662,249.487
5.00531,5.26154,732.864
3.62953,3.87791,197.385
4.63217,5.48508,533.346
5.75092,4.70084,1312.23
3.78261,3.4198,231.462
3.26052,3.61479,130.37
3.17237,1.75163,114.396
3.56248,3.73939,184.538
1.9351,3.05034,25.0428
5.09376,5.05123,788.472
2.02357,3.93962,30.4748
5.24329,5.2072,890.85
4.79011,4.27389,610.112
6.35617,4.43601,2006.77
2.54935,4.40952,57.7645
3.73554,4.38677,222.92
3.72922,3.27604,216.861
5.17696,3.16251,838.473
3.47623,4.02068,167.102
3.81578,3.78726,239.558
3.37927,4.74793,152.927
4.26501,6.11081,385.438
3.41476,4.73229,157.501
4.09826,5.20493,325.345
3.23095,3.08113,125.154
4.56201,4.04307,497.142
5.29351,4.50263,924.309
3.19979,2.86058,120.443
4.69918,4.16695,561.636
2.62553,3.6313,59.8144
4.54149,2.52104,484.133
2.12182,1.91462,27.8886
2.83275,2.86172,74.7604
3.649,4.44606,203.94
3.66453,2.17663,200.894
3.212,4.34196,125.359
5.01581,2.41033,732.088
2.76935,4.69318,75.4286
4.55801,4.02448,495.761
2.65546,3.34812,61.7483
3.11432,5.08613,115.46
4.46995,5.65352,461.498
4.49043,2.14654,459.371
5.31849,6.15243,949.911
4.19559,3.32515,351.644
4.77085,4.07837,597.729
4.36707,4.49596,416.087
4.55352,3.81968,492.666
4.39808,5.09292,429.869
5.46191,4.02474,1052.98
2.46526,5.3516,55.6925
3.92556,3.89071,268.979
2.38111,2.99304,43.3015
3.41781,3.83936,157.154
3.26017,5.6621,136.823
4.48644,3.62914,462.577
5.86467,3.30704,1419.83
4.05296,2.96997,302.71
4.91059,3.29695,670.488
3.7823,3.03811,228.739
5.16804,3.36524,831.888
4.6192,4.43306,524.525
3.35756,5.06888,149.223
3.4038,2.6567,150.618
4.79009,2.3599,601.893
5.81893,4.30166,1376.41
2.58236,3.46564,56.259
3.30969,3.65333,139.084
6.54529,3.57069,2273.26
3.70673,5.09668,220.774
1.25,3.69947,16.173
3.52801,3.2991,176.486
3.85481,3.03331,248.391
4.00715,3.4026,291.284
6.56616,3.59182,2301.54
3.49083,5.74784,177.824
2.79108,4.46761,78.5955
4.91528,4.50486,678.663
2.30108,3.69218,39.9957
3.74553,3.59406,223.143
4.75098,4.20488,585.252
3.63339,4.41919,198.586
4.14386,3.33181,332.27
3.53383,4.3354,179.199
4.10761,3.83056,323.222
3.72182,5.26621,224.09
3.96915,3.14505,279.533
4.21182,5.41278,364.24
3.50453,3.21474,170.824
4.12643,3.1506,328.637
3.7496,2.99114,224.155
3.41057,4.93441,158.467
3.52921,4.61306,179.334
4.67987,5.39377,556.751
4.59262,4.76813,513.453
5.00096,4.73665,727.352
3.41062,5.85805,163.569
5.6067,5.56817,1181.61
1.89439,3.04682,24.422
5.03212,3.46874,743.832
4.38895,4.45629,425.079
2.97883,3.42238,94.2782
5.22487,3.95043,873.87
4.218,3.41488,358.306
4.59757,4.96332,518.701
5.02289,3.83497,739.171
4.66218,4.1191,543.602
4.0011,1.47294,283.766
3.59575,4.22841,190.165
4.6692,4.35917,547.4
5.12211,5.34118,807.5
3.25199,5.83706,135.681
4.77996,3.16037,596.86
3.05826,4.39594,104.276
2.34873,4.99702,47.744
4.10178,0.970556,313.246
3.04528,3.52207,101.445
4.55207,4.92409,496.541
4.37122,3.40252,413.657
4.79537,3.07212,606.392
3.41704,3.10941,153.551
2.78701,2.21646,70.7181
3.8017,2.37984,233.048
3.8468,4.15927,249.08
3.09277,4.35951,109.66
2.84079,3.57251,79.6386
4.81731,4.51384,621.209
5.93923,4.11406,1500.92
1.81885,4.8846,27.0236
4.14741,4.33684,338.391
4.49547,4.83359,470.796
3.75117,3.51868,223.759
6.23407,2.47698,1839.18
5.30519,3.86658,929.935
6.04356,5.57775,1621.92
6.74724,3.51128,2588.48
2.66456,4.53635,66.5967
4.81423,3.68712,618.629
4.54354,1.8456,482.499
5.07421,4.96393,775.235
3.87548,4.2902,256.464
3.41731,4.25195,157.765
4.89433,4.14323,663.463
3.1978,4.26624,123.729
5.14574,3.02629,815.987
3.086,3.34777,105.927
2.98286,3.66886,94.384
4.86356,3.82983,646.507
3.27878,4.22819,134.401
4.30152,4.32531,391.954
4.30009,5.28584,394.617
2.91298,2.43643,81.8131
5.03721,5.06082,752.014
3.89791,3.84297,259.9
3.65774,3.90325,203.398
5.65415,5.24438,1220.52
6.34946,3.44443,1993.19
4.50883,2.92148,469.983
4.91178,2.70337,670.309
3.92905,3.2828,270.585
3.60725,5.40256,198.343
3.06046,3.40236,102.51
5.06176,4.8208,766.633
5.66938,6.24067,1239.93
3.46827,3.74192,165.372
5.04326,5.58881,759.435
5.10138,4.37493,790.523
4.31856,3.97654,395.848
4.63187,4.15517,529.157
4.47234,5.2069,461.61
3.89131,2.17268,255.358
4.01279,3.48874,293.225
5.73149,2.51383,1285.61
3.08142,3.77594,104.926
4.21724,4.58526,362.791
5.82451,4.37314,1383.01
4.65221,4.80932,538.621
4.56134,3.23943,492.005
5.6196,4.18825,1186.99
2.50698,3.73613,53.3637
3.01518,3.4998,97.0083
2.7816,5.0484,77.0845
3.31072,4.13766,140.798
3.25814,3.89904,130.833
4.18829,3.11211,346.429
5.10685,4.29743,794.202
4.38676,5.32867,429.089
2.89906,3.21063,82.5805
3.49313,4.25432,170.204
4.09901,5.26994,326.13
3.09109,4.8098,111.594
3.34126,5.95443,151.103
2.78859,4.59626,78.6379
2.47828,4.70098,54.5511
4.26941,5.40424,384.144
5.32195,4.20445,943.05
2.86754,3.95606,83.3452
3.54393,5.2589,185.577
2.97977,4.49099,95.7392
4.06873,4.32367,314.093
4.39709,3.75142,428.336
3.87637,4.49792,258.117
5.03223,2.74349,741.411
3.87031,3.57562,253.379
4.46549,4.41356,454.757
3.72649,4.04164,218.721
3.50655,3.55917,172.728
3.0183,5.06703,101.902
3.61192,4.73318,194.562
4.74986,4.16724,587.362
4.53722,5.368,488.581
1.98679,3.31928,27.5141
3.72263,3.56514,217.233
3.05457,3.5686,102.824
4.94804,2.63922,691.576
4.46064,4.71618,454.062
2.82564,3.04191,77.5444
2.91634,3.38807,85.8263
3.6019,3.8076,190.633
5.93973,4.70518,1505.72
2.13769,4.04201,34.6726
4.0912,4.5682,320.186
4.81805,3.0662,620.457
4.38445,3.76033,420.382
4.03294,3.05316,298.47
3.43739,5.43546,164.799
3.19337,3.65769,120.962
6.25933,3.13136,1875.06
4.08378,2.86603,312.696
5.08695,2.4937,775.502
4.09762,3.01862,315.515
2.83214,4.16751,79.3335
2.7521,2.8244,70.0091
3.76789,5.68499,233.878
2.79229,4.5194,77.6013
5.09077,4.48568,783.36
5.22482,7.04392,884.625
5.56772,2.36219,1135.25
5.32956,5.48938,954
2.87526,2.95604,79.2996
5.18114,2.66605,838.682
3.54011,3.6244,179.895
4.02902,2.53212,295.802
4.78873,3.01852,603.57
4.30434,5.25852,396.267
4.72849,2.2353,570.17
4.34958,4.43004,409.255
3.0176,3.1096,96.7639
3.57556,4.96134,188.112
3.05586,1.05388,96.8557
4.48228,3.37428,458.308
2.50043,3.63595,52.3019
4.04765,5.19551,309.88
4.28878,4.72531,386.902
5.49056,3.09254,1074.36
4.01171,2.66063,289.617
4.02931,2.71712,294.675
4.62138,4.30162,525.57
4.44935,4.44277,450.848
2.88447,3.50046,82.7098
4.76614,3.15128,591.735
4.15913,4.33882,343.452
4.77082,4.0513,595.19
2.5739,4.84496,61.2217
4.02732,4.27389,299.556
3.50523,3.42896,172.407
3.85964,5.53379,259.104
3.87741,4.87791,260.923
4.60607,6.05472,523.219
4.34298,4.1053,405.842
3.59091,4.52766,190.062
3.77324,5.42486,234.76
5.0839,3.39951,775.826
2.97108,3.31442,91.9447
4.01983,3.29454,293.162
4.24778,6.34608,380.891
2.25673,1.3083,31.6475
4.8346,2.40302,624.994
2.30315,3.24848,40.3358
4.36369,2.35034,408.904
3.80748,4.37747,242.039
2.90165,3.41524,84.1408
3.53018,4.39048,179.208
5.40725,2.90715,1005.05
3.3046,4.30872,138.321
2.36081,3.22643,42.869
4.45297,4.0449,448.956
5.14518,5.50035,823.551
5.31439,4.77208,940.604
5.44565,4.09615,1041.73
2.86021,6.94208,94.1778
3.40467,3.97419,155.902
5.15714,4.44608,826.449
2.91434,3.72927,86.1121
6.01257,3.51412,1579.48
4.16243,3.01595,339.038
4.56419,4.29887,501.429
3.44692,3.38789,158.949
3.20606,4.33746,124.606
3.16678,4.33574,118.541
3.71576,2.82332,213.347
4.97269,3.64912,708.044
3.27092,4.07749,134.259
3.28092,2.18881,129.005
4.79341,5.23654,612.751
3.37826,4.0224,150.327
4.28668,3.31051,382.242
4.79957,3.90195,612.319
4.52068,3.34941,476.136
4.26554,3.71947,375.697
3.73594,4.29823,223.502
4.72128,2.60362,567.222
2.33111,4.20454,43.6459
3.30126,5.13016,142.024
3.90761,4.96513,268.008
4.8064,4.84629,619.27
3.5084,3.35409,172.908
3.76085,4.72065,228.55
4.89831,4.3444,667.452
4.64342,4.58833,535.521
3.57863,3.87437,186.089
3.25866,4.29101,132.089
4.43519,3.39322,440.573
3.9786,4.7426,287.288
3.04278,3.93699,101.285
2.57216,3.62259,57.9214
3.89939,3.27613,260.091
4.54019,2.67831,483.302
3.88273,3.27501,256.978
4.67406,3.51301,546.977
4.39647,3.92524,425.406
3.78228,5.66368,239.869
4.91969,5.0006,683.299
3.57423,1.69209,181.191
4.70584,3.30073,562.448
2.49022,3.571,50.5358
3.07696,3.5081,105.877
4.01126,3.30225,292.394
4.55882,4.82444,497.363
4.77015,3.65528,595.709
2.67125,3.82839,63.2492
2.01163,5.15489,34.9844
4.21124,5.20311,362.313
3.86902,3.12321,252.487
4.12996,3.55444,329.744
5.88893,3.88538,1448.82
4.16322,5.84879,349.419
3.3346,2.91047,138.477
4.57096,3.82263,498.968
4.64151,1.70292,526.647
5.51743,5.56302,1103.19
4.08363,5.79909,323.816
2.90443,3.03831,84.0837
5.45434,2.68673,1041.79
6.67259,4.70384,2472.43
5.30178,3.71403,926.572
5.05689,3.14207,761.586
3.96832,4.6105,283.091
3.87575,4.30016,256.563
4.36439,2.57665,410.078
4.04297,3.76378,301.045
2.94662,4.39753,91.1415
4.41001,5.47117,437.112
3.70781,2.99162,212.932
3.66772,2.78345,203.142
5.19338,2.95004,846.538
5.06852,3.47331,768.81
3.72263,3.148,216.935
4.23786,3.71198,365.74
4.11914,3.18889,324.597
2.42524,4.23524,49.4582
4.50816,4.25963,474.417
2.82926,4.26928,83.1008
4.53007,5.54931,486.745
4.46254,2.82826,451.536
4.57161,4.14519,500.642
4.48803,3.18998,460.718
4.96633,3.86905,706.076
4.93639,3.34008,684.968
4.4023,6.20315,438.083
3.70286,5.05888,219.231
4.55848,4.04695,495.252
6.01446,3.30998,1583.34
2.87825,3.43171,82.0706
4.07655,3.98181,312.507
4.77856,3.80197,600.26
4.4565,3.31038,449.234
4.84872,2.79242,635.993
3.84772,4.5633,250.973
4.05123,2.90247,301.596
4.31389,4.34962,395.033
3.66308,2.51828,201.312
3.30087,3.4283,135.397
3.71991,6.09247,225.537
3.60073,3.59961,192.233
4.74031,3.34395,579.417
5.82398,4.76588,1384.16
4.07724,5.58936,317.999
3.67812,2.6419,205.218
3.57726,5.68431,193.084
5.08796,3.22053,777.415
4.99331,3.55855,720.152
3.73407,4.23643,220.444
4.25018,4.50459,373.023
4.15433,5.12217,340.789
3.22301,3.08689,122.427
3.41809,3.57663,156.242
3.62867,2.64062,194.086
4.3275,5.69298,407.416
3.73574,2.86108,218.633
5.15333,4.02806,825.221
4.86165,3.57394,644.539
3.50343,3.87152,171.738
3.0875,3.96928,107.26
4.6492,3.49013,536.541
3.23044,3.96082,128.407
2.38176,4.63385,47.7547
3.16728,3.39839,116.368
4.54879,3.39627,487.803
4.43744,5.58726,448.803
2.30872,3.25833,40.5412
3.31322,2.49067,136.464
3.60542,5.93489,200.496
3.63628,4.81684,203.734
1.28155,3.4605,12.7406
4.96944,4.71409,709.883
5.04748,4.81669,757.133
2.50622,3.92258,55.5949
4.16568,3.89885,340.709
4.57803,2.78018,500.13
3.47217,4.23596,167.094
4.95728,4.30487,702.355
4.18436,2.52761,345.755
3.43764,3.2283,158.915
3.80888,4.32454,240.224
3.59578,3.8397,190.526
2.64133,5.04839,67.835
3.53184,3.47064,176.891
3.10521,4.31324,112.035
3.64461,4.03645,201.528
2.77896,3.66716,72.7281
5.48718,3.69061,1072.46
4.24679,4.76024,374.181
3.63645,4.39934,200.022
4.03363,4.31572,302.38
4.68465,3.09793,551.207
3.30691,4.34277,139.28
3.15014,5.37131,121.374
3.39562,5.13559,156.057
5.24656,3.82944,888.482
5.47964,2.53218,1060.81
5.45694,3.03919,1044.04
4.43727,3.4489,441.667
3.34704,4.6274,148.146
5.40427,5.56818,1010.24
5.34447,2.94398,956.873
2.44628,3.32876,46.7557
5.31213,4.68326,937.152
3.95963,2.40808,275.989
3.06374,4.0777,105.518
2.10025,3.9833,33.2778
5.14083,2.89362,812.28
3.33127,4.83301,144.279
3.86775,4.50085,254.913
5.07548,4.05627,773.943
4.12551,4.06852,329.573
3.88693,2.31899,255.567
6.02887,3.83064,1601.24
3.98238,3.29846,283.159
4.29978,3.95615,389.066
5.05574,1.4441,753.874
3.46862,2.77515,161.746
5.16163,3.64956,828.092
5.35274,4.59695,970.563
3.97304,3.93292,282.161
4.76616,4.21149,595.476
5.18515,5.11065,848.799
4.40151,4.81185,431.407
4.56397,5.53793,503.442
4.94236,4.69386,695.069
4.57032,4.33475,501.573
3.61861,4.20212,196.061
4.65243,2.76999,536.719
2.66744,4.79821,68.4478
4.88682,5.28666,665.595
3.22433,3.89976,125.315
4.46678,3.06153,452.254
4.554,4.68939,495.877
4.6503,3.69063,535.838
4.96002,5.03728,705.436
1.82646,5.25644,29.0372
5.45769,4.90105,1052.63
3.08189,4.45794,108.881
3.3174,2.29376,135.843
3.43917,5.32454,165.656
4.01828,3.47752,294.553
3.46841,2.30797,162.393
3.46394,3.12223,162.132
4.49103,5.19462,471.1
3.59848,3.65927,190.789
5.18634,3.42775,845.3
2.3367,5.15627,48.1822
4.66501,3.31795,542.888
3.57443,4.88051,190.974
3.36443,5.56701,153.047
4.32553,4.05759,398.949
3.83078,3.35473,241.87
2.72673,3.27372,68.5175
4.15975,3.66054,339.056
4.82651,4.05374,627.273
4.45387,4.1226,449.041
5.85209,2.542,1405.73
3.39308,4.66321,154.404
2.33766,4.76627,45.8431
4.38849,2.37519,418.177
5.12512,5.82729,811.925
3.88058,4.79212,261.514
2.75543,4.38015,72.4489
5.25617,3.89408,895.687
5.29508,4.6613,925.422
3.784,5.37125,239.509
4.27797,2.72411,379.602
3.74256,4.32649,224.545
4.47123,4.11126,455.817
3.71493,4.72031,218.919
5.4176,3.09084,1015.26
3.61192,3.45495,191.472
4.52435,4.71531,483.177
4.35628,3.94118,411.083
3.93897,4.12556,273.727
5.21612,4.1096,866.994
3.39962,6.2062,163.808
2.59082,3.88184,59.1922
3.46505,4.56441,167.58
3.99043,4.83531,290.25
3.97514,4.96375,286.164
3.64675,5.6101,206.581
2.2452,4.42128,39.3835
4.22357,4.05441,362.669
4.41121,4.60801,436.605
3.95094,2.61887,272.561
4.33006,2.92454,397.249
3.34056,4.78341,146.936
2.89317,5.09948,89.0254
4.85646,3.65129,642.826
5.6296,4.13577,1196.17
4.9294,3.03618,681.822
3.6018,4.03668,192.637
4.45831,2.97466,447.661
4.28263,6.29618,391.333
2.9595,4.56165,93.4849
2.18655,4.529,38.5631
2.02772,3.33533,28.3813
4.62475,4.07231,524.367
3.30266,4.08989,138.481
3.6528,4.48636,204.87
4.00611,5.39742,298.507
3.70135,2.56501,209.619
4.63504,3.40769,527.392
4.29262,2.33536,383.249
4.73208,3.4589,574.091
3.83477,3.33667,243.068
3.53697,3.70493,179.294
2.96993,4.02128,94.8967
5.72938,4.50429,1290.33
2.98853,2.12529,89.8222
2.5985,5.45697,64.9749
3.01674,5.4051,104.783
4.38245,4.60481,423.555
3.71471,4.18243,213.962
2.89258,2.69305,80.1783
4.60294,6.13963,523.381
3.91911,4.39923,270.847
4.39512,4.23116,425.924
4.23681,5.02101,371.782
5.12233,4.59633,806.52
1.88266,2.75679,22.0849
4.31975,5.83952,404.592
6.28184,3.49408,1905.44
3.23427,5.06861,131.048
2.77745,3.58873,72.972
3.98122,5.08406,288.333
2.08634,2.88983,29.2212
3.17113,3.60114,116.571
3.42476,3.16489,155.676
4.71979,4.17241,572.549
4.36659,4.34414,415.077
3.4619,3.84594,164.721
4.56373,3.9274,496.684
5.90965,4.3691,1470.51
4.47671,4.74532,461.716
2.56183,6.15952,65.3704
2.92841,4.91826,92.3306
4.47264,3.99702,457.905
4.99085,2.97956,716.426
2.29917,3.28597,40.9857
4.86102,5.13746,649.507
3.30605,2.81453,134.075
3.70106,5.09001,218.994
4.58681,3.36352,506.913
5.38029,4.69716,989.491
3.66708,4.6414,208.149
4.90677,4.64374,673.91
2.21044,3.95992,39.0501
5.33218,3.21082,947.907
4.63464,4.25477,530.501
4.10607,3.66412,323.311
3.56097,4.16542,184.643
3.46294,4.22441,165.409
4.21845,3.29094,358.471
3.64463,4.76318,202.529
4.96376,3.07079,702.503
4.74401,3.57054,583.478
4.39983,2.88632,424.308
3.71416,2.68601,213.1
3.79599,6.14527,243.51
3.96961,3.46661,282.029
5.54678,3.73126,1124.79
1.95379,1.62623,20.9979
4.2913,2.8473,384.306
2.88485,3.57825,83.608
5.92363,3.60886,1483.74
2.90828,3.69668,84.9987
5.11421,3.09876,795.462
4.41033,3.01123,428.595
3.68884,4.93279,212.018
4.55123,5.60986,496.371
3.43116,4.53977,163.193
4.0449,2.74292,299.743
4.01867,3.51339,295.304
2.3222,2.98821,41.5392
5.17794,4.65654,843.113
3.84952,3.9772,250.57
4.50114,4.32414,470.639
3.67981,3.7058,207.137
4.64797,4.5545,537.565
3.96383,3.95572,280.323
4.44371,4.34004,446.41
3.55514,3.63321,180.893
3.19711,4.32486,124.435
2.68021,4.41985,67.1632
4.06143,3.78823,310.553
4.92604,3.99416,682.445
2.5746,4.17248,60.1842
5.06412,5.27138,769.732
3.14658,4.49945,117.307
2.64994,3.26535,61.0535
6.98958,2.77916,3013.18
4.53351,2.88636,479.749
2.91094,2.06623,83.7775
3.83286,4.73472,247.693
5.60375,3.40077,1169.91
3.69295,5.56294,218.956
4.36319,4.30563,415.074
4.36024,4.3687,415.281
4.71536,3.95363,569.713
4.40237,5.03911,430.312
3.78467,3.3927,230.86
4.41157,4.43601,434.579
3.67627,4.05425,207.387
3.22537,4.38273,128.888
4.35608,6.18239,418.605
3.83081,5.52505,247.908
3.81599,4.11816,240.416
5.10037,3.59348,786.462
3.95563,4.724,280.798
5.07611,4.102,774.715
3.84908,6.0001,256.382
1.95591,1.78385,23.4155
3.45568,2.9997,159.61
5.29671,2.93212,920.346
3.23814,3.28299,128.27
3.80291,4.90644,242.977
3.98051,4.75765,288.518
4.76744,3.52195,592.971
2.80896,4.24196,78.1221
3.76506,4.72843,230.447
3.39253,2.82439,147.061
5.5362,3.37125,1111.89
4.14668,2.9044,334.903
2.92458,4.27763,89.1444
4.96235,4.53999,705.188
4.41263,4.24513,434.32
3.03521,4.83661,103.728
4.32921,2.98705,396.443
5.62483,4.10994,1193.45
5.3593,3.76215,969.068
4.99232,5.17044,725.831
4.90527,5.6304,676.933
3.01998,2.43832,94.1976
2.36284,5.30857,48.892
2.87654,4.10612,82.0819
3.69832,4.06114,214.642
3.0925,4.32126,109.168
2.87978,4.274,84.8452
4.21981,3.93871,362.022
4.97551,6.59465,722.324
3.76759,4.12047,228.596
3.0802,4.38866,108.819
2.9889,3.59842,94.0705
2.55071,4.10246,56.9646
3.94795,3.37187,273.318
3.88043,4.11089,258.104
3.89577,3.51692,259.882
3.97088,5.03761,286.702
2.65907,4.23523,65.4228
2.06984,4.67001,34.9952
3.25508,2.7273,127.363
4.92687,3.42705,680.827
3.2912,2.95363,132.518
3.14639,1.88799,109.386
4.11326,4.3667,326.042
2.90993,4.4553,88.0439
2.92298,3.8296,87.6001
3.9589,4.76683,281.748
3.65198,6.39746,213.367
3.9326,3.95912,271.292
6.01213,4.14931,1583.16
4.36243,6.03064,419.135
2.98562,4.59135,96.6529
4.57161,4.24288,501.089
2.93374,4.2762,89.9595
4.84083,2.69827,630.823
5.29066,4.71334,923.455
4.42698,4.17042,440.033
4.21976,2.79764,358.607
2.9401,3.88141,89.7495
6.49064,3.91764,2191.75
4.14723,2.47672,331.951
3.70193,4.54866,215.671
3.62616,4.28703,196.749
2.4213,4.39845,48.6393
4.87206,3.49338,650.021
4.59343,4.46831,512.172
3.79845,4.0744,235.627
4.77155,4.49042,598.779
3.28282,4.18645,134.354
4.82706,4.77171,629.748
3.78493,3.6874,232.788
5.80625,4.58768,1365.21
5.10354,3.29281,787.972
4.72716,4.92215,578.316
4.26527,1.80401,370.857
5.16365,4.07457,831.622
2.0012,3.61897,25.9561
5.16086,3.66216,827.621
3.94699,3.84661,275.198
5.07442,3.93474,772.174
3.1664,3.24651,114.73
3.45855,4.46612,167.054
6.63008,4.09017,2401.99
4.1244,4.05447,328.528
4.95087,4.30871,698.866
2.88645,4.6159,88.4904
5.67545,3.37177,1235.81
4.38234,3.81763,418.085
3.18623,4.68793,123.292
2.27895,5.74304,46.3298
4.22977,3.89594,363.62
5.08927,3.39625,779.098
5.43011,4.14082,1026.1
4.59947,6.27576,522.283
3.66814,4.04546,204.767
3.44834,3.70459,160.82
4.77604,2.69346,596.006
5.20079,1.95633,850.256
3.17123,3.84553,119.138
4.7112,1.99126,562.506
4.19226,4.83621,353.359
4.35456,4.66829,410.387
5.38793,6.03376,999.582
2.9804,4.2608,97.6062
4.10827,4.60483,326.534
4.77139,3.24171,594.599
4.21598,5.13805,363.453
3.39694,3.52451,152.211
3.54756,3.1087,178.694
3.09665,4.8312,110.14
4.21079,3.04854,354.651
3.10315,3.96595,111.155
5.18091,3.44977,840.798
4.60147,2.79867,509.887
4.31596,5.20511,401.153
4.85233,3.41492,639.23
3.90742,3.40107,262.805
3.26698,3.94859,131.232
3.82061,4.79794,245.46
4.23882,5.08286,371.768
4.31581,5.15575,398.873
4.06371,4.0915,310.971
2.61019,5.50862,65.4606
6.4501,4.03831,2135.56
6.02704,3.73223,1597.44
3.81691,3.77943,240.09
7.48261,2.79253,4044.41
4.16307,3.60993,340.661
2.29152,4.623,43.3925
4.25971,2.1283,369.874
3.75674,6.30366,235.314
4.01705,4.74939,296.815
3.7335,3.91611,221.612
3.92916,3.38171,268.98
4.3859,3.152,419.861
5.47677,3.13264,1061.29
5.94864,4.65692,1512.03
5.20756,4.19653,861.137
3.44309,3.39486,159.733
4.54788,4.85067,493.448
3.75659,3.43924,224.374
3.34431,3.77695,144.395
3.74656,4.2532,225.365
4.57203,2.32227,494.91
4.85951,3.49683,641.59
3.61759,2.24066,189.316
4.4597,5.23736,454.934
5.52903,3.88792,1108.22
3.23326,4.70751,130.883
2.22471,4.20842,38.4349
4.69822,4.70741,562.206
4.76544,4.85868,596.73
2.872,3.07418,81.4312
