3
3.14228,3.69924,167.615
3.30592,3.20244,114.298
3.50562,4.74567,390.995
3.43098,3.81561,193.493
5.49996,5.5859,905.328
5.17597,5.02047,634.374
3.837,4.66097,384.885
3.65879,4.6976,386.854
3.5026,4.49105,326.423
5.54349,3.28716,366.857
5.86752,3.87351,520.614
4.13084,5.4189,650.575
3.56874,3.86462,207.671
5.39436,4.31054,490.448
3.65456,5.1144,511.923
3.00487,4.46747,303.801
2.76328,3.35767,115.13
3.61633,4.61664,364.245
4.18582,3.58224,208.37
5.4823,2.26592,284.177
4.27939,3.40448,194.758
2.85238,4.93759,425.188
3.25278,4.67213,361.48
5.68065,2.91415,364.631
5.24655,1.68335,224.921
4.14577,6.12896,983.206
2.98111,3.8717,189.833
4.37792,4.49178,387.142
5.31199,3.73218,375.256
4.05809,3.37583,173.766
3.15263,4.3864,290.173
2.79369,3.3119,111.787
3.53625,3.70952,181.926
3.0859,3.67017,162.847
3.48847,5.34427,583.522
4.28874,5.00559,516.043
5.57136,4.67239,611.312
4.13465,2.81591,130.792
2.0216,2.54188,44.3996
5.88221,3.40181,458.512
4.32768,2.99769,160.389
4.81042,3.93613,326.995
4.42296,3.7652,251.542
3.57796,4.40852,310.642
2.19773,4.3088,255.738
3.42056,4.55883,339.965
3.42907,3.7538,184.715
3.98201,5.59655,712.805
4.98775,4.88967,566.807
3.88625,4.26441,296.429
4.01412,2.51681,105.276
4.16707,4.34194,332.132
3.96852,5.41766,637.226
3.72749,3.95532,229.981
4.64078,3.48076,240.547
3.72328,4.01036,240.487
4.09865,4.47061,355.741
4.94523,3.62756,297.929
3.32032,2.71585,78.3212
6.08726,5.40096,980.791
4.61749,3.46866,237.626
4.31613,4.20855,319.311
3.92135,4.07041,263.313
5.30152,2.49543,259.396
4.16094,4.71038,423.32
3.6263,5.24551,553.753
3.03091,3.17085,103.219
3.3828,1.62043,44.6597
4.67253,4.45963,412.179
3.08091,3.87501,192.667
4.92018,5.81944,908.518
3.0103,3.66493,158.515
5.03122,2.75603,228.511
4.13673,3.86612,246.045
2.17004,5.1758,493.098
4.3703,3.2312,185.043
4.95569,3.00881,235.418
3.59089,4.04068,238.726
4.09114,5.18297,559.738
3.85572,3.76593,209.462
4.45754,5.08288,556.792
2.44257,4.81321,381.398
4.19038,3.56342,206.006
3.08918,2.99069,90.1893
3.70474,3.3331,145.984
3.17,5.02162,458.805
3.65394,4.06172,244.478
4.68278,2.65846,175.827
4.91191,4.25393,397.573
4.22225,3.00956,151.229
3.71595,3.86553,215.567
4.25519,3.93884,264.45
5.26372,3.92208,393.024
4.22927,4.80431,453.898
4.20013,3.72712,228.245
2.20002,5.0898,463.6
3.32006,4.33759,286.078
3.44713,4.16643,255.571
3.3631,4.00696,220.621
4.91839,4.52357,454.901
5.96632,3.23895,467.574
5.18025,3.27533,294.327
4.42612,4.07966,305.196
3.79004,5.62415,712.845
5.35412,5.59231,878.656
2.58576,4.34164,267.863
5.76053,4.49098,610.892
3.11075,2.55707,63.6389
3.15206,3.7368,172.681
2.85465,3.62211,149.201
3.33474,4.06036,231.537
3.6743,4.59738,359.925
3.66718,5.51299,657.282
1.71333,4.12165,215.413
3.69528,4.53532,345.178
3.69606,4.53442,346.206
4.49591,4.25867,346.965
5.60822,3.37153,387.796
5.50548,5.88487,1046.39
2.80709,2.77812,67.9716
2.28762,4.63246,331.312
4.85702,5.91653,948.381
2.80074,3.90635,189.655
3.99428,4.06077,265.532
5.8005,5.77831,1061.7
5.06316,4.92211,587.336
3.79716,3.97,236.62
4.17325,4.03625,275.579
4.29351,3.85917,256.065
5.10796,4.20782,417.003
3.7658,3.81692,210.657
3.18136,4.24198,259.78
3.92852,2.27186,90.5344
4.48811,1.87316,123.804
4.75748,3.58122,267.013
3.41644,4.2673,273.233
3.18583,2.49213,61.4558
4.44388,5.18106,590.672
3.29695,3.7142,177.034
4.08236,5.19855,564.852
2.20169,4.69961,346.785
6.33984,4.26903,733.198
2.958,3.76927,173.276
3.00113,4.18688,243.545
3.77154,3.7995,208.164
5.02648,3.38779,280.423
4.0702,2.48023,106.45
4.65672,2.61295,167.546
3.4145,4.87254,421.951
5.3723,4.70518,580.359
4.70315,4.19776,358.189
2.51791,6.74422,1304.35
4.98897,1.19088,176.086
4.46518,3.00991,173.855
2.70365,4.97019,431.88
3.24983,5.72468,732.416
4.08627,4.38938,339.293
5.55077,4.24835,508.621
4.23955,3.95858,266.55
4.02605,3.99305,257.148
4.41,4.23805,334.964
3.97946,2.37141,95.6038
2.85279,3.1773,99.5573
4.23524,1.60659,94.7946
4.91383,4.08912,366.224
3.88535,2.78528,110.757
4.00103,4.28669,309.514
5.14938,5.82052,943.704
3.40776,5.11775,499.331
4.30709,4.85312,473.827
3.30362,5.07589,481.062
3.52443,2.74131,89.5636
6.15052,5.21665,932.288
3.24383,4.73918,378.072
2.77236,3.92816,189.621
4.90775,3.96848,344.042
2.66756,3.75002,163.831
2.95864,4.1285,232.662
3.93146,4.08385,267.242
5.40533,4.81034,613.53
3.59967,2.9319,104.384
3.60306,4.31811,291.637
6.84195,4.08488,899.09
4.93433,3.97703,349.721
3.01127,3.23305,107.561
7.20529,5.29987,1407.91
4.28883,4.69458,428.312
4.12238,1.43833,82.7336
3.44525,4.42319,308.312
5.23954,5.42225,788.823
3.34901,3.69679,175.42
2.82983,3.23067,103.998
4.51761,1.4629,119.705
2.44121,6.8473,1377.62
3.61467,5.80995,786.254
5.06869,3.35299,285.067
3.89348,3.96255,242.624
5.02482,3.57554,306.781
6.18443,2.87928,501.59
4.1836,4.64565,407.923
4.7793,3.9101,317.062
3.25265,3.49196,146.16
4.54026,3.01828,185.061
5.27864,4.82828,594.523
5.7359,4.67777,651.83
3.5361,3.59029,167.532
5.71678,4.18131,534.895
5.02268,4.89566,573.552
4.55025,4.48041,400.424
3.55249,3.8504,205.793
3.45358,5.48996,639.643
2.03775,5.69457,695.972
3.11211,2.96702,87.7121
3.98748,4.3836,329.224
2.95643,3.08788,96.2755
3.39619,3.7512,182.259
6.79128,4.50567,965.256
2.52745,2.45206,44.368
2.46681,4.60758,327.781
4.07585,3.39037,175.785
5.38013,4.16358,458.312
4.0148,4.88736,460.1
2.69968,2.94003,74.4424
3.52731,4.73474,388.917
4.31668,4.06545,294.887
3.55989,4.72482,388.65
4.60096,3.48401,234.176
2.53228,4.30573,257.476
2.99412,3.25293,111.451
3.15638,4.05921,223.669
4.73888,6.01613,983.006
2.75831,2.92567,77.4057
5.70891,3.58568,438.254
6.34985,3.11551,576.858
6.06865,4.83074,784.258
4.32834,3.04477,164.71
4.52768,4.41042,384.014
5.03512,2.83395,233.99
4.08001,4.89756,468.647
2.87643,4.85543,401.437
3.79148,3.86346,219.381
5.75763,2.65667,368.856
4.1871,4.61107,397.224
3.5246,1.60379,49.5656
4.78283,5.32479,683.36
2.94349,2.94865,82.7776
2.66631,4.15259,229.909
3.56642,4.30202,286.164
4.59002,4.28942,362.226
4.51714,4.84325,491.834
4.13876,2.96373,145.35
4.76427,4.06004,340.396
4.29966,3.62375,224.301
2.94121,2.92306,82.1983
4.52504,3.80993,270.578
2.84179,3.8072,174.877
2.95265,5.24242,527.616
4.10688,2.69355,121.303
3.43846,3.92434,212.033
3.20799,4.49921,317.21
3.75467,3.03834,122.913
3.52754,5.10985,501.285
4.53211,5.05238,556.323
4.29725,3.65028,226.087
2.96973,3.77837,173.594
5.04348,2.51593,217.483
2.92583,4.1427,233.708
5.0601,5.08628,637.167
4.55674,5.82023,862.759
3.24261,4.3023,274.769
5.49274,2.9947,330.65
3.79458,4.20183,280.789
3.29557,5.11153,494.429
5.09895,2.76114,239.47
3.82367,2.32106,84.1784
3.07936,4.51457,317.178
2.89561,4.3909,282.923
5.85599,4.11422,556.979
2.73664,4.25991,251.664
3.7223,2.66175,92.4646
4.8398,3.85773,314.976
3.80346,4.99324,477.582
4.25308,4.61521,404.542
6.18493,2.75746,493.543
4.92632,2.78453,215.334
5.12024,5.34194,737.434
3.80595,3.08112,129.553
4.39198,3.95387,281.109
5.24454,4.19612,438.284
3.69154,4.05491,245.761
4.25825,3.5232,207.078
3.99379,5.0208,498.93
2.02826,3.13982,85.2207
4.59165,3.02772,189.765
4.49956,3.56917,236.196
3.6085,4.8387,421.767
6.32768,5.15191,967.155
4.8494,4.25688,389.349
4.93432,4.97181,582.939
6.09249,3.19897,499.975
2.39947,2.98616,73.5788
4.65716,3.59787,257.6
4.27546,3.50755,206.712
2.72246,3.19594,98.1934
3.43488,3.84536,198.1
4.1542,5.68067,761.842
4.24367,4.62589,405.61
2.31931,4.15841,224.874
5.1114,4.89166,583.724
5.5669,3.49357,391.97
3.5274,5.26321,555.795
4.12461,4.32406,325.496
6.07282,3.90776,583.413
3.41209,2.93587,95.3555
3.20518,4.1074,236.766
3.61315,4.21832,271.532
4.30705,2.31071,118.234
4.93101,3.1553,243.453
4.5549,3.79454,273.485
3.93759,3.08729,135.137
4.57134,5.84132,874.916
4.16197,4.56421,384.739
3.88033,2.75371,108.953
2.02428,3.31292,103.229
4.68272,3.50943,247.737
3.08872,5.41034,593.377
5.93923,3.81241,531.114
4.92675,5.30664,693.948
4.07052,2.691,116.545
4.23269,5.66921,762.831
4.67711,3.7122,272.114
5.29916,4.90798,623.652
4.10694,4.29975,321.017
3.03124,2.73391,70.8401
3.76203,3.75355,201.69
4.29582,4.45428,369.694
3.40727,5.83549,789.639
4.81111,4.86008,531.84
2.91018,2.49287,54.1842
3.5785,2.28136,68.0419
4.77424,4.98122,561.605
3.75233,2.48185,85.8
5.1795,3.77184,355.197
4.25669,3.44944,197.249
3.2766,2.73989,78.8597
6.151,3.01266,502.939
3.6778,3.99839,235.255
3.56373,4.78705,405.853
3.63009,5.12464,513.592
4.9342,5.76934,886.437
3.48597,1.73125,49.0146
4.12105,3.09881,153.06
5.43517,1.67284,260.932
4.01182,3.71896,214.217
4.39124,2.6932,144.147
5.75801,3.43289,432.587
3.83053,3.01425,123.668
3.29224,3.93376,209.711
5.14567,3.83145,358.209
3.29016,2.617,71.562
5.91004,3.09531,438.352
2.7301,2.73039,62.7381
3.85107,3.44098,167.301
4.01929,3.43647,178.717
1.42971,2.88973,61.049
2.78731,4.47499,301.042
4.46916,4.20119,332.186
4.22284,4.01018,274.21
5.01003,5.14711,652.077
3.39989,4.98215,456.679
5.08644,3.68306,329.062
4.10335,3.60709,204.911
3.14742,3.89729,198.669
4.96448,5.77315,892.276
2.66862,4.59506,325.543
4.07274,4.69758,410.723
2.72712,5.2641,530.97
4.99362,6.11428,1069.68
3.04392,5.24415,530.837
4.04829,5.36144,624.999
4.17707,4.55351,381.189
4.23766,3.36952,185.703
5.32943,5.97331,1052.59
3.31252,4.42805,303.369
6.7958,3.58089,802.34
3.01457,2.2969,49.9376
4.87418,2.94294,218.692
3.24025,3.53824,149.652
4.0882,5.63394,738.038
4.30782,3.64991,227.622
4.63065,4.62702,445.806
3.15193,3.65805,162.113
3.89779,4.59802,372.672
3.12684,2.81407,77.9651
2.90486,3.24933,109.18
2.9966,5.1883,509.024
3.87801,3.31114,156.028
4.56867,2.40668,148.027
2.93118,3.72712,165.89
4.15101,4.40262,344.023
4.77841,5.99647,979.833
3.57812,3.43152,151.495
4.94557,1.41267,172.99
4.55546,3.36693,219.576
4.67529,5.35499,680.132
3.48606,3.85944,203.075
6.96311,5.91347,1545.92
3.17028,2.5171,61.6656
2.46631,5.5793,649.192
2.33604,5.54026,631.113
5.52271,4.48995,556.275
6.1677,2.81652,491.937
3.70113,4.79108,413.041
5.03621,5.13423,651.647
3.15338,4.04034,222.73
3.86517,4.34318,312.358
3.86129,4.6043,370.581
3.4853,3.33539,136.679
3.55014,4.74544,394.473
5.68931,4.39259,570.594
4.71477,2.63087,177.157
5.30451,3.82041,385.371
4.20318,1.91948,96.1203
3.57809,5.62735,701.282
3.34579,2.36596,61.4468
3.92153,2.7776,112.611
4.01288,2.52132,105.967
4.46876,3.57772,232.424
4.35238,4.8988,493.723
4.90698,3.32268,257.255
2.73018,3.75281,163.794
4.16715,3.93035,257.528
4.16468,4.54376,380.499
3.51426,3.98597,225.744
3.74265,6.21489,1003.66
3.50032,4.58212,348.621
3.81,1.97955,71.0708
4.01269,3.2478,156.402
5.21699,5.19398,700.603
4.02097,3.06641,140.786
4.5658,4.90269,513.038
4.15862,3.3395,178.076
4.14087,4.61895,396.845
3.93561,4.0359,257.239
2.24234,3.0552,79.6094
4.60553,4.86858,507.959
4.78834,3.09722,220.42
3.14621,4.53916,323.134
3.84586,3.69421,197.293
4.53865,3.03037,182.254
4.50929,3.25104,199.459
3.78243,4.6785,386.627
3.02233,3.38928,126.606
4.12072,4.18943,298.405
5.23195,3.91958,386.847
2.43716,5.33141,548.94
3.46719,4.73006,383.86
5.98059,6.31029,1390.64
5.22748,3.43797,319.796
3.34457,3.9252,207.477
4.37488,4.00109,285.51
4.26358,3.2188,175.007
4.98846,4.63414,494.805
1.65907,5.60648,652.67
6.16341,4.24611,672.9
4.48572,4.86879,496.462
3.69493,5.81698,794.508
3.90828,4.27315,301.037
6.97343,2.98493,823.805
4.23408,2.92827,145.674
6.0991,2.69969,463.299
3.62932,4.29744,289.03
2.80689,4.40206,284.689
4.49166,6.35657,1145.6
4.81125,2.12695,168.454
5.87377,2.19046,374.908
4.3948,5.29812,628.39
4.13512,3.97165,259.564
4.71307,5.25601,647.611
3.79392,5.47241,649.261
3.5185,2.15978,63.5137
3.75507,2.12433,71.873
4.05171,5.15938,550.558
5.36932,6.32178,1255.32
4.91455,5.73048,867.207
3.89748,5.53571,680.271
3.71349,3.52931,168.839
3.20259,3.55233,150.65
4.95944,0.703745,169.849
3.32212,3.5412,154.974
4.06403,4.77466,429.348
5.89038,4.78591,721.254
4.8795,5.00509,585.348
3.54207,3.96933,225.062
2.80925,3.89011,186.164
5.55929,5.03636,714.286
4.52796,3.87402,280.457
3.73703,2.28795,75.7258
4.9275,4.34809,419.671
3.99805,4.66131,395.22
6.0138,4.04871,591.166
3.82325,3.9923,242.075
3.80267,2.73065,101.47
3.60646,2.95899,109.941
2.88778,3.79521,172.254
5.25352,3.94721,394.589
2.12807,1.84897,17.8362
3.33127,4.14461,246.644
4.02007,4.69298,406.81
3.28977,4.50249,321.627
4.6776,4.83708,507.53
3.64546,5.20387,539.968
4.77738,3.68424,282.635
3.96147,3.18832,146.907
3.87629,4.68536,396.421
3.0496,4.46196,303.041
3.96196,4.67069,395.928
2.5132,3.70415,153.458
4.02159,3.95257,247.024
5.43437,6.59341,1439.71
4.52615,3.22706,199.995
5.33396,1.96809,247.347
1.86816,3.96975,188.399
2.22194,4.83908,384.642
4.34088,4.28348,335.086
3.78767,4.15143,268.609
5.47215,4.11937,468.672
4.9418,4.01056,356.007
5.32709,3.86718,397.378
3.82126,3.66354,191.177
3.74075,3.74133,198.852
5.43431,2.74614,299.553
3.83939,2.59776,97.1281
4.20345,4.34248,336.402
4.39751,3.56075,222.161
3.01645,5.50059,627.696
3.95723,4.478,349.048
6.19599,4.36112,705.774
4.5272,3.05554,185.632
2.7842,3.78362,170.981
3.88708,4.30131,306.026
3.35001,4.76134,388.535
5.82066,4.48335,625.375
5.69719,2.24355,333.247
3.2977,6.66423,1265.99
4.79121,4.6215,463.369
2.86051,4.73821,366.847
4.23764,2.76839,135.241
4.9256,3.56228,286.749
3.98927,4.12194,275.898
4.01012,6.06201,938.588
3.17307,3.2973,121.102
3.8013,3.66907,194.513
3.44212,3.78318,189.801
5.01555,4.21043,402.672
5.5486,2.80555,329.286
3.9163,4.634,383.724
3.80164,4.791,417.894
4.15206,2.99698,144.873
4.30514,3.1151,167.907
3.77615,6.52755,1197.37
4.19669,3.68325,221.706
4.49048,5.69176,796.036
1.66804,4.84716,385.238
6.62677,5.72144,1305.67
2.25244,2.51454,43.6029
5.36373,3.63631,369.555
3.61652,4.06822,244.375
3.49556,3.43968,148.382
3.84459,3.78154,211.066
3.80727,3.755,205.689
4.62755,3.67188,263.3
2.83622,5.33995,561.353
4.58871,4.87842,509.245
2.54644,4.01241,202.996
3.01482,2.51289,58.3431
2.98758,3.00174,87.2391
3.7126,3.55449,174.597
4.55633,3.80774,272.521
5.36443,3.34308,335.496
4.54038,3.82131,274.455
4.3482,3.98565,280.216
4.77881,2.73833,191.378
3.50056,3.80778,195.833
4.47145,4.5359,404.537
3.57051,5.5208,656.961
4.81909,3.68229,284.846
4.26999,2.36659,117.728
3.07391,4.196,249.336
4.76017,2.88385,198.753
3.65949,4.23968,280.947
4.16339,7.24505,1768.28
3.41639,5.1158,499.822
5.06699,2.97161,250.594
5.04637,4.26851,420.212
2.22003,2.63848,51.3762
2.64609,4.62408,334.242
4.25445,4.59625,399.955
3.09855,3.83256,186.121
4.3631,3.45874,208.982
5.07421,3.30761,283.379
3.40169,5.23552,540.278
4.41937,3.82849,262.914
4.76653,2.79423,193.046
5.30273,4.26492,463.28
4.31213,3.60395,221.025
4.01399,4.1465,282.304
4.30375,2.91268,151.984
3.8062,4.23715,288.075
3.83157,6.45257,1151.98
3.03285,3.82511,182.815
5.20282,4.01044,396.701
2.56527,3.98328,197.301
4.15184,1.93488,94.9972
4.02776,4.3122,317.303
6.63337,3.40597,711.964
3.81177,3.37852,156.636
3.30821,3.0842,105.653
3.37268,5.03605,471.973
3.96155,5.31951,600.07
4.5459,3.90044,287.526
3.82828,3.86544,220.75
4.13476,2.85909,135.309
4.19793,3.49976,196.742
5.32833,3.37143,331.843
3.90112,2.98442,127.424
3.3872,3.41466,139.693
2.98087,4.5092,313.329
2.63117,4.90176,409.06
2.11971,5.51588,619.083
4.92339,3.92702,340.457
4.46318,3.91493,283.571
1.4055,5.9227,800.067
4.6937,3.67484,270.28
4.03538,4.17211,288.256
3.5925,2.98987,110.479
3.56051,3.38424,143.873
4.76191,4.15595,358.541
3.93818,2.4234,95.8647
4.21839,3.89088,253.525
4.21711,3.80889,240.784
2.82894,3.9421,198.269
4.04967,4.82318,446.387
3.59608,5.6383,709.506
3.85578,4.24526,292.805
4.42817,3.76847,254.554
4.12829,4.35787,333.991
3.8195,3.74929,203.764
4.13574,3.02753,146.749
5.10931,5.75827,909.197
3.96731,2.47256,99.4059
3.07385,4.13015,235.212
4.38077,4.27222,338.566
3.93683,4.40913,331.355
5.60611,4.93539,694.918
4.58572,4.58987,432.653
2.8908,3.2596,108.383
3.66713,3.938,224.339
2.58989,3.28959,105.627
5.71174,4.33749,565.457
4.7686,2.49017,176.51
4.47075,4.88906,500.569
3.32414,3.48204,146.779
3.04255,4.50768,313.953
4.48861,4.11252,317.867
4.79193,3.43272,252.938
4.11951,2.52697,113.245
4.69436,2.79929,184.718
3.2966,4.2537,266.612
3.01423,5.85587,785.609
4.60841,3.74507,271.264
4.50529,5.0642,558.199
3.93113,2.0397,78.5163
3.29181,4.29148,274.626
3.79555,4.63817,377.949
3.17132,4.03328,221.352
3.55113,4.60367,355.399
3.35716,4.06296,229.865
3.97689,5.97251,888.546
6.11916,4.3734,684.19
3.20199,2.9792,92.4298
2.97485,4.15566,236.903
4.87791,2.66279,201.45
1.96225,4.73477,357.979
5.90603,4.56433,667.447
1.23416,5.75232,718.931
4.11005,3.68847,216.231
2.8885,3.99696,205.359
3.97807,5.583,706.283
5.2329,4.97941,631.011
3.2674,4.25411,264.85
4.37606,3.85705,264.754
5.60973,4.24136,520.71
4.56532,3.76645,268.747
3.60465,2.17471,65.9867
3.73975,5.60775,704.082
3.65657,3.22359,132.61
3.79028,3.70554,196.179
4.5479,4.46518,397.101
3.97465,4.98225,485.098
2.95694,3.3658,120.437
3.31997,4.17005,251.158
4.04406,4.5165,361.478
3.62295,3.18189,128.562
3.77465,3.5302,173.336
3.24741,4.61456,345.071
4.05597,4.31526,321.494
4.21197,2.79682,136.213
2.95455,5.73699,726.84
3.28468,5.37123,586.422
3.7928,1.9247,69.0315
4.90985,3.91229,335.944
3.13317,4.57196,332.541
3.36173,3.19805,118.138
4.97882,2.77008,222.026
2.47792,2.53487,49.9571
2.51842,3.7453,159.698
3.39809,5.60023,683.289
2.87723,5.91137,809.934
4.56138,4.39291,381.246
4.43934,4.31048,352.384
4.86795,3.03122,226.056
3.67458,4.37351,308.943
4.08603,3.53417,193.679
2.61903,5.00718,442.629
3.94791,3.12211,142.75
4.38961,2.92703,161.572
3.50201,3.29436,132.296
5.22565,2.97906,275.085
3.23461,2.51896,62.9449
4.52152,2.75874,163.13
4.70554,3.20347,217.133
4.62052,3.09897,198.109
4.2644,3.79103,240.965
6.15632,3.43149,541.968
3.97898,4.44864,343.228
4.29539,2.52986,128.719
5.26673,4.1959,441.852
1.38154,3.52063,123.124
3.23087,3.55948,151.87
4.84599,3.57017,277.876
5.48365,2.72339,309.083
4.78293,5.21674,640.443
4.2732,3.8894,259.86
3.60512,4.40508,311.121
4.89523,6.0343,1012.16
4.32709,1.35425,99.2661
5.79749,6.09371,1219.86
3.22716,3.38303,130.472
5.00637,3.15142,255.132
5.41801,3.29389,339.938
3.82339,3.38543,157.899
5.59942,5.75255,1000.27
4.9948,3.12763,250.994
4.19305,4.78011,441.608
3.95477,3.62269,195.424
4.9584,1.58237,175.178
3.05242,4.27993,262.717
5.06313,3.24079,272.381
3.70533,4.68741,384.393
3.78277,4.05005,250.001
4.73919,2.9022,197.066
4.73114,5.90597,926.598
3.47752,4.81906,409.423
4.31248,4.07826,294.994
4.46322,4.9565,519.973
4.59162,4.92747,526.236
4.74452,5.66786,816.301
3.72753,4.34938,305.279
3.70742,5.06219,495.361
4.08181,3.38575,178.158
6.0622,4.64228,731.892
6.18587,5.32312,982.118
3.60705,3.3004,136.628
3.30934,2.33129,58.5042
4.41306,5.39532,666.65
5.02411,2.42701,211.55
3.49711,4.4885,325.928
3.48433,7.26331,1742.04
4.91336,4.13226,374.397
3.57182,3.2539,132.161
4.26087,5.10907,550.404
2.98401,2.63052,65.3041
4.52262,4.62615,433.765
5.51222,4.32525,517.006
3.04687,3.65271,157.249
3.6152,4.40207,311.872
3.88946,3.4962,174.817
1.9552,3.09682,81.9924
3.62627,4.84334,425.494
3.78982,3.01699,120.114
1.74562,3.27563,96.9883
3.97258,4.99206,488.125
2.79682,4.33731,269.097
4.78205,4.04799,340.089
3.28486,4.4362,304.061
5.01165,2.99226,242.171
4.33067,4.91995,496.004
4.04644,2.67867,116.63
3.20561,4.80112,394.438
4.87274,4.5396,455.31
5.3087,4.29004,469.049
3.78528,3.4005,158.585
2.94614,4.99914,446.926
4.28312,3.95198,270.556
2.79513,3.79455,170.59
3.61585,2.55408,83.9015
4.67848,3.51924,248.87
4.01752,2.51115,103.666
2.50744,2.6589,54.8961
4.78921,3.05671,217.054
4.29355,4.95926,504.863
4.83337,2.93742,211.367
2.88966,6.06766,891.141
5.12292,4.69507,531.935
3.51489,4.339,291.648
4.50155,3.20949,197.445
4.89137,4.43855,433.595
5.2247,4.83609,587.284
3.59117,4.8582,426.521
4.2474,4.57616,393.68
5.04157,6.26808,1162.78
3.93037,4.17868,283.391
3.6022,3.35493,143.082
6.7034,4.55756,940.678
4.38319,3.12677,177.789
2.43498,3.47357,125.405
5.75981,5.99599,1157.59
4.13786,3.14345,157.129
3.62841,2.59952,86.2864
4.23166,4.49807,373.884
3.03592,4.07011,223.657
4.32704,4.07886,296.748
5.71635,3.75965,463.946
4.07949,3.17361,155.463
4.15357,3.86527,245.74
4.74123,5.32273,674.705
4.379,4.36317,355.786
3.71935,4.48261,334.829
3.03739,4.47684,305.072
3.647,5.28681,569.472
3.11289,6.28919,1020.77
3.86037,3.21523,143.024
3.83093,5.59925,702.041
5.75435,4.09764,529.601
5.4603,4.00364,444.387
2.97432,3.17719,103.012
3.07737,2.62073,65.8971
3.0008,3.30912,115.806
5.30348,5.06211,671.637
2.73194,3.94784,195.632
3.5641,5.25373,553.192
3.67963,4.93975,453.806
3.46561,3.31465,133.049
4.44306,4.9604,519.813
6.24085,5.13562,933.295
6.01993,4.32801,644.638
3.40319,2.505,69.4251
5.03934,3.73491,327.122
2.6943,3.69683,156.759
4.78128,4.50724,434.924
3.78408,3.45929,165.534
3.36899,2.8605,90.4703
3.06179,4.34523,278.747
4.97993,5.0455,611.144
4.51362,6.66731,1349.18
5.00435,3.9254,349.764
4.19476,3.90206,254.469
4.31559,4.93144,496.944
5.16593,4.01638,392.52
2.61356,5.02597,448.45
3.5957,5.50856,654.339
3.86442,2.92241,120.391
0.663891,5.2054,495.344
3.32724,4.19141,255.548
3.27294,3.40531,134.806
4.71047,4.59078,445.292
3.61774,4.70032,384.127
4.98067,2.81773,227.649
2.62098,5.08435,468.869
2.5914,5.97413,835.799
4.13801,5.14508,551.178
4.22443,2.37153,113.797
4.39954,4.68679,437.373
5.20067,5.25039,716.732
2.74239,4.56404,319.607
3.24342,4.01953,222.906
4.8621,4.59329,465.35
4.40722,3.09528,176.985
4.83388,5.26764,666.682
3.71872,2.14575,71.6146
3.41309,3.73864,182.967
1.78112,3.65782,140.997
5.42756,4.47995,534.561
1.91974,4.01558,197.741
2.90943,3.86979,186.561
5.28767,4.52852,517.288
3.98938,3.36883,167.294
6.12297,4.79585,790.255
3.44726,4.29158,280.327
5.70981,2.8139,365.574
5.02965,2.83943,233.156
4.4196,5.14914,575.797
4.5787,3.34877,216.263
3.70312,2.73186,97.9727
4.27571,3.71443,231.573
2.48729,4.44937,289.538
5.77156,4.21957,555.873
3.69099,3.18334,130.969
4.8001,2.81808,201.938
3.11113,3.49602,139.224
4.00856,4.44669,345.056
4.75351,4.21139,366.351
3.13797,4.28811,268.178
6.14094,5.12853,898.939
4.98904,5.08635,627.465
2.79352,4.05311,213.704
4.77749,3.03129,212.5
2.74006,4.1563,232.881
3.8608,4.3847,320.525
5.44099,3.86581,417.022
2.87502,3.03049,87.3009
3.83191,4.8717,444.364
4.98766,2.96132,236.781
2.26505,3.70245,151.436
4.31275,6.28541,1086.12
4.70366,2.7371,182.12
4.48197,4.55812,411.325
3.66271,2.17466,69.9655
3.12241,4.78239,386.207
3.34564,3.62315,164.956
3.3681,4.17999,251.748
4.87805,4.08718,358.392
4.49804,3.07394,184.474
4.20694,3.31277,179.949
3.87782,3.28602,152.052
3.57326,3.30868,137.369
4.61934,3.88347,294.505
5.51812,4.37719,528.629
4.27242,4.89489,481.51
2.7662,4.99664,441.357
1.85535,5.04126,444.128
4.05828,4.738,420.563
5.59356,4.19,506.562
3.98906,5.46607,657.006
4.11314,3.74879,225.549
2.70709,3.93485,191.459
4.21333,4.73271,431.877
4.183,4.1719,299.79
4.93579,4.27256,404.02
5.78031,3.18496,411.095
3.60483,4.12795,255.733
2.6255,4.20794,240.241
6.11912,5.17687,909.297
5.68196,4.36567,563.551
5.26224,4.41847,490.148
2.28719,4.85356,390.401
3.63411,3.79603,200.896
4.41329,4.64548,427.107
4.75269,3.52179,261.244
5.40637,1.60056,252.276
3.15151,4.72063,372.977
3.25752,2.93157,91.2762
4.64525,5.58322,766.232
4.6666,4.13524,343.835
6.09683,4.67106,749.384
2.44388,3.29201,104.084
3.71605,3.66526,186.737
3.41429,5.44837,620.185
4.08848,4.41805,345.878
5.39918,4.81912,616.704
2.77115,3.8621,179.54
6.18156,6.42132,1520.49
5.32119,3.41982,334.05
4.32958,4.3731,353.813
5.52908,2.9969,337.013
5.81962,4.25644,575.613
5.52809,3.14435,349.954
2.32062,3.71404,151.879
5.19665,2.46353,240.357
3.38156,3.61595,165.551
3.99058,2.66979,111.156
4.43332,4.53276,402.964
4.26216,6.01122,930.209
3.9931,4.14517,279.571
4.47946,3.57881,233.161
4.06952,5.7551,787.872
3.83601,4.66329,386.929
3.13761,4.15088,240.554
4.53994,3.26568,205.186
3.69892,3.35804,147.964
3.85168,5.06799,505.86
5.76152,3.68489,462.705
3.46742,3.99641,227.027
3.18332,5.65727,699.108
4.69676,3.70968,275.216
2.95968,4.75098,373.749
4.96881,4.01703,362.386
3.77812,2.72332,101.715
3.66132,2.47265,79.586
