3
4.67681,4.15018,79.9214
5.41046,3.89681,111.628
3.81626,4.66731,53.5178
4.02784,3.9833,57.1167
3.87662,4.58893,54.2508
3.22552,4.36401,39.5973
3.75794,4.02184,52.6258
3.40217,2.46195,40.4739
3.10184,6.32519,38.7061
4.30083,5.07367,70.2959
3.147,5.40688,39.5087
5.37473,4.83091,112.61
3.37913,3.8554,41.1818
3.97559,4.03358,56.8099
3.32102,3.8987,38.5398
4.51366,4.71862,78.4194
3.76436,2.56502,50.0354
5.2984,2.77071,103.803
3.59937,5.29889,49.8276
4.00934,5.26457,60.496
5.63931,3.52945,123.855
4.18362,3.16104,62.2206
3.45443,5.69977,46.5542
2.78604,3.91873,30.0542
4.02835,3.67415,58.7011
4.97457,3.6667,90.329
1.68034,2.54918,14.0398
3.28025,5.93109,43.2584
3.43707,4.80903,43.9215
2.22759,5.11445,22.6168
3.03167,4.32532,34.4287
4.25566,2.45238,67.0349
2.58343,4.66739,28.2451
4.99498,4.18137,94.0499
3.32424,3.67755,39.01
5.30645,2.86701,104.983
2.53626,3.71598,24.6031
3.96716,3.8978,56.1182
3.68185,6.42913,53.0038
3.06485,2.63758,33.7048
2.26575,4.86436,22.6527
4.91092,5.23665,90.8597
3.60027,4.07801,49.0397
4.15667,3.52701,62.4628
3.62729,2.23732,44.7065
4.97487,6.34408,95.363
3.89502,4.7205,57.8131
3.90272,2.57605,55.0942
3.53585,5.81022,48.7258
3.56738,4.98674,49.2779
4.30102,4.3498,69.5875
4.74916,3.11371,82.2713
5.13496,3.13013,97.9866
2.2931,4.93663,25.6373
3.35272,4.01472,41.7382
4.95687,4.27332,91.5136
4.68548,4.97597,82.627
4.72443,4.53465,85.6308
4.28068,4.10227,64.8547
2.06857,4.81866,21.1828
5.25265,4.67824,104.524
4.6209,2.89109,78.4386
2.60749,3.32522,26.5931
3.65173,6.19233,50.576
4.93918,5.70724,93.8044
3.90586,3.71683,54.1434
5.36971,3.23099,109.244
4.90143,2.82544,89.9392
5.35572,4.37449,109.663
4.36254,4.87848,70.8467
1.89787,2.367,18.481
3.42437,4.29612,43.9873
5.07691,4.93007,99.6363
3.91831,5.12624,56.8246
4.85052,2.78201,85.5262
3.76709,3.45236,50.9386
5.37216,3.01475,107.277
2.9375,5.00001,34.581
2.81107,3.5505,30.4416
4.72567,3.62581,81.1807
3.01763,3.90134,33.6986
2.88959,2.82996,31.8296
2.53015,4.33394,25.8602
4.45798,3.32375,73.6579
2.61389,3.21266,25.0511
5.08655,2.69867,96.2819
4.98536,2.9901,91.9703
5.6559,3.63459,122.945
2.97497,3.02296,32.5063
4.57698,4.05511,78.3887
2.72759,6.00302,31.3557
2.13084,2.41837,18.2641
6.32734,5.49714,167.734
8.19585,3.3642,308.838
4.44731,4.12728,72.3105
2.33281,3.07695,22.9648
5.51147,5.97538,120.537
3.22495,3.85034,39.0401
3.02135,3.99854,35.5632
4.85339,5.54897,91.4628
3.80412,3.23164,50.4134
5.15229,3.34973,100.346
4.88923,2.76371,87.7056
4.19879,5.08902,66.4048
4.33855,4.88227,70.1837
3.35085,5.04624,42.5434
3.37939,3.94353,42.2483
3.31377,2.9651,39.851
4.9197,5.49914,92.382
3.48213,3.78181,43.3727
3.04289,3.96103,34.4745
3.53723,3.10656,43.8607
2.63393,5.27765,30.0229
4.13302,4.11172,63.8779
3.91184,4.18727,56.7655
3.02323,3.23934,34.9496
2.43943,5.46915,28.3315
4.25852,4.85184,66.8685
3.44866,1.81958,39.4896
4.58928,4.81389,78.6224
5.07258,4.97671,98.0022
3.66555,4.32882,48.8352
3.66019,2.94326,46.313
3.99449,4.29238,57.9186
4.4464,4.13479,72.2233
5.04867,5.30426,96.5868
4.56594,4.83241,78.742
5.76187,5.33465,131.35
2.4902,3.12473,24.2695
3.30124,3.26081,39.438
1.68382,3.55733,17.2389
3.44314,4.64873,45.2823
2.85713,3.84503,29.6104
4.27206,4.86683,67.9764
3.25823,5.05902,41.0528
3.28614,6.16215,41.8842
4.73771,2.34994,80.7988
3.71762,3.60256,48.5431
5.79675,3.62119,132.452
3.0684,3.71025,32.9719
2.95503,4.80638,34.1385
2.18637,3.92791,20.6062
4.85535,3.61098,88.0373
3.60719,5.16791,49.7677
1.92194,3.49423,20.3832
3.9538,4.57306,58.3868
2.94579,3.36523,33.7785
4.74267,5.32404,86.7745
3.2156,3.15982,37.7717
1.43589,3.81164,12.4183
2.78834,3.83678,31.5046
5.56747,5.90461,122.021
2.75997,4.19989,30.5362
3.00252,4.06863,32.2707
3.15909,3.68085,35.8786
4.29917,4.11711,66.6857
4.71436,4.16996,82.9344
2.96796,4.02782,35.618
1.36372,4.2954,13.5094
3.66034,4.13825,47.9285
4.99948,4.52181,94.4917
3.56239,3.46336,43.7596
2.35738,2.66607,22.5352
5.09456,4.53724,97.8462
3.91737,4.40705,55.3774
3.68098,4.04446,49.3829
4.24705,3.2494,62.7976
3.39226,4.12829,43.204
4.99751,4.6275,95.2735
4.27048,3.74483,65.407
4.66195,3.81104,80.7519
2.86686,4.88679,32.6878
6.47687,4.80068,174.503
3.62115,3.65907,47.2919
4.09629,6.26537,63.9276
4.48552,4.68526,74.0961
6.31627,3.93609,161.819
4.85723,4.49617,88.4549
3.8228,3.87995,52.6602
4.9043,3.68852,90.9283
5.21749,3.57922,102.151
3.05671,5.41686,35.0698
3.84783,3.06042,54.7495
3.27616,3.02043,37.5413
4.4332,3.77103,71.608
5.44221,4.61923,116.066
4.36028,4.25227,70.8289
3.43377,4.26951,43.2347
4.95207,2.74961,90.0397
5.31594,1.47679,103.828
4.15387,3.82439,63.0445
5.65519,3.6136,123.337
3.45872,3.89047,45.0947
4.4031,2.75268,68.1525
4.50572,4.09469,74.2811
4.19575,4.11923,64.5849
4.7312,6.35119,85.4795
3.76296,1.79624,47.4661
3.46637,0.4574,40.543
3.17189,5.30225,38.9925
3.40467,4.11883,43.7387
4.74131,3.93527,82.9378
6.6454,4.48971,185.29
4.07715,4.34696,61.1063
5.51945,5.14759,118.106
5.99988,2.92764,140.655
3.10147,3.48632,35.1518
2.89035,3.33895,30.7759
4.27991,4.00637,66.9234
3.63289,3.71593,47.7175
4.69726,4.436,85.2331
4.0854,4.68921,60.8268
5.71681,2.63323,126.886
4.30491,4.36361,66.9862
3.14468,6.28985,41.4126
6.27638,4.45592,160.542
3.09005,3.82645,34.5875
4.4864,3.76218,73.2426
4.04437,2.82356,56.756
2.92736,2.64188,31.5292
5.92089,3.34945,138.448
2.26453,4.91083,23.8812
3.98194,2.9149,56.6517
2.97652,4.08813,33.3314
3.75372,4.98782,52.0565
3.16234,2.1542,34.8959
5.31186,4.03438,105.656
6.0411,3.6127,145.047
3.70782,4.1094,49.2022
4.74176,5.16952,86.7122
3.12325,3.14582,35.9693
3.27723,5.01405,42.4981
4.49955,2.5906,71.5924
4.19216,3.97633,65.1555
3.20054,5.48304,39.5124
3.0734,5.60394,38.2489
5.69947,6.42487,131.44
3.99127,4.26853,58.064
3.374,3.10064,38.5403
4.20351,3.92988,63.3431
3.19033,5.00551,39.1209
3.85671,3.76497,55.0253
5.96245,3.68454,139.566
3.22263,2.05549,33.6982
4.18406,4.00037,63.72
3.68207,4.03977,51.3119
3.64587,4.43174,49.1253
4.14234,4.0653,60.8555
4.80893,2.62481,83.9909
2.83271,2.12712,27.8662
4.37188,4.57777,70.5484
3.99521,3.8785,56.2696
3.7964,5.39487,53.092
3.72646,3.82257,50.8205
3.62838,4.72552,49.5768
4.30403,4.30192,68.437
3.59781,4.50529,48.7124
5.62615,4.38106,124.185
3.75254,4.50081,53.4769
4.34077,3.91091,68.6581
4.81567,4.34399,86.6284
5.82976,6.54144,138.316
3.91052,2.21683,52.1577
3.04683,4.08885,35.7288
3.55761,2.37963,44.7726
5.06549,4.96846,98.9866
1.29421,4.98822,14.4885
3.04577,3.33142,32.2684
5.67991,3.49008,124.705
6.28412,2.67978,156.536
4.74883,5.12823,84.971
4.78626,2.58379,83.0406
4.71359,3.89539,81.133
5.25006,1.473,101.337
5.28809,2.11079,102.6
2.20776,2.75562,20.4557
4.04007,4.60149,61.3443
3.88405,4.38636,56.0825
3.97376,3.62915,56.0542
4.59974,3.14639,76.4792
5.42794,3.60814,113.316
3.30602,4.96531,41.5125
3.88154,5.55967,57.288
4.50852,3.93013,74.8866
4.72421,3.78917,82.7933
6.54986,4.75867,178.18
5.22979,6.99597,109.801
4.62823,4.37223,78.4114
2.01634,4.53786,21.4593
3.04748,3.87211,34.7921
5.09773,3.08556,97.4582
5.61636,4.32401,122.67
3.94053,2.67564,55.4513
4.34496,3.90439,68.2735
3.91022,5.18866,57.056
4.13737,4.25443,63.7364
4.85547,6.06251,91.5477
3.34974,4.07231,41.2228
5.47771,2.8341,113.048
3.38642,4.00823,41.5608
4.32343,3.8514,69.2554
2.86468,3.4596,34.3268
4.31827,4.16659,67.474
4.50124,4.24282,74.011
4.58561,3.26926,76.412
5.31803,4.56858,109.267
2.92701,4.47812,32.8358
3.12788,4.25592,37.2375
3.26754,4.18518,38.4308
4.41934,5.77437,73.4435
4.56561,3.44834,75.8183
3.45501,3.117,41.3874
5.07356,3.48496,96.2391
5.27638,4.08968,104.617
4.13872,3.32401,61.2646
2.99761,3.41995,31.8181
3.14625,2.68088,33.1636
4.62986,2.73413,75.5634
4.93798,3.4378,89.9134
2.91774,3.37821,31.7037
3.51282,3.28361,46.4837
3.52673,5.98497,47.7027
2.94242,3.51296,32.1747
5.59613,4.66596,121.608
4.34328,4.43504,68.4525
3.61062,4.78562,48.5282
4.81411,4.06573,85.2545
3.89132,3.15216,53.8561
4.9814,3.21537,92.8785
4.5356,2.17028,74.3721
6.00131,4.35283,143.586
1.73643,5.81286,19.7329
3.57056,3.79125,45.8085
2.32813,3.85721,24.7386
3.28098,3.21163,39.2461
2.50471,3.37752,24.8456
2.20547,3.42715,20.9247
5.71474,3.32838,128.977
3.81224,3.22077,51.7398
3.73156,3.99275,49.3544
5.68771,3.44741,126.361
4.72373,4.1142,82.0423
2.71707,3.39911,29.5178
4.82724,3.61226,83.4198
2.90426,5.91819,34.0299
4.95446,5.15592,93.5505
2.24213,4.2647,22.8348
3.36981,4.71791,41.3302
1.97466,4.83679,20.6259
2.28621,5.23272,24.0117
4.26034,1.90195,62.5669
2.92295,4.43065,34.115
3.87036,4.38482,54.6785
2.95265,5.07636,33.2919
5.25759,1.79576,101.359
3.68291,3.0024,46.6043
2.94646,3.87006,33.6135
5.15301,3.72385,99.5786
3.97681,5.22627,58.2247
4.5215,4.1058,76.8562
1.92975,3.43088,17.9564
4.82791,4.80443,87.3995
3.90802,4.72214,56.0864
4.02446,4.87901,58.0732
4.12721,3.48195,62.1318
2.98804,3.93433,33.7494
3.52774,4.94038,47.324
5.40786,3.4653,111.905
1.51474,5.38844,17.1444
3.7544,5.18289,52.1533
3.36172,5.31679,43.0642
5.48455,3.6129,114.48
2.34971,3.447,23.5798
5.39512,4.56699,112.305
3.57976,2.72555,45.53
3.79575,5.39549,55.2797
5.6214,2.06821,118.926
5.22873,3.6208,102.525
3.55654,1.84137,42.8162
4.62321,4.62681,79.2582
4.18465,5.3283,66.7003
2.76278,2.36072,27.7238
4.52885,3.95516,76.7523
4.22184,3.2963,62.0696
4.85963,4.04391,88.0498
2.32937,4.05244,21.9119
2.52566,3.02425,24.3186
5.09305,4.79035,97.4799
3.43577,4.67037,44.1618
3.50522,3.79923,46.181
3.3342,3.14305,39.4435
4.47071,5.26837,73.5813
2.62847,5.06012,30.2829
4.41874,5.66983,76.1292
3.06858,3.02433,34.091
4.83929,3.95133,87.1924
2.18358,2.96329,19.8426
4.03679,3.55489,57.9225
3.11484,3.42902,35.6095
3.04736,5.20644,37.2197
2.75771,5.01717,31.7864
5.21501,4.41067,104.02
3.30828,1.82733,36.7504
3.93445,4.64918,58.9569
3.99601,3.5888,56.1657
3.1181,4.08438,36.1413
6.4807,4.6998,174.363
4.36182,4.14931,69.8375
3.2991,4.26608,40.8187
4.90047,5.58442,91.8536
5.2751,3.48472,104.826
5.06097,4.08812,96.4717
3.72052,5.11965,50.5535
4.16483,5.09517,66.0276
4.76791,2.80782,82.4219
5.42425,4.99709,114.555
2.43594,3.12173,22.658
4.63575,2.55868,76.6099
2.43933,4.58722,25.8668
3.98359,3.03064,57.3828
4.3317,3.89236,68.4668
2.69711,3.11615,28.0854
2.43743,4.12312,24.7786
5.72302,5.21648,129.569
2.94482,3.69628,33.4184
4.19272,2.90149,63.3291
5.89825,4.39637,137.532
3.22032,3.08913,38.7649
6.98651,4.59545,207.639
1.42457,5.73422,17.0948
4.30344,4.06232,65.9439
3.55062,6.01805,48.0784
5.67862,3.75817,125.669
6.11252,4.38414,149.868
4.20043,5.77043,67.9035
3.12495,4.99318,36.9298
4.99773,2.88896,92.7956
2.9829,4.53938,34.3159
4.71491,4.60268,81.9993
3.35998,3.82963,41.1149
4.50149,3.12023,71.0554
4.32022,5.09826,68.3952
2.45515,2.5614,22.2029
4.55517,2.54089,74.6667
3.00385,4.25421,35.0916
4.94414,2.44353,90.4558
6.32252,4.60242,162.637
2.11512,3.61784,20.1262
4.5515,2.36315,72.279
4.13773,4.07965,62.5251
4.67978,3.43349,80.263
2.75876,3.15152,29.4253
3.89748,3.17598,54.3162
1.71739,2.2406,14.5526
3.43309,4.09642,43.0383
4.27754,2.64872,64.5932
3.88082,3.35378,52.5896
4.02806,5.07767,59.6061
5.32253,1.15981,103.805
4.20975,3.62955,64.3139
4.16852,5.47918,65.2532
4.99128,3.64008,92.4761
1.64947,4.77695,16.1047
6.19151,4.35831,155.771
5.32473,4.58791,108.958
2.93058,3.01166,31.9284
3.5352,4.00636,46.0629
4.94265,3.4488,89.9936
4.15165,2.3427,60.2569
5.37256,3.88596,108.851
3.09953,3.41957,34.4795
3.57001,4.05362,46.3146
2.18993,3.48873,18.9903
3.88474,3.30102,54.5589
4.0256,4.25657,59.2903
4.00212,4.28424,57.6998
4.05281,3.90018,59.1177
2.98252,5.18247,34.9402
5.10723,4.20823,97.2994
2.77287,4.48058,30.6711
4.97807,2.89025,92.2194
4.86848,3.10413,87.4771
3.41137,1.77805,39.3605
3.21139,3.53834,37.5097
5.35092,3.47151,108.414
3.39263,2.35675,41.664
3.37549,3.0916,39.4753
4.17247,3.19737,62.5828
3.58843,3.15083,44.0432
3.70602,2.39972,48.5366
3.20751,3.47421,36.5061
3.92209,3.90272,56.0837
3.60185,3.80411,46.2824
3.26997,3.6717,39.8816
3.72279,2.7897,50.3837
3.06918,4.27711,36.5038
5.79363,3.30871,130.49
3.69736,6.30991,53.4881
3.82446,2.73455,50.3653
5.15655,3.80147,99.853
3.69033,4.56052,49.8353
3.02955,5.61034,35.9575
1.88415,5.64684,17.6616
3.70889,2.97598,48.5856
4.42678,4.44831,71.6324
4.08438,3.44065,60.6211
5.02025,2.45302,91.8106
2.46782,3.11898,24.6343
4.44551,4.28759,73.4003
4.14836,1.90835,57.9194
4.78187,3.65687,84.3441
4.16958,2.55252,60.4887
3.4965,5.17096,46.7108
6.03145,5.35111,146.942
4.18453,4.04533,66.036
3.2084,3.19189,38.2258
5.02991,3.34897,93.8254
5.24901,1.96504,102.353
2.71799,2.04443,27.4803
4.90289,4.68305,90.7332
4.25886,5.40013,66.9313
3.08171,3.64893,35.3908
4.11827,3.25521,59.6421
4.18922,2.99098,62.4653
6.77388,4.71941,194.509
4.15545,5.44999,64.5543
4.02985,2.16794,54.8787
3.60149,4.26976,47.4707
1.76951,2.51167,14.9409
4.36005,4.11198,67.6538
5.24914,5.17801,105.842
3.64438,3.09302,46.4243
5.92438,4.82607,140.104
4.40893,4.30499,72.1454
4.5558,3.76404,76.8
4.60041,4.30992,78.2966
3.14724,3.94294,38.1517
4.83346,4.81716,88.7974
3.0887,4.70604,37.0385
4.25354,3.31461,64.313
6.53009,5.00105,175.056
3.05027,3.0304,33.5585
3.61783,3.08943,45.8261
2.78004,3.88082,29.9522
4.8404,4.24221,88.5354
4.19657,4.12185,62.2244
1.5257,4.42954,14.3025
5.9312,2.68419,138.274
4.1346,2.35543,59.046
4.89752,3.11162,86.9066
2.23929,3.78314,23.0897
3.03607,3.7263,34.9064
3.22463,4.5331,39.6079
3.78171,4.75357,52.7457
4.09913,4.64625,62.678
3.84779,3.28482,54.9379
3.2501,2.93485,38.6474
4.55625,3.37676,75.2424
3.86005,4.12914,54.2289
1.95537,4.26821,17.4816
4.49779,3.35973,71.4986
3.28639,3.59446,39.2693
3.40168,2.65399,40.7598
3.55163,4.25104,46.3797
3.46541,3.96261,43.6736
4.92238,3.77828,88.1168
3.52335,3.33525,45.6306
3.68121,3.78584,49.3132
4.89493,5.40565,91.5127
3.59838,3.74504,46.3461
3.48629,5.47959,46.5935
3.82678,4.40375,54.579
3.30373,5.02085,40.827
3.74604,5.03903,52.4112
3.8154,2.31209,49.1484
4.35298,4.43341,71.3503
3.84394,4.98751,57.0612
6.2771,4.45856,159.245
1.4956,3.88421,14.1228
3.92964,4.27931,55.9653
3.32373,5.66746,44.3889
4.08263,4.33539,61.9175
3.79222,6.33796,54.7669
4.22894,3.80786,64.8414
5.25355,3.65641,103.57
4.18434,2.68879,61.2242
5.66684,4.79118,125.965
3.75218,4.87345,53.0967
2.64873,1.40054,26.0869
4.40259,5.29935,74.7286
5.40111,2.24091,109.861
4.80799,4.5339,86.8481
4.77356,3.4096,83.3569
4.87215,3.8488,88.518
3.88975,5.09552,57.4152
4.47285,2.1155,71.5258
4.67025,5.17602,81.9091
5.09469,3.34813,96.1685
2.13022,4.18378,21.019
3.57907,3.32429,44.6305
3.87006,5.27877,55.9568
3.09138,1.86973,32.9517
2.90918,3.68116,30.771
3.62097,5.13671,49.2246
4.74362,2.41563,81.1335
5.17888,4.01101,102.214
3.48325,4.82853,44.8249
3.94469,4.05704,55.5782
4.33877,2.10961,65.3311
5.82222,5.16033,135.917
3.72691,1.56677,47.2121
4.40244,4.80569,72.3305
4.73641,2.87233,81.237
3.87511,5.17158,55.2848
3.68105,3.81346,49.129
3.67437,5.11153,50.9368
3.904,4.50557,57.7308
3.89845,2.53803,53.8165
3.30793,3.74215,41.2868
4.38048,4.52665,70.9321
5.22711,2.94482,102.149
4.45667,2.10667,70.7183
3.02038,3.40179,31.5203
4.79893,5.18654,87.5133
1.53285,5.77015,17.2431
5.24286,4.58341,104.494
2.57278,4.32695,27.0341
3.18307,3.44002,34.6413
4.85485,4.10319,88.8353
3.22943,4.26965,39.9955
2.97181,3.44056,33.1253
5.62938,3.23988,122.242
4.39148,4.10983,69.6318
5.52333,3.27671,115.3
3.88102,5.05696,55.5257
3.4184,3.13786,41.2924
2.54261,4.88823,27.6026
4.84595,3.9647,86.7047
5.951,3.72068,140.429
5.00301,4.2074,93.6613
2.74631,3.76933,27.6302
5.71319,1.86502,123.374
5.49921,3.84418,117.144
3.28422,4.49373,40.5373
3.75788,2.20261,47.8462
1.94383,3.75579,19.106
4.31573,4.73491,69.3348
4.52461,3.59125,74.2841
3.31811,2.67236,39.5866
4.54144,3.56271,76.6076
3.4495,4.90989,44.182
2.91019,3.33631,31.0379
2.42138,3.70247,24.0895
3.67914,4.40725,50.7267
4.34232,2.33582,67.1231
4.11506,4.77644,63.6196
4.19946,2.27531,64.1296
4.03249,5.19742,60.7584
2.74312,3.84346,30.5417
4.4176,4.56082,73.2732
4.06113,3.03211,58.5271
4.04327,4.77095,58.8947
3.33808,3.60835,40.098
4.48512,3.8889,72.9112
3.65772,4.1197,48.7962
4.40912,2.92106,68.9447
4.88299,4.50045,90.6166
2.93761,3.09962,32.4032
2.35897,4.73571,25.4517
3.51146,4.97284,45.9258
3.62904,5.85733,49.7216
2.94915,2.96376,31.7434
3.33366,4.04432,41.4425
3.76052,3.49956,51.1939
3.12996,2.99067,34.2784
1.99907,4.85738,19.9903
3.55522,4.53574,46.9733
3.95417,4.85936,58.5716
3.95881,3.52335,56.7991
4.26094,3.45047,64.8584
4.04464,3.61149,58.6943
2.38957,3.98275,24.4433
2.81388,4.1792,29.8357
3.06259,6.15548,40.042
5.51127,3.75103,115.369
4.61047,3.07893,74.9868
4.42156,3.83975,71.5498
4.70471,3.32739,79.4408
4.14642,6.02233,65.7248
3.47308,3.84688,43.0446
2.68236,1.703,24.5022
4.00312,4.01559,58.8836
4.73476,2.20365,80.4087
3.40091,3.56797,40.457
5.18176,3.50122,101.383
4.80591,3.10994,83.555
4.46988,4.84913,74.5661
2.61096,3.91324,28.1315
4.1097,4.09378,62.6515
3.1805,1.9326,33.0396
5.22143,4.94091,105.765
6.17133,3.1176,151.182
5.77082,3.4419,130.094
4.87492,3.40884,85.9666
4.27115,2.9136,64.7135
4.42895,3.03989,69.9964
4.61963,4.70917,77.9873
5.12634,3.05822,99.7235
3.99477,3.57203,57.9502
4.57929,2.23539,74.768
4.64906,2.99521,79.4081
4.15241,4.19901,62.7343
3.44154,4.99219,46.1575
3.86788,5.89242,56.3993
2.66223,3.41189,27.1197
3.69484,4.74281,50.999
4.06367,3.60406,58.8825
5.28786,5.23552,109.639
5.09395,4.07716,98.2406
3.02814,5.4291,36.1809
2.29963,3.79508,20.1852
4.9241,4.84328,91.7945
4.77497,3.69594,84.7383
4.00416,5.01794,60.0776
5.56543,5.42155,122.568
4.1424,3.70187,61.6101
4.55963,3.93635,75.8197
3.92177,4.15884,57.763
3.95368,3.8814,58.7482
5.47524,2.82421,114.32
3.41765,3.56902,41.8604
4.02017,4.45485,58.9689
4.02322,4.25941,60.6604
2.10354,3.3362,20.6106
4.18478,3.40627,62.6445
2.604,3.90512,28.1105
3.35363,2.82217,40.9142
4.68534,4.78149,81.7698
4.68263,3.22182,78.7577
3.59006,3.83654,46.8665
4.48882,4.99358,75.3024
4.71178,2.63212,80.0988
3.13962,3.21619,35.2877
5.17827,3.483,100.633
4.94935,3.80124,91.0866
3.83506,1.77834,52.397
4.96974,2.56431,87.4774
4.15072,4.06054,63.2366
2.8262,5.20329,31.9464
4.49594,5.02601,74.2585
2.62168,2.97228,25.9844
4.44237,3.66057,71.0998
3.87809,5.39422,55.5418
3.76081,2.86536,50.0372
4.26425,4.89965,67.5068
2.7261,5.48963,29.6801
2.94821,3.52916,32.6721
2.02323,3.76459,20.0689
1.92423,4.14447,17.5304
3.63642,2.98674,45.6209
4.88564,4.79879,89.2413
2.21671,2.93778,20.5556
4.24759,5.89197,67.3946
6.12349,4.70651,152.053
4.0598,2.55149,56.9202
5.44802,5.59449,116.266
5.76015,5.28927,132.676
3.77768,4.72941,53.0254
3.25567,2.66697,38.4026
3.78078,5.3363,52.9547
3.62648,4.35751,47.8685
4.29803,3.76447,67.7913
3.68954,3.72431,49.366
3.72596,4.19671,48.9847
4.55153,3.59574,76.1232
3.49125,5.63381,45.1851
4.23672,3.84649,64.4361
4.65803,4.3352,80.7253
4.43996,2.4879,72.363
4.07566,4.92157,63.4196
1.94574,2.13222,16.1478
4.38051,3.97836,69.8139
4.56408,4.01539,76.9044
4.97974,4.15225,94.6139
3.6269,4.60528,49.7592
5.01908,5.6049,96.0867
5.03639,3.73207,94.9146
4.25723,5.07929,66.3296
3.54642,5.87426,50.692
4.0335,3.28333,57.0927
4.34992,5.38716,70.7316
5.16347,4.27644,100.736
2.93227,4.60588,33.6393
3.10063,4.71679,38.1552
3.0703,3.01058,32.6934
1.93213,3.83582,19.1044
4.14623,4.15876,62.4115
5.26771,3.18806,103.587
3.53181,3.85318,45.9093
3.61412,3.99845,49.2396
2.79788,2.63083,29.4538
3.7355,4.63264,52.3504
3.84238,2.07843,50.8089
3.19461,5.1242,40.4032
3.154,2.43676,36.5983
4.04638,5.03128,59.6732
2.48214,3.52892,23.2834
4.66788,3.52639,80.0289
3.44702,3.10596,41.7558
4.67632,4.04012,82.9956
4.49751,3.3709,72.3478
4.41279,5.58316,73.3153
2.63003,5.16624,29.504
2.84987,3.62742,29.3525
3.19025,3.35736,36.6017
4.68524,5.21211,81.9439
4.1803,3.5327,63.7675
4.49438,4.24442,73.8902
3.08781,4.3676,37.2525
4.72274,3.93609,82.2042
4.95254,4.92939,93.1469
4.31471,3.21104,65.925
4.65591,5.33489,82.0706
4.33134,3.78549,67.9863
2.10401,2.62321,18.056
2.80312,3.12283,29.6518
2.08128,3.89995,19.2081
3.5302,4.72636,46.6047
5.05495,2.97157,97.1324
5.16229,4.88959,103.479
1.84289,3.61392,16.4381
3.06348,5.92265,37.8717
3.85798,4.17869,56.0015
5.71797,3.69665,127.071
4.4572,3.74348,72.9598
3.35793,2.77117,40.5265
3.03343,5.22301,35.3783
3.85107,4.3408,54.8266
4.62794,3.56028,76.6697
3.96908,5.13338,60.6305
3.11461,3.36785,37.2318
3.51945,4.94296,44.4259
2.73083,4.20552,28.4471
1.96134,4.7408,21.3379
4.66026,4.89811,81.7224
2.06622,3.31256,17.5678
3.58324,3.66089,45.518
2.93598,4.99527,33.8892
5.6189,5.38517,124.593
4.51776,2.37857,74.1123
6.39485,2.97118,164.379
3.75604,2.80029,49.7286
3.39428,4.3758,43.5171
4.56047,4.04532,76.9247
3.48046,5.02683,45.0262
4.88322,3.63833,91.7073
4.1739,4.91924,65.3807
5.50342,4.92082,117.598
3.8325,3.73964,54.2998
3.6798,4.60889,49.1103
5.26435,4.96109,106.693
4.68351,4.22445,82.1867
4.84771,3.58294,84.8597
3.16294,4.35469,38.227
4.97723,5.29015,94.1451
4.11843,5.10329,64.1538
5.18311,4.3736,101.552
4.01171,2.79126,55.5727
3.14288,4.87669,38.3071
1.94981,4.92599,19.7399
3.9527,4.79255,58.1329
2.86316,4.26732,33.1217
3.24139,3.82582,39.8392
4.01362,4.22724,58.4847
5.464,6.0829,117.557
2.77299,4.89893,31.4019
4.26078,4.35733,66.045
4.24769,2.30065,64.0168
2.52814,4.60962,26.7498
3.07056,4.14984,35.9938
3.12148,3.53791,34.0437
3.20663,5.45236,41.2278
4.54278,5.74971,79.4473
5.62044,4.55249,124.158
3.67223,1.89914,47.2814
3.7205,3.40943,48.6961
5.96602,3.47215,139.642
5.09997,3.29693,96.4642
5.53044,4.12755,117.199
4.62221,4.94993,79.4755
4.8631,4.80587,88.7939
3.90046,5.31536,58.127
2.90866,4.38023,32.3248
2.2309,3.96402,21.2732
2.57828,4.02968,27.559
3.62458,3.72779,44.6941
3.53803,4.33406,47.4749
3.77421,4.3503,52.5225
4.20746,1.67865,60.3072
3.81165,5.37802,54.9198
2.99032,5.01549,36.097
4.62291,3.94511,78.2213
4.16686,4.94428,64.1606
3.46529,4.21998,43.6814
4.01429,2.96052,57.5498
4.63617,2.54757,78.0534
4.61743,3.38787,76.6615
2.5088,3.43309,23.5564
4.40181,1.88334,68.3686
4.87337,4.72131,89.8628
2.35088,4.39453,24.0525
2.89188,4.39557,31.1184
5.18836,4.7494,101.664
4.70799,2.37296,79.6632
3.81414,3.55416,52.6247
3.69665,4.8456,51.6466
3.40552,4.34593,42.534
5.87067,3.71524,138.162
3.6707,3.65446,47.3404
3.54421,5.42419,48.7924
3.60632,5.43245,51.1229
6.46945,5.67372,174.899
2.57326,4.89187,28.509
3.98889,3.44601,56.0822
2.23525,4.42964,22.2803
6.05598,3.49755,146.574
5.03882,3.77349,92.913
2.66732,3.53953,28.3849
4.76767,3.87213,84.0624
4.97171,6.12902,94.5462
4.43851,4.26899,73.3438
4.55465,2.79045,73.7073
3.52512,3.37819,43.5549
3.71296,3.15688,51.3296
3.54235,2.91228,43.6898
4.71446,3.02999,81.3023
5.59548,6.40634,125.235
4.33097,3.46967,67.0172
3.43443,3.87686,42.5483
3.59022,2.66188,44.5734
5.00893,5.05296,93.1795
3.29177,3.75687,39.1579
5.04438,3.53285,94.8398
3.82239,4.25998,52.9329
4.2543,3.02642,64.5684
3.88759,4.74015,55.5351
5.25583,2.1917,104.175
3.93563,5.31343,56.7827
2.96074,4.50094,33.0923
2.68451,2.40308,26.293
2.55853,4.28548,26.6033
1.97161,4.54702,18.9915
3.06923,5.88217,38.5198
5.22147,3.64858,101.77
4.30393,4.20356,66.9598
3.53844,4.25849,44.8931
3.06932,4.07006,36.8718
4.3069,2.96189,66.6847
4.69741,4.49011,82.3711
3.86788,3.32301,53.4778
4.3103,4.37654,68.5706
2.15373,2.25658,19.3611
4.21847,2.75307,63.6186
4.40197,2.71969,68.946
4.25693,4.30235,66.2358
3.31275,4.45526,40.6904
5.95662,1.28958,137.813
4.21251,4.22892,64.1526
3.98344,5.09667,59.4477
3.92145,3.3195,55.3653
5.16188,2.02675,98.4863
4.21751,4.85209,64.1711
6.01252,4.74164,145.142
3.93311,4.35779,55.8352
3.67673,5.59197,50.3078
4.53348,3.68126,73.3155
3.29017,5.14789,41.4773
5.13772,1.88511,95.1842
4.42536,4.34623,71.104
4.20697,4.25756,66.9607
5.20497,4.73505,103.987
4.31199,4.49668,69.6258
4.84524,3.45316,86.1731
4.87312,3.57903,87.5004
4.3196,5.38933,68.9685
3.35197,4.832,42.5485
3.46754,4.22008,45.5257
3.27163,5.99121,41.6806
3.97053,4.29416,59.1595
3.67524,4.80422,48.7467
3.14752,4.0529,37.5998
5.09074,3.84238,96.0606
4.77247,4.15876,85.9618
3.77302,4.90846,52.5508
3.41337,4.23375,42.9232
3.33291,3.65502,40.5992
5.07632,2.84393,97.8474
5.76622,3.97184,128.594
2.68037,2.92698,27.4018
4.98159,3.31839,92.6467
