3
4.58145,6.07006,141.385
2.22092,3.4529,20.2475
2.97402,3.97788,42.84
3.95868,6.23695,94.0503
3.67943,3.65901,75.3072
4.58462,4.85438,139.065
2.50476,3.37456,27.4517
5.3997,4.53533,225.019
3.57968,2.96264,66.8333
3.38165,3.77963,59.4358
4.90144,2.1886,166.843
3.38436,4.92681,61.2868
3.213,5.84631,54.2523
4.98455,2.58922,177.118
2.86907,3.47075,38.3991
3.71803,4.98508,76.7655
3.48439,4.4398,64.2583
3.62217,5.21485,74.4538
4.4782,3.29965,132.154
3.24767,2.95695,53.2679
3.51675,4.24399,65.3912
4.40007,3.46565,122.744
5.24989,4.35684,204.929
3.37175,2.23402,56.9178
4.29305,3.05217,114.739
4.07602,4.28559,98.5547
3.65902,3.5862,72.5283
4.19907,1.80058,105.118
1.24182,3.566,9.14946
4.24709,4.12243,112.433
4.38106,3.20434,122.414
2.80648,3.25731,37.2067
2.64945,4.47528,31.9801
2.8884,4.75802,39.6525
3.91359,5.16515,90.1926
4.73769,4.63899,151.59
3.69992,5.17401,77.4217
5.32531,4.23333,215.351
4.3754,5.24799,122.604
4.06315,3.00923,96.6304
3.74812,3.9138,77.6657
4.24085,3.70353,109.251
2.5206,2.89604,28.851
4.34675,3.99341,119.728
6.06681,4.31215,317.396
2.90862,4.96753,42.0313
5.6717,4.5137,258.101
4.7358,3.70353,154.197
5.20337,2.85373,199.711
5.08424,2.44874,185.698
3.58059,3.41983,67.6679
4.80161,3.95335,158.091
3.99816,2.56458,92.4611
2.54529,3.01205,28.3548
4.1823,5.96867,108.829
2.22348,4.74818,21.2034
3.69754,3.98263,77.0342
2.94323,3.10554,39.8033
3.84798,3.0117,84.4501
2.66793,5.26974,33.8801
4.60915,5.19847,139.095
3.71634,4.54776,76.4741
4.96574,6.3654,178.069
3.68247,3.74423,73.8517
4.53586,3.02896,132.62
3.96866,4.07581,92.3714
3.99095,4.15343,93.2499
4.721,3.49755,150.539
4.56377,5.40893,138.473
4.78674,4.83219,155.916
4.90484,4.84823,171.318
3.75531,4.87364,79.9732
4.45451,3.90387,127.771
4.73071,2.91494,149.468
4.17271,4.63285,106.694
4.80622,4.1948,159.592
3.60882,4.34393,71.91
2.83566,4.91736,39.2602
4.4595,6.32158,130.642
3.07812,3.98069,45.431
3.20313,5.35493,52.3033
3.67693,3.03715,71.9792
3.30941,5.36545,57.4986
4.82263,3.53643,160.178
3.69966,4.02039,77.5293
2.87191,4.885,39.3507
3.97775,4.85566,93.7968
4.87585,4.32715,166.252
4.17908,5.0534,107.47
3.15923,4.27064,48.9036
4.34995,4.77156,118.611
4.72261,2.91062,149.825
5.03037,4.23056,182.134
3.15061,4.19083,48.7146
2.92319,2.42574,39.2349
4.98325,2.4698,174.236
5.49397,1.34939,233.333
4.35086,4.51689,119.68
4.2618,4.80245,112.46
4.99013,1.89216,174.301
3.18791,4.07215,50.9176
4.92536,4.61999,171.407
4.61297,3.12675,140.419
3.50346,5.04761,66.0422
4.68729,4.05036,145.897
4.0924,2.43367,100.399
4.22208,2.11889,106.43
3.73213,3.58981,77.072
1.7957,4.17766,16.3486
5.60436,4.00028,249.253
2.82257,3.73821,40.0572
3.30856,2.55721,54.9553
3.20691,4.47823,54.3379
5.3927,4.35187,222.274
5.46934,4.07541,234.513
5.69234,3.88756,265.156
5.27086,5.48209,209.675
4.656,4.76179,145.349
3.12052,4.6752,48.6175
3.47976,6.32228,68.0004
2.41935,4.28445,27.5792
3.70805,4.53967,75.9852
5.64714,3.6009,257.641
4.85495,3.89772,163.095
5.82747,3.09781,280.11
4.77744,5.51296,156.782
2.81505,5.16269,38.6894
3.22842,4.18022,53.8445
4.24391,3.03405,109.423
5.68135,4.2118,260.184
4.49436,3.18659,129.778
2.37122,2.87207,23.1066
4.40945,4.41732,123.697
5.97041,3.71216,302.368
4.29344,2.38048,112.69
3.07248,3.92195,49.1456
4.43331,5.26368,128.211
3.2023,3.66566,49.8406
4.55141,5.41052,136.429
4.33648,6.15044,119.478
3.54503,3.5987,68.0939
4.45456,3.99667,124.558
5.40846,2.67697,221.975
3.76317,5.79169,80.3736
2.47366,2.57351,26.7989
3.99314,3.43768,93.1903
4.43191,5.36952,127.846
3.94907,4.21119,89.442
3.30244,4.83063,57.2084
4.74019,4.19124,152.491
3.4124,5.24142,62.0605
4.45888,3.54784,126.648
3.80094,5.89575,82.3823
5.76014,2.71828,270.396
3.97911,5.29089,94.9398
4.65283,5.43678,144.881
4.21257,3.86975,105.708
4.44179,3.59388,127.036
3.59498,4.01281,71.0054
3.51067,5.65915,66.3473
4.49095,5.03064,130.936
5.29386,4.9836,212.176
6.15158,2.60894,329.352
4.05663,4.85653,98.271
3.70216,3.19458,73.6802
4.6737,3.37139,145.026
4.06422,4.87973,98.8418
4.7966,4.71995,158.01
3.97418,2.63359,91.2204
3.83354,4.2454,83.0137
4.30248,4.19879,114.953
5.75174,4.97003,270.726
3.74444,5.16772,80.1338
3.29931,4.4419,57.3656
2.6196,3.49523,30.3678
2.69236,4.3643,33.916
4.7072,4.78497,149.089
4.67936,3.50142,148.391
2.31221,5.65913,24.7252
5.47398,4.59775,233.396
5.078,3.64048,186.068
4.30416,2.86951,113.683
4.32494,3.0365,115.136
3.11188,2.81959,47.0975
3.0883,4.07318,47.3433
4.09636,3.97562,98.561
3.30288,5.03114,56.9907
5.20583,2.48297,200.465
6.62004,3.60505,415.031
3.79106,3.82802,80.6773
3.75401,2.87995,78.1651
4.70696,4.85021,150.005
5.65547,2.75364,256.432
4.57295,2.6947,136.091
3.02817,3.09919,43.0789
1.02567,3.15163,7.20468
3.47957,3.98904,63.9182
4.35198,4.43618,119.125
6.09146,4.27364,323.011
3.03319,6.14074,47.2438
4.79037,3.34699,157.444
5.70723,4.81231,265.317
4.56382,4.17379,137.513
4.53584,5.53377,134.367
4.70881,4.2577,150.844
3.17247,2.44217,47.3094
3.56756,2.90419,67.4414
5.8444,5.17637,284.89
4.50234,5.06025,132.458
4.61658,5.87326,144.459
4.27969,4.38657,113.868
3.68602,3.95374,73.9909
4.76356,1.7616,153.75
4.75335,3.22354,151.121
4.17762,4.06365,105.527
3.65449,4.37339,75.0164
4.46495,5.38539,130.367
4.23763,2.86668,107.787
2.50882,6.18563,30.8925
3.99052,2.27294,92.4785
4.57776,4.17358,137.04
4.44279,2.89691,124.288
3.77602,3.45236,78.0616
3.30743,4.02832,54.3097
5.46796,5.71338,234.69
3.94249,4.18746,91.1984
2.79486,5.93721,40.1561
4.8096,5.10278,161.128
4.35279,5.30821,120.377
2.69566,3.14888,33.5907
2.71089,3.7436,33.8302
4.8498,3.8553,163.714
5.2121,4.47003,201.107
2.87082,1.88932,40.0251
3.18476,2.48977,49.113
4.74097,4.83387,153.715
4.20905,2.8714,107.649
2.92293,4.28624,42.8594
4.37298,3.92351,119.404
3.66376,2.46651,71.2376
3.09911,3.99763,46.006
4.09095,6.21765,102.066
3.35542,4.46062,58.5222
4.52256,3.90598,132.122
4.13072,3.95096,102.658
3.14357,2.82704,47.4955
3.62861,4.14365,72.5881
3.74517,4.62578,78.0734
3.86067,5.39046,86.8754
5.47897,5.46263,233.818
2.66777,5.59024,36.0718
3.18872,4.06844,50.5419
5.32354,4.63546,215.872
4.40203,5.15035,125.406
2.20753,4.12375,19.9818
3.74207,4.82462,77.4737
4.08999,2.49406,97.6816
3.71261,4.49148,77.2712
2.54706,4.17943,27.9416
5.22847,3.75438,204.342
4.1697,4.24022,105.884
5.00736,4.56958,179.425
3.23249,4.07352,52.9195
3.18998,4.0143,51.5637
1.8049,2.65158,14.5254
4.88138,6.0186,169.073
3.44894,3.05885,62.9718
3.87391,3.72262,83.3867
3.13757,4.73421,50.1057
3.02042,2.0795,43.5912
3.62529,3.37396,71.1499
4.60798,3.302,139.485
3.52235,3.04029,63.3866
5.58573,4.13073,247.261
5.27992,4.691,211.505
4.02854,4.02088,95.6262
6.29803,3.24042,355.793
4.05437,3.38482,97.2316
2.81057,5.02684,38.0856
1.46217,3.46235,11.1674
3.9348,2.96343,87.5773
5.231,4.65783,202.684
4.85171,4.6704,163.953
1.65672,4.62223,13.7092
5.42447,4.62805,228.965
5.85748,4.67253,286.507
6.00728,4.30487,310.646
3.82712,3.95617,83.1427
2.81301,5.24425,40.6598
2.16522,5.33534,23.0823
4.08574,5.05525,100.421
2.94158,3.03785,39.8015
4.684,4.04601,146.807
4.02208,4.27945,95.5383
6.06791,4.3817,320.338
3.07253,2.51601,46.8862
4.65144,3.90769,146.283
4.20987,3.7504,107.639
4.58826,5.72802,139.032
3.58386,2.36321,67.8375
5.95269,4.91633,301.56
5.75664,4.40603,271.434
2.35083,3.02012,23.7694
3.39781,4.52496,60.5126
4.08506,2.80303,99.6532
2.04791,4.09357,17.3715
2.50689,3.71683,27.3465
3.64427,4.9894,72.726
3.80614,3.76187,81.9491
4.52285,3.37367,131.854
5.67144,5.49343,261.481
2.95619,3.39459,42.8656
3.3378,3.38876,55.8242
5.39799,3.03327,222.478
5.30595,4.62755,212.446
4.94416,2.68084,171.859
5.3316,3.83806,215.241
5.10137,4.07189,189.145
3.54007,3.32404,67.4476
4.14284,4.47393,104.044
3.83769,3.1856,82.2924
3.93807,5.15893,90.7181
3.82778,3.29919,81.6982
4.62253,3.9438,141.023
3.55946,3.09192,67.2831
5.21298,2.89879,200.846
4.91911,1.26093,168.052
4.73571,3.70755,151.064
3.75325,5.39111,80.3899
5.87809,3.59927,288.089
4.68451,3.51063,145.734
4.19444,3.68321,107.925
2.64305,3.69222,30.8204
3.99343,3.5715,93.3176
3.68406,2.98611,72.8248
5.02539,3.82235,180.909
4.00281,2.97389,92.1421
3.61802,5.60906,72.9477
4.24682,4.35793,110.119
3.24286,4.83089,53.6022
3.65969,1.72013,71.2229
5.88654,3.65575,288.861
2.80148,4.74159,37.0546
4.20529,2.92007,108.496
3.16546,4.24625,49.6008
3.33827,3.15123,56.8159
4.65061,4.31179,145.008
5.49883,4.71462,235.391
5.55101,2.26905,241.43
5.00061,3.40854,178.276
3.94272,3.66041,90.1181
4.10808,3.76943,99.6488
5.11311,6.71045,193.565
3.74092,4.53097,80.0811
4.37089,2.41231,118.685
4.20755,3.47251,107.827
4.35598,3.49725,119.135
4.76626,3.18061,153.97
4.46151,4.51712,128.836
2.95337,4.05039,42.5886
4.02906,4.2544,97.3686
3.84361,5.27845,84.9718
2.27724,4.82402,23.1978
3.86692,2.8074,82.9554
2.56612,4.87004,30.9544
2.51401,4.30814,28.3772
3.71185,4.6965,77.4365
2.85288,3.35702,37.8371
3.24878,2.74559,52.9455
4.80511,3.23366,156.435
3.8507,3.59812,83.8452
3.30982,1.81032,54.5411
5.52036,4.86522,239.159
2.21241,1.95951,19.8166
3.53006,5.76783,68.3963
2.53916,3.76877,29.3179
3.04274,4.67646,45.4103
6.40231,3.2549,374.101
3.55504,5.95693,70.4826
4.12492,4.2,103.577
4.07498,3.43004,96.8284
6.28678,6.09516,354.897
5.17636,4.87619,199.076
5.52043,3.89053,239.936
3.78394,4.60304,81.9281
4.43734,1.66259,123.784
4.11689,1.78461,100.233
5.4732,2.04747,231.391
3.76219,4.6141,79.2229
4.75736,2.47639,153.324
3.67412,3.33433,72.7527
2.53288,4.35724,29.438
4.23764,4.43562,111.272
3.14551,2.13716,47.1523
3.03496,3.74437,44.8045
2.70038,5.48981,34.8727
5.87385,4.89209,289.318
5.16629,5.69303,199.125
3.87927,3.95012,85.4047
4.20332,4.8364,107.177
4.77028,4.36371,156.66
3.30405,5.35027,56.819
3.33617,3.33503,58.156
4.31085,5.5622,117.32
3.1886,2.84007,49.0892
2.80329,4.36282,36.7672
3.48247,5.78572,64.501
6.37415,4.82831,371.14
3.8719,4.03271,86.3418
3.3702,4.29219,60.1573
3.17822,3.74074,50.8919
3.66263,4.7998,75.4894
2.3217,4.53868,24.5867
4.62472,3.04195,140.141
5.06292,2.51846,184.059
3.42448,3.71967,59.9267
4.21497,4.08377,110.263
5.68905,3.34625,262.14
3.73423,2.40953,76.538
4.68077,2.75409,144.665
5.65357,5.08168,258.516
4.70011,4.62668,150.883
4.11733,4.47638,102.277
4.39892,3.71453,123.906
5.60252,3.53515,248.94
3.70899,4.51877,76.9748
5.31507,5.07466,213.693
5.13452,4.40369,192.273
5.08863,4.12256,187.601
5.37102,3.22356,217.589
4.44246,2.24922,124.73
2.55568,4.99025,29.6181
1.89621,3.73617,16.964
3.95245,3.68486,91.5545
3.15762,5.6902,51.5755
3.23639,4.45786,52.9372
3.50684,2.11093,64.4641
2.50353,3.39845,26.447
2.62447,4.12503,32.0229
5.01752,2.62676,178.878
3.79881,4.05808,81.3911
4.79864,5.23464,157.974
2.65276,1.39175,29.9666
5.00199,5.72971,179.454
4.46349,5.04682,129.178
3.52587,2.63713,63.6645
3.8993,3.75461,88.8041
3.6268,4.36734,73.2255
1.98553,4.00609,18.7507
4.11625,4.79854,102.882
5.43282,3.2548,226.813
5.15713,3.65918,194.945
3.88157,5.1071,87.0653
4.11091,3.48625,100.655
5.35418,4.35578,216.987
3.13002,4.8129,48.3221
5.21209,4.08992,202.047
3.42058,2.45195,59.9007
3.35229,4.71068,56.0957
4.24968,4.83917,110.916
5.29476,3.87555,209.507
3.37289,4.27735,60.6265
4.67343,5.69819,149.8
4.38797,5.238,123.206
2.82967,3.78946,38.1761
2.61095,3.17013,31.2741
4.05116,3.65547,98.031
0.583662,4.29765,8.70065
3.42491,3.31997,60.584
2.98966,3.27573,42.4053
5.02369,2.76767,180.226
3.36744,5.28045,61.3702
3.23199,2.02925,51.5784
4.4442,6.20483,130.28
5.04009,4.82077,185.339
2.39647,3.7305,25.6326
2.77364,4.55157,37.2558
4.34444,2.6493,117.593
4.4435,4.04411,127.287
3.57743,3.42683,68.651
4.38264,1.80229,119.764
4.10319,4.6815,102.987
4.50374,3.75776,132.692
3.51669,2.7563,65.1319
3.24021,5.09305,55.1324
2.99334,3.85965,43.0645
2.9793,2.53867,41.5477
3.75635,3.02541,76.3392
4.32766,3.01354,116.706
3.54238,2.99907,66.5902
4.55343,2.53733,134.55
2.54383,3.26929,27.8094
4.12877,3.71659,102.736
2.40554,4.8964,27.6002
5.87565,2.72601,287.845
4.00551,3.97881,95.3009
5.2226,5.49112,203.83
4.35329,4.97276,120.923
3.91387,3.0565,86.9609
4.70677,4.33732,149.828
4.17737,4.55081,107.182
3.91009,4.19285,85.8263
3.43549,3.91341,61.6169
3.13032,5.9021,52.8881
4.07585,4.03864,99.5019
4.69413,3.36417,148.613
3.60561,4.19262,71.8699
4.54657,2.03273,132.158
2.97251,4.70163,43.8679
4.3047,2.94331,114.269
4.55994,3.00296,136.047
4.80865,3.78256,159.3
4.18909,3.98426,106.663
4.93214,3.5054,169.377
6.0238,3.24575,309.122
4.53886,4.10027,133.899
5.47431,1.11616,229.867
2.80916,3.45795,38.2031
3.4268,2.79707,60.145
3.59545,5.48878,70.147
3.17411,4.26351,48.9439
3.76698,5.25863,78.9502
4.40939,4.46898,124.491
3.11311,6.28808,51.5658
4.72641,5.57882,151.846
2.42933,2.47236,25.3508
4.46835,5.15217,130.488
2.66277,4.31853,33.1618
3.91071,3.39866,86.7273
5.09866,3.50594,188.598
3.12296,4.32941,49.2845
5.24105,4.89334,206.256
4.37915,3.87676,120.288
4.79673,4.22794,156.679
2.69353,3.42517,31.5775
3.2555,2.59347,55.4102
3.53777,4.36987,67.8441
4.84513,5.03547,164.679
4.96764,3.49193,173.687
4.83204,4.96314,163.206
3.76069,4.70076,79.5674
4.05285,5.59341,97.8415
4.35007,3.94853,117.672
3.86601,3.95151,85.0187
4.93049,2.60264,169.042
3.73504,3.6482,78.2096
3.4677,4.27201,64.9514
4.72975,1.73844,149.766
4.89603,4.90944,167.24
4.91476,4.34689,170.621
1.82637,4.71546,16.6379
5.72752,5.12995,267.066
3.5787,3.6817,68.2417
4.29175,4.45846,113.482
4.0484,2.90559,93.8824
3.79085,2.92248,80.0949
2.89151,4.2742,38.7507
3.1295,3.34638,47.6933
4.38438,2.58209,120.311
3.7076,3.28384,75.065
4.37639,2.33751,120.337
3.95399,3.87413,91.3473
4.12977,3.31213,102.359
6.01533,1.61927,307.472
3.82497,4.66527,82.321
4.59102,4.48637,138.324
2.73104,3.62145,35.1111
3.00807,4.19484,42.6134
2.78761,4.99782,38.1523
4.00325,4.53007,93.196
3.27872,4.57892,54.6568
4.2598,2.93782,111.74
4.43,3.46941,124.633
3.35481,3.79348,58.8222
3.97755,2.599,91.0195
4.67006,5.29689,148.567
5.49627,4.25736,235.549
3.9072,5.77754,90.363
3.55742,0.830824,65.3734
5.33286,5.19452,217.924
2.15329,3.95583,19.209
3.90474,4.8133,88.3828
5.00608,4.65876,178.064
4.10827,4.286,100.888
5.50851,2.37699,236.422
4.49656,3.4483,130.086
4.28312,2.96103,112.59
3.51269,5.733,67.602
3.82269,4.57924,85.2659
3.47088,4.51407,63.5983
4.3955,3.81664,122.237
4.47929,4.28269,130.168
2.91526,3.67578,39.3786
3.74801,4.95921,78.2009
2.76192,4.29014,36.5255
4.23791,3.04748,109.654
5.17207,2.91648,196.355
3.4696,4.06953,63.1895
3.59944,4.00931,69.4266
3.42679,4.80252,63.2233
3.84661,3.3907,84.6435
3.41067,2.73368,58.975
5.78571,3.65162,274.032
5.38964,5.32098,224.23
4.35558,5.46605,122.081
3.86741,4.74418,87.3751
2.42983,5.05623,26.5949
4.20935,3.32784,106.868
3.7868,5.85274,82.0929
4.16199,4.10441,104.161
3.73284,2.04773,76.7494
3.17031,4.13158,51.0494
5.0334,4.54573,182.002
1.8352,6.51983,16.3606
3.80126,5.93729,84.6312
4.4158,5.60565,126.1
4.23216,4.79212,110.164
4.37651,2.71395,122.119
2.65448,2.68362,30.0016
4.38766,4.32443,121.198
4.08625,3.98125,98.2617
3.79965,4.79155,82.8427
4.90485,3.67235,166.94
3.55214,3.86095,66.813
4.85465,4.67864,164.003
5.47736,3.94957,235.227
5.635,4.66273,255.649
4.91702,3.21367,168.4
2.52867,5.83378,32.298
3.83792,5.73862,85.3135
4.71752,4.21698,151.142
5.53431,4.63092,241.969
3.34531,4.82866,57.8237
6.43509,4.83556,381.69
2.87142,3.4731,39.7912
3.53749,2.20162,64.9628
3.0824,5.42561,47.2065
5.08837,2.71922,185.877
4.24722,3.28059,110.298
2.3124,6.32146,26.2882
5.03293,3.54543,181.13
4.79864,5.06143,157.808
2.533,3.82196,28.44
5.79503,4.33514,277.724
2.98246,4.97363,42.812
4.06278,6.51869,100.54
3.63233,2.50891,69.1383
3.73371,4.89429,78.8671
2.55553,4.74658,30.6796
3.01217,4.54055,45.1151
5.55049,4.76522,245.302
3.07959,4.25738,47.2636
3.62584,3.14894,70.6177
5.07331,2.95646,184.292
4.50543,3.24949,130.084
1.92142,3.46672,16.2182
4.19935,3.73613,105.767
4.24329,3.51487,108.099
3.29947,4.31108,56.6572
3.73181,5.62565,78.5317
4.26524,3.43848,112.733
4.13932,3.59319,103.642
5.93333,5.0318,298.453
4.80881,4.32851,158.741
4.09633,3.7472,100.808
4.8877,4.35498,167.848
3.21793,4.4066,51.6884
5.24796,3.41636,205.404
3.24395,2.94566,51.6615
3.62315,4.03954,70.4775
4.68866,4.82602,148.6
5.16466,4.28994,196.683
3.07943,4.98736,48.3416
4.97056,4.43635,175.742
5.7701,3.30676,272.662
2.91371,1.97001,39.3479
3.75773,3.45697,77.8577
4.1453,4.67282,104.1
3.13553,5.87912,51.0918
3.5914,4.06313,69.7283
3.2101,5.33318,54.3668
4.42821,3.32678,124.566
4.89397,3.8331,166.32
4.65226,2.69909,143.402
4.43183,4.77842,126.495
4.74521,3.93117,151.853
5.25861,2.98631,206.56
2.83502,3.37668,36.2136
5.27551,3.3355,207.627
5.17003,4.47619,197.201
5.45163,4.27098,230.895
4.6772,2.63235,144.584
4.85362,3.74743,162.108
4.84926,5.99019,163.795
3.88899,5.85354,88.3743
3.63659,4.17356,71.7154
4.22692,3.74832,110.593
4.49197,4.53201,129.071
5.96875,5.07873,304.717
3.39471,5.04978,62.4628
3.08433,3.91395,48.0874
4.48612,4.3054,131.304
3.43903,4.54414,62.0238
3.81597,5.4394,84.6716
3.68625,2.1173,73.1546
4.42772,3.09543,122.943
2.88947,5.09687,40.5127
3.80793,4.87743,82.7346
4.38628,3.33669,121.753
4.37352,4.37292,120.919
2.93565,4.35961,41.1058
4.10992,4.21136,102.348
5.39782,3.82568,223.634
3.46459,3.33424,62.6635
2.95856,4.13166,44.677
5.23871,4.11025,204.916
3.69588,3.69418,76.921
3.65144,4.72633,74.2392
2.59445,4.03876,30.3364
3.04828,3.80352,45.565
2.91274,2.89645,39.3019
4.87385,2.12245,163.503
4.46085,1.06004,125.208
4.87907,2.96801,166.8
3.38995,3.93145,59.7057
5.09281,4.81142,189.477
4.13161,3.53375,103.132
3.0385,3.62235,46.6864
3.9036,4.55086,87.6007
3.01052,5.01752,44.6306
1.9703,2.95034,16.0836
5.59845,3.8396,249.62
3.93426,4.61829,89.9276
2.49295,3.75478,26.1164
4.56212,5.13641,137.138
2.03966,4.10281,20.012
2.3516,3.50758,24.5164
5.11849,3.60122,193.052
2.12187,3.74467,18.9715
4.45539,2.4572,125.953
3.88659,3.19319,85.9852
4.09375,2.23498,98.1039
3.28795,3.77262,55.1868
2.66753,4.64358,34.0754
4.5204,4.77335,135.32
4.13634,5.45212,105.689
3.65155,4.60273,72.4114
4.92138,5.37905,171.348
4.45378,2.17016,124.845
4.46133,4.28967,128.525
4.67055,2.29765,144.109
4.77587,3.49863,155.728
5.9213,2.54544,293.26
4.42466,6.15497,127.454
3.53127,4.5722,68.8145
4.74366,3.43056,151.599
4.45723,2.93919,126.136
4.39693,3.41547,123.239
3.27982,3.07088,55.1169
3.03098,4.96111,45.5971
4.47437,3.76268,127.826
2.8148,2.68529,35.5366
4.42807,4.50202,125.583
5.30752,3.50373,212.72
3.48455,4.76443,67.0182
3.64472,4.02901,73.2026
3.55603,3.75848,67.8968
4.30114,3.81316,115.139
3.83785,5.70338,85.508
4.69759,4.87488,149.533
3.28115,3.34956,54.1885
1.95792,3.66046,17.6463
3.4559,4.02467,61.5842
4.08689,3.38024,99.4221
4.39384,5.59183,124.833
3.0491,3.12003,45.7109
4.36903,3.20264,120.134
4.23135,3.28455,108.301
2.416,5.66787,27.7423
3.38233,2.93899,58.6244
3.48582,4.89043,64.6178
5.36836,2.71361,217.675
2.65175,4.08051,31.9069
3.93353,3.01708,88.5637
3.1993,3.74636,51.2816
2.45333,2.1027,25.5387
2.47188,5.3533,30.2411
3.88928,4.58566,87.2269
5.33708,4.27995,216.033
5.1712,3.02919,195.458
4.77592,4.5548,157.467
3.05198,4.16133,45.1697
3.15241,3.03383,47.8304
4.238,2.90229,108.446
3.88439,3.98834,88.1784
3.20347,3.42295,50.1522
4.58404,3.42371,137.992
4.19803,1.91815,106.033
4.49465,3.96219,129.292
5.0313,2.67741,180.075
2.87514,3.46396,39.122
3.66889,3.746,74.7172
1.61305,2.54889,9.66238
5.02428,4.7836,181.718
5.94441,3.58605,297.671
4.26822,4.39998,112.03
3.81233,3.95181,82.647
4.10385,3.47947,98.5647
3.78637,5.17739,82.3346
4.22435,3.73007,109.779
2.9945,3.48808,43.934
4.01986,1.91817,93.1118
3.94373,2.88337,89.6241
3.20352,3.59231,52.5137
3.90915,4.75158,88.1232
3.60225,3.78046,71.6073
2.85691,4.77412,39.633
3.3773,4.10591,59.0082
2.60757,4.3568,31.7406
2.515,3.18746,26.6938
4.90289,3.40485,165.787
2.08241,2.82056,18.6666
3.39962,3.69352,61.9731
2.87631,3.51254,38.5383
5.37111,3.73014,218.644
3.70124,3.02975,76.4698
3.90081,3.49025,87.6099
5.00912,4.40075,180.367
4.92921,3.45363,171.952
3.40602,4.70036,63.0076
2.4936,4.20104,27.2271
4.46903,4.04695,127.65
3.50037,4.95375,64.6124
2.06038,4.486,20.4098
3.97076,3.62481,93.1981
3.49578,0.0749977,64.1562
5.91249,3.52807,292.363
4.63719,3.78806,141.655
5.37139,2.77546,219.276
4.49686,5.94235,134.308
3.93729,2.66503,89.3529
3.43408,2.47276,59.5516
4.54413,3.61084,134.899
4.01403,3.25954,93.6546
4.42767,4.44456,124.781
4.42048,4.4659,124.379
2.99283,5.36499,45.2974
6.18185,5.39126,340.027
3.44043,4.56976,62.0821
4.44921,3.56889,126.287
3.96433,5.75387,93.4228
3.16143,2.38337,49.0212
2.63801,4.68423,32.4462
3.73943,3.72979,76.6851
3.8962,3.74405,87.3752
4.39031,5.37589,124.533
4.37941,3.18937,120.558
1.98958,3.27826,18.0063
5.04648,4.11538,183.09
2.89152,3.26326,39.2445
3.77178,4.71436,79.6431
2.62632,2.09165,29.5476
4.3188,4.70109,118.312
3.10474,5.10165,48.7648
5.62638,3.25331,251.959
2.27528,3.78912,24.7215
4.60835,3.48691,141.91
2.29682,4.98479,24.829
4.76692,2.75697,154.331
5.16649,6.19889,198.673
4.25189,2.37743,108.424
4.40091,4.89979,124.429
2.81393,3.74789,34.5633
4.86175,4.94369,167.01
4.23155,2.54647,108.221
5.61305,5.80745,253.695
2.24676,3.16697,23.3242
5.278,3.61479,209.718
3.75814,3.76276,77.7958
2.98448,3.92025,43.8028
4.05299,4.86374,98.7768
5.43411,2.35233,226.759
3.97186,2.99542,90.9243
4.27045,4.81604,114.412
3.05049,2.83478,43.4385
4.01992,4.20984,94.8121
3.41531,5.21854,63.2284
4.58715,3.6929,137.692
5.30979,5.08943,214.764
5.54341,3.92128,241.204
2.88402,2.66521,39.2282
4.7524,2.47777,151.068
4.86937,4.1445,164.799
4.04169,2.94145,95.5728
3.74343,3.38728,78.1263
4.48065,3.65396,128.073
5.96376,4.5961,301.825
4.16808,5.40766,108.038
3.69941,3.80152,76.2276
3.5525,3.63686,68.3548
3.10824,4.83401,46.9227
3.5788,3.65951,68.712
4.84991,3.52985,161.498
5.11106,4.79923,191.206
4.22238,4.35368,110.327
4.63672,3.97692,144.278
4.48996,4.35108,132.05
3.73216,4.8358,77.0599
4.6412,4.14346,142.039
4.37046,3.75853,119.868
6.15466,2.6656,332.306
5.85348,2.88055,283.877
3.17413,5.4949,52.366
3.75323,3.13092,77.0657
4.17926,4.18385,107.41
5.00213,4.37334,179.182
4.96745,5.0309,174.94
2.81685,3.87145,36.3384
3.07903,4.69106,47.0539
3.93272,3.31242,87.1594
1.89407,4.73033,16.4038
3.03801,4.3779,44.3899
4.03613,4.57925,96.9623
3.07078,3.39989,46.656
2.98989,5.08247,44.2983
2.49919,2.64126,27.1272
4.57509,4.19257,137.828
2.41455,2.65158,25.3329
5.09547,4.51661,186.268
3.22727,4.07743,52.8299
3.85315,3.43638,85.4277
5.19946,4.23838,203.623
3.81994,3.65851,82.7502
1.28357,6.39812,13.2674
3.26715,2.79413,51.9205
4.15975,3.72101,102.455
3.97356,3.69533,91.1537
4.35426,3.68884,117.51
3.18043,3.64905,50.2552
4.34874,2.95271,118.229
3.99553,4.65634,93.8164
3.13272,3.33093,49.1798
3.69529,4.96703,75.2604
4.60162,4.7796,140.629
4.35235,2.76453,117.973
2.02189,4.0861,17.6274
2.89694,4.9385,40.5413
3.6574,2.64532,71.2454
3.57435,4.57154,69.9173
3.91349,3.41444,88.557
3.15372,3.71259,48.8952
4.14034,3.82826,102.326
4.94848,4.43284,172.092
4.02365,4.04066,97.1761
3.03317,4.04048,45.5336
3.54972,4.55137,69.9697
3.82956,4.64024,83.9983
3.76764,5.3053,81.5638
5.13125,3.16058,190.639
5.26952,5.20133,209.212
3.43941,3.67306,60.9322
1.82617,4.98572,16.0898
3.94239,3.60384,89.9512
5.49555,1.7161,235.927
3.25881,4.31396,55.5276
5.24115,3.18932,204.404
4.58391,3.19684,136.907
3.57297,4.19581,66.9784
3.64859,4.53902,75.1852
5.30218,2.8947,210.34
5.49162,3.44523,232.78
4.51391,4.06048,131.056
3.34537,4.02169,57.8754
2.0974,5.26412,21.511
2.03637,3.71441,19.052
2.60525,3.15012,30.815
4.71246,4.67279,151.386
5.48143,4.6198,234.206
4.71289,3.4228,148.824
2.29396,3.35649,22.9896
5.02157,2.76509,178.326
3.16114,2.11741,48.9922
3.19572,3.50923,52.333
4.97751,3.9744,175.598
5.771,5.03588,274.38
4.78889,3.51638,157.992
3.23523,5.96503,55.2968
2.34059,2.94795,25.1831
2.73142,3.92126,34.6896
2.40252,3.75887,24.7792
2.13235,2.96736,18.8258
3.39169,2.91752,58.7173
3.89949,5.02918,87.7206
4.92246,5.17701,172.258
4.09277,3.2397,100.762
4.27921,4.64371,114.298
5.39933,3.03566,223.97
4.23169,4.16252,109.03
4.61784,3.86249,139.775
4.00142,4.79765,94.2816
