3
4.558,5.10886,446.027
4.20342,3.92297,350.128
4.37924,1.30654,392.244
4.63584,3.95708,466.133
3.64423,5.16832,231.395
4.18119,3.98702,342.299
4.61753,3.56596,461.073
4.9182,4.55556,560.937
4.50008,3.48428,427.291
4.39217,5.35094,396.969
3.69996,3.56005,240.571
3.6914,4.94516,239.98
6.07235,3.80022,1078.9
4.42055,2.82358,405.335
5.71754,3.59953,891.835
7.24625,4.94879,1899.87
3.54974,5.48232,213.061
3.07057,3.215,141.22
3.91044,3.72151,281.137
3.81443,5.22583,263.014
3.60081,2.08431,221.959
3.794,3.18363,258.999
5.21672,5.2387,671.007
4.07838,4.81991,317.225
3.32829,4.99545,179.686
3.75156,3.13726,250.23
2.72335,4.15353,102.318
1.29285,2.8583,19.7645
5.40836,4.38895,749.817
3.84631,4.22508,269.205
4.3429,3.99068,383.212
4.45937,4.10034,417.306
4.46555,3.35994,417.899
5.21741,5.0846,671.257
3.33474,4.52382,178.356
4.50492,3.48583,426.843
3.5861,3.73647,220.734
3.81092,4.95254,261.736
2.79886,2.70125,109.271
3.14729,6.02878,156.028
3.58702,3.95124,219.592
3.93199,3.9606,284.588
3.41079,4.35903,190.463
4.27375,4.01824,365.531
3.47531,2.29557,199.622
5.46049,5.21759,773.22
5.40609,1.99358,749.591
6.01939,4.36624,1049.78
4.60239,5.41968,456.585
4.88053,5.83664,548.059
4.02431,2.39194,304.485
1.86913,5.02566,42.971
4.06471,4.52656,315.4
3.09272,3.50274,145.989
3.78252,4.27105,255.11
3.68524,3.90959,237.961
1.95726,6.68307,48.7842
2.16345,3.76965,58.5615
5.57931,5.38311,825.338
1.84578,3.24512,39.9493
3.31093,2.65438,173.578
4.83919,4.78893,530.773
4.70726,3.26516,489.683
2.65984,3.26539,95.785
3.74879,5.99012,251.367
4.11734,3.48223,326.249
2.95747,6.06924,128.82
2.58872,5.03795,89.7826
2.40597,3.99876,74.0642
4.97681,3.98651,580.862
3.31772,5.3475,178.868
3.11391,5.30836,149.777
3.56997,5.66894,218.187
4.76605,2.25653,507.171
1.27842,4.24945,22.3112
3.90153,3.47752,279.078
4.80904,2.19064,521.226
3.8976,3.6064,280.375
4.1159,6.55795,328.493
6.39927,3.53913,1273.96
3.04491,4.26141,140.379
5.05137,3.9705,605.08
5.42201,2.80742,755.774
3.68745,4.56896,238.235
3.34817,3.86643,180.97
3.16587,4.42644,153.974
4.71806,6.41303,494.425
3.19048,3.50741,158.985
4.673,4.04845,479.497
2.08742,4.28001,54.3151
2.98375,4.3338,133.464
3.89106,3.13168,276.298
2.09268,4.0871,54.4524
5.86072,4.85143,964.845
3.59838,4.4384,222.069
4.83414,3.02119,531.239
2.08939,3.30682,52.7626
2.81275,4.55015,111.572
3.30001,2.93019,173.048
3.6332,4.46889,228.447
2.65465,3.78953,96.5555
6.40294,6.06085,1276.57
3.68616,4.25587,237.425
4.22156,4.46607,352.955
5.37556,2.29223,734.003
3.65699,6.10655,232.895
5.20496,6.01805,666.727
2.87626,2.73324,119.12
6.49617,2.76119,1336.42
5.48912,5.44936,785.54
4.26548,3.47654,364.404
3.84791,2.2404,269.49
5.45168,2.03028,764.303
4.25251,3.31393,358.643
5.23924,4.10954,677.789
4.45668,4.9186,416.507
3.87916,4.53626,274.781
2.56524,3.75183,89.1688
4.8131,2.71029,523.489
2.68555,4.09182,100.684
4.78947,3.44819,515.925
4.40262,2.79579,400.005
4.68813,5.72381,482.317
5.18537,4.30466,660.039
5.49455,5.05494,789.361
3.8571,4.18854,270.368
2.56574,4.29348,88.727
4.29461,3.83073,371.269
4.78163,3.04037,512.215
4.76218,3.84883,507.038
2.78322,2.52748,111.183
4.49862,3.26162,426.125
6.25974,2.65505,1186.48
4.79618,6.03765,520.073
5.07035,4.967,615.634
2.90763,4.04415,123.307
3.49248,3.45223,203.254
2.97815,4.41475,130.606
5.91272,3.88756,991.559
4.23152,5.14845,358.282
5.05886,3.13107,610.307
6.37027,4.79952,1256.52
2.65057,5.00537,95.0235
4.90616,2.85076,556.21
5.09917,3.17302,623.12
4.81957,3.94133,525.375
3.28687,5.26547,172.42
3.57879,2.72659,217.609
3.29032,3.66312,172.431
3.91252,5.31183,283.875
4.31428,4.13106,376.364
5.03862,2.55795,603.005
5.02305,3.014,597.759
4.18857,4.09479,345.86
2.9653,4.84008,128.55
5.26136,3.68203,689.717
4.60581,2.8168,456.304
4.67652,4.52587,479.974
1.04078,2.86292,15.4597
2.11686,2.27644,55.2055
5.56391,4.13724,819.033
2.59818,2.42823,91.4872
4.52237,3.59132,433.926
2.8563,4.70701,119.7
4.13718,5.44274,333.599
5.49702,2.67353,788.876
2.74142,5.73039,107.253
2.32602,2.26465,67.7957
3.02928,5.53731,137.671
4.09492,3.21522,322.468
5.26286,4.29949,687.358
5.10668,3.74689,626.515
4.14204,5.40425,334.996
3.64765,4.7455,230.054
4.25147,3.59714,359.591
3.66563,5.08681,233.979
3.38042,4.15773,186.391
4.68461,5.36873,482.053
3.56852,4.26197,216.064
3.87346,5.85614,275.234
3.70916,4.14374,239.234
6.42939,2.59397,1292.2
2.37028,2.04615,73.3127
5.62012,4.48596,846.772
3.20336,3.27159,159.736
4.81146,2.56265,523.228
6.19068,5.73586,1146.63
5.49711,3.70653,788.453
6.06803,2.79793,1076.01
3.3014,4.2574,175.252
4.81704,4.87455,523.441
2.12557,4.07796,56.4754
4.75144,5.72498,505.417
2.66014,3.21188,98.3324
3.80887,4.74326,260.673
5.23492,4.28229,677.099
5.89981,3.1083,983.84
4.59586,4.07102,453.55
5.5673,4.01467,820.013
3.57928,2.22451,218.38
4.80167,2.67772,517.355
3.67927,4.04503,237.686
4.75179,5.16689,502.507
4.25057,3.79332,358.718
4.50609,3.06407,428.448
2.87497,3.51144,120.94
4.38066,5.68829,395.771
2.97266,2.42495,129.407
3.61957,4.18196,225.449
2.10893,2.77193,53.4409
4.64627,2.90178,470.518
4.34769,3.43351,385.997
3.38857,5.63573,188.154
2.79374,4.26605,111.738
2.83834,4.30904,117.193
6.10292,3.82742,1096.54
4.09405,3.5987,321.152
2.35778,6.42832,71.3175
3.51864,2.83137,208.222
5.54501,4.28059,813.273
4.15395,4.66404,336.243
5.61725,3.94001,843.112
3.81061,4.95598,262.766
6.21621,3.72364,1159.41
4.61975,4.54168,462.506
4.05973,3.61979,314.09
2.53156,5.60878,87.1443
5.34781,2.75999,722.202
3.45451,4.78654,197.399
4.67649,4.43196,480.611
3.02389,3.28651,137.035
3.59934,3.47064,222.367
4.71242,4.96494,492.516
5.41499,3.41573,753.045
4.61663,3.95882,462.218
5.38905,4.39342,740.94
4.92223,4.66911,560.305
4.71507,4.31948,490.927
3.5189,2.20844,207.517
3.74888,0.921851,248.914
4.05474,4.52265,313.072
2.46108,2.87833,78.7311
4.42764,4.97836,408.049
3.12114,4.07205,149.295
3.2091,3.56838,161.651
4.31234,5.18767,375.511
4.17295,6.19629,341.718
3.18624,6.56001,160.297
3.36426,3.51315,181.597
3.63645,2.91014,225.8
4.64392,1.7482,468.865
3.81827,4.27253,261.91
3.01345,5.29717,136.127
1.93249,5.92702,45.4058
4.56786,2.99471,444.68
6.20034,3.82919,1153.66
2.82568,4.15085,113.728
5.3381,3.76499,720.625
3.74674,3.67201,248.597
3.94864,4.87073,288.45
5.39229,2.46962,740.543
2.85531,4.50374,118.219
2.49819,4.20943,80.6741
4.49998,4.6527,427.757
3.95847,5.82496,292.624
3.76641,3.44686,252.957
4.89517,4.67448,550.842
4.03857,3.88841,308.854
6.14597,3.80368,1119.44
4.46909,4.5181,417.81
3.3914,3.38979,189.27
3.96021,5.501,294.176
4.1103,4.89197,327.303
5.01756,2.65443,593.283
3.80315,3.87301,260.491
3.1371,3.02607,151.743
4.30268,4.32637,374.185
2.94497,2.22148,128.654
3.54763,2.98123,213.361
4.62984,4.87244,465.114
0.672125,4.28211,11.1003
4.40658,3.64165,399.317
4.93158,3.5865,563.772
5.54406,4.33526,812.028
3.34033,5.37803,181.251
1.86523,4.3721,41.5751
4.28397,4.05222,369.732
5.36331,3.43628,729.383
4.796,4.91709,517.533
5.26224,3.38629,688.312
5.51752,4.74294,797.304
5.29676,3.99629,703.341
4.00969,6.69712,304.678
3.94532,1.94551,287.372
3.70957,4.96929,242.806
5.0855,1.76904,620.547
5.11292,3.9147,630.692
3.70133,4.31495,241.733
3.47503,2.75147,198.914
4.13308,5.01393,332.028
3.48936,3.31221,206.218
4.05082,5.73264,313.975
2.34722,3.51158,69.9476
4.111,2.2213,325.904
5.50341,4.91947,791.395
4.59498,3.44613,453.376
6.02093,4.70313,1050.15
4.36268,4.32691,388.132
4.42567,3.72854,405.274
6.21805,5.39033,1163.55
4.56811,5.93846,449.022
3.97868,4.04475,295.95
4.42632,5.08224,406.908
3.1819,3.3819,158.746
3.93723,3.81253,287.256
5.00115,4.73537,591.637
5.32405,4.93562,714.128
3.43822,2.83511,192.903
4.72229,3.91765,493.495
5.03053,5.11473,599.869
3.70256,3.64077,239.547
4.75224,4.30781,503.391
4.16056,4.42735,336.619
4.41731,5.51226,405.509
6.12348,3.75285,1109.4
4.51271,3.20173,430.735
3.72528,4.1024,245.888
3.94305,3.78379,289.543
2.84329,3.7594,116.871
3.40661,5.46314,189.181
5.4275,3.51751,759.028
4.40132,4.88941,400.864
5.72369,4.85701,896.561
3.15494,3.20982,151.004
5.09456,3.34334,621.421
4.61703,3.44837,461.213
4.5397,4.37886,437.749
3.83671,4.14242,266.854
4.26245,4.95937,361.545
4.57037,4.35501,448.378
4.80114,4.50869,519.275
3.01312,2.02516,134.409
2.676,4.33812,98.3561
5.72272,6.38572,896.707
4.16441,3.18696,339.401
3.23668,4.39409,165.087
4.27044,4.17456,363.95
4.80038,4.75931,519.207
3.59777,1.64697,219.78
5.71664,3.50569,890.113
3.33465,4.93544,178.947
4.97003,5.04244,577.31
4.26063,3.33491,362.815
5.50594,2.15119,791.524
4.14393,3.38111,332.752
4.53746,5.41919,438.464
4.75353,2.83576,503.661
3.33381,4.10618,179.161
3.89447,3.05943,278.02
3.03107,2.47323,138.383
4.4618,4.75413,415.923
4.10685,3.62829,325.458
2.78796,5.30736,109.75
3.95785,4.5631,290.287
2.72872,3.42172,103.979
2.47945,3.51287,82.3676
4.92785,3.93432,562.118
3.6392,4.30731,228.419
4.28256,3.12019,366.075
3.84794,4.16975,267.724
3.98339,3.29012,295.18
5.59923,3.89741,835.691
5.56769,3.81557,822.211
3.23522,4.12002,165.985
3.9694,3.17856,293.271
5.82541,4.21517,944.381
4.42454,4.51502,405.688
4.19464,6.40266,347.49
3.71475,2.0705,242.868
2.65745,4.09379,97.4843
4.00915,3.75666,302.43
3.59827,4.91948,221.257
5.31354,5.26147,711.344
4.94458,3.72278,567.326
3.95895,4.51877,291.242
4.3879,6.51463,397.609
3.7118,4.51891,243.902
4.73587,2.55796,496.682
4.14542,3.77187,334.442
4.14606,5.41751,335.982
4.5335,5.03667,437.25
3.34645,2.41754,179.67
5.02706,3.36944,599.294
3.76851,3.45805,252.134
6.06274,2.31971,1071.44
3.53428,4.03627,211.871
5.72622,4.57222,895.542
2.9302,5.58389,125.567
3.0963,3.2597,143.345
2.58496,3.96,89.3716
5.55242,4.13092,813.546
4.26248,4.00388,363.046
4.85953,3.56344,537.998
3.90877,4.50437,280.375
4.10274,3.20409,323.036
4.59193,2.25018,453.005
5.25559,4.21214,686.176
2.42655,4.6007,75.2149
5.64578,3.90604,857.982
3.61194,3.47902,223.829
3.66819,4.24033,234.812
4.65955,3.11138,473.72
2.91234,4.87661,123.782
3.22403,3.55245,161.075
4.01432,1.63516,305.688
4.05533,3.82034,312.595
4.03589,3.59986,309.593
2.97293,4.78305,131.409
2.64322,4.43831,96.669
2.66186,4.34049,99.1909
3.03706,4.04714,137.449
5.09518,3.37535,622.978
3.57548,2.86869,217.466
3.44277,3.70094,196.884
5.78776,2.91353,926.014
4.20529,5.23799,349.423
3.42505,4.25473,192.381
4.57434,3.6923,446.849
3.53302,2.01355,209.613
4.16148,2.35506,337.731
5.83557,2.1022,952.582
3.37245,2.66104,182.751
4.38398,3.23596,395.057
4.05508,3.33979,313.295
4.83653,4.12872,531.621
3.68568,4.87699,237.851
5.06709,5.59877,613.92
5.08918,4.3032,619.843
3.36915,5.38252,184.754
3.66289,3.50763,232.994
5.07904,4.38903,616.291
3.22863,3.3251,163.249
2.83296,2.68107,113.548
3.51565,5.86561,208.026
3.13751,3.7128,150.578
4.56535,4.84253,446.202
4.08343,3.39069,320.398
2.37377,4.87657,72.0787
4.13819,3.2314,331.364
3.66814,3.87406,233.485
5.47138,4.75311,777.1
4.29108,4.75569,370.811
5.09371,3.54223,622.079
4.94981,4.81017,571.251
5.40005,3.38228,744.432
3.62201,3.42022,224.93
4.05347,4.88252,313.239
4.7141,3.9108,491.318
6.71337,5.38534,1486
4.83408,4.1592,531.255
5.6542,3.65739,861.713
3.05055,3.13433,140.392
2.73932,4.20193,106.1
4.10383,2.86657,323.978
4.30776,3.62668,374.661
7.00486,3.23242,1702.99
5.52278,4.76646,798.965
4.82853,4.59006,527.274
4.44882,3.43619,411.944
3.815,6.11707,263.655
1.50472,3.18767,25.7421
3.1383,3.93072,150.989
2.95495,4.75827,127.457
4.63222,5.04302,465.976
5.15962,3.256,647.669
3.57158,4.2113,215.496
3.93027,5.61294,286.008
2.53501,4.94488,87.0922
2.92273,4.59955,125.532
5.87683,2.87088,972.273
3.04599,4.02786,140.486
4.04294,4.60249,310.637
4.92257,3.38928,561.057
5.09136,3.89237,621.18
3.90933,3.86122,282.626
4.43531,4.04551,407.593
4.98102,3.61527,581.929
3.63678,3.51709,227.915
3.40296,3.97861,188.764
7.03,5.22373,1723.29
4.52652,4.2147,435.464
5.06872,4.50189,613.08
4.46935,3.75879,418.409
4.57458,4.49744,449.896
1.32282,4.85701,23.0274
3.65993,2.30496,233.814
5.15482,5.63009,648.345
5.54245,3.07293,808.85
3.57133,5.11088,216.839
2.40996,3.14817,76.1398
3.14665,3.8493,153.083
3.53559,2.68276,210.322
3.37535,3.30873,184.722
5.07432,4.92245,614.732
2.95313,4.30189,128.756
3.15018,3.61013,152.811
3.53114,4.6286,209.606
4.80218,3.1388,518.531
3.13041,5.281,149.258
4.45892,2.98412,415.564
4.41862,3.13642,402.594
1.90643,2.96254,42.8475
2.53521,5.03535,85.8346
4.3714,4.17681,389.533
4.69174,3.70024,485.669
4.8661,3.60995,540.571
4.45895,3.28845,413.61
3.38951,3.44784,186.221
4.51842,4.34083,431.631
3.30665,2.78496,173.55
5.17676,6.11026,657.936
3.3603,4.36354,183.733
2.86456,4.08827,119.751
4.63098,4.19967,468.283
2.54592,3.89401,86.9672
3.55252,3.90912,214.472
4.24387,4.54771,358.85
3.08177,3.35495,143.249
3.83779,4.43884,267.786
3.51897,3.8851,205.741
4.53968,3.98209,439.719
3.32959,4.02533,177.676
3.83742,4.23394,266.882
4.83067,3.98569,530.546
2.49738,4.57537,83.3533
2.21829,4.99434,63.7246
3.74049,5.5119,248.206
3.44565,4.27599,195.53
4.06153,3.3113,316.918
4.99959,4.22272,589.493
2.58775,4.73451,91.0557
3.49728,4.26363,204.027
4.57977,4.66412,449.527
4.59891,2.52737,453.995
2.44715,3.60226,79.675
4.14762,4.69202,337.278
4.1001,4.26664,323.924
4.759,5.85043,506.474
5.02918,4.03405,600.495
3.81716,3.63842,263.031
3.58353,1.82068,217.634
5.11349,3.71126,628.662
3.29596,4.21323,174.774
4.1858,2.8418,343.444
3.14171,3.41438,152.295
2.81639,4.69269,112.815
3.29687,3.18292,172.006
2.87287,4.1957,119.242
4.19205,4.37525,346.27
2.0532,2.88216,50.8248
4.11234,2.8561,327.903
4.43804,3.30028,409.006
6.0412,3.28793,1061.79
6.17743,4.61585,1138.49
4.22406,3.86643,352.299
3.70279,4.35837,242.128
2.12092,4.95193,56.6222
4.94953,4.17234,570.003
2.977,3.41758,130.763
2.72831,4.24217,104.771
3.03122,3.38871,137.024
3.44455,3.37106,195.26
4.7471,3.1098,501.075
5.41902,4.16662,755.614
3.18895,5.14759,159.29
4.43375,4.26689,407.547
4.73498,3.44277,497.616
3.26566,2.63172,168.121
4.2221,3.34093,353.307
1.48687,3.04655,27.3958
3.89744,4.41718,280.327
3.83823,3.4825,267.846
4.89918,4.40011,552.833
4.6681,3.19321,476.084
4.14255,3.63722,332.104
3.14593,4.84463,152.409
3.12662,5.22545,151.978
2.76804,5.00012,107.809
3.73957,4.43585,249.047
3.49749,3.67791,207.933
2.8236,4.68756,114.482
3.99843,3.44298,300.648
3.22025,4.36303,159.985
3.86918,6.7271,274.193
3.29494,3.50027,172.498
4.62388,2.20159,462.02
3.93852,4.79961,288.544
3.63533,3.24298,226.928
3.2764,2.28687,170.099
4.72814,2.39435,495.116
3.79829,4.77946,258.541
2.89647,4.08986,121.098
5.63949,3.18017,851.598
5.92946,3.81787,999.518
3.38486,3.63041,185.173
3.63101,5.23464,228.888
5.22748,2.94252,675.129
6.35404,4.91991,1245.93
4.84602,2.51383,533.58
3.66977,3.54531,233.704
3.35595,3.00949,181.811
3.15341,2.78073,152.087
5.66226,2.86819,863.922
5.70002,3.83055,883.6
4.72986,3.81099,497.227
5.1059,4.20989,625.248
4.1187,3.91505,327.779
4.44643,3.3075,413.506
4.50233,3.39399,428.522
3.6317,4.58434,227.931
4.87613,3.46438,546.072
3.36378,4.86787,185.393
4.32836,4.35403,380.386
4.27101,4.47879,365.473
4.89655,2.94127,550.471
3.77125,5.12142,253.997
3.14011,3.83586,153.154
2.01467,5.60616,48.3359
3.97123,2.99639,295.001
3.8581,4.27595,271.385
4.31265,3.43636,377.414
5.48769,4.33042,786.489
4.15871,3.54538,335.46
6.7939,5.29336,1543.64
4.14574,3.73939,334.838
4.65388,3.26872,472.917
6.11444,3.96586,1103.12
1.57003,4.93018,30.9922
3.98978,5.37417,299.159
3.61269,6.54583,224.579
2.61448,5.42961,93.7512
3.40163,3.40543,186.514
4.19684,2.50148,345.967
3.95267,4.91145,292.268
2.90414,4.29998,123.213
5.80922,6.09189,940.598
3.63729,4.18796,229.218
3.23468,4.08807,166.216
3.22847,3.52922,163.106
4.88386,3.51178,548.184
3.51067,3.86332,206.627
2.7596,4.73361,107.42
4.42258,3.95361,404.609
3.42443,3.31414,193.445
2.881,3.99969,120.325
2.25156,3.84985,64.518
3.5975,4.23546,222.377
4.30643,4.3012,374.983
3.8198,3.90777,263.653
4.66973,3.18781,475.85
3.48496,4.43044,201.638
3.7769,3.44275,251.885
3.31606,5.11936,176.905
4.17666,4.68809,341.9
3.6299,4.71207,225.831
2.92659,3.2508,124.104
4.60466,3.81501,457.967
2.61292,5.42644,93.1159
3.42766,4.1133,196.501
4.85321,4.55753,537.021
5.50649,2.30424,791.995
5.50427,4.30222,792.432
4.23061,4.24382,356.921
3.14146,3.73559,152.125
2.49016,4.48344,83.3084
1.78267,2.56414,37.1488
4.50571,3.87818,428.926
5.11281,4.74822,631.33
2.84564,4.08221,117.637
4.55795,3.82755,442.735
3.70998,4.61941,240.935
5.85759,5.10735,962.235
3.90806,4.09437,281.093
3.59321,3.89888,222.96
4.15623,3.39413,335.297
4.05366,5.36369,314.474
4.38782,3.34467,394.473
3.68571,3.00804,236.93
5.63449,4.47189,851.54
4.56503,3.03966,445.319
5.04298,1.05088,602.69
3.68915,6.94913,239.115
4.99104,4.3027,585.376
2.82819,2.88048,112.85
4.63559,2.52934,466.534
3.36417,3.00775,183.432
2.74388,5.46608,105.999
3.82854,3.40429,263.072
3.61142,3.86892,223.982
4.19201,3.97372,345.594
4.07425,3.26832,316.845
3.9087,3.00475,281.996
4.31678,4.21761,377.166
4.00936,2.29727,302.439
4.06695,4.44034,317.146
4.613,2.47968,460.216
3.21797,6.98518,164.004
5.13895,4.79815,639.883
4.47805,6.1218,422.1
4.82841,3.52872,530.642
3.39682,5.08263,190.444
3.93679,3.77913,287.815
2.84841,4.35042,114.845
2.6428,4.28248,96.048
4.26464,3.73006,364.302
2.55441,4.79302,88.1838
4.41237,4.20536,403.291
3.58371,2.9289,218.757
5.44731,3.77832,765.883
1.57709,2.85591,27.291
5.09366,5.94376,623.845
2.82999,3.1409,113.471
2.99262,5.76566,133.312
3.40588,3.92252,190.708
3.82805,5.14035,266.821
4.33142,3.49751,379.754
2.62676,3.8929,94.4642
3.64441,2.74733,229.497
3.93078,6.06703,287.089
2.98936,3.71702,132.663
3.21868,4.78223,164.759
4.88884,4.06472,548.819
4.4173,4.80456,404.819
1.61544,3.7449,31.3141
4.06258,5.49882,315.544
5.62861,4.05031,848.391
4.20685,5.84701,351.938
5.21517,3.87434,667.024
4.35203,4.05958,385.61
4.95158,1.97439,570.384
4.80383,4.84434,520.821
4.48848,1.83376,425.463
4.204,4.41977,348.643
2.23393,4.80237,64.9808
3.42891,3.25499,192.68
3.92317,3.50617,284.631
3.71558,4.44353,242.845
2.86033,3.73151,118.433
3.48767,3.02706,203.387
0.958424,4.61907,13.5417
3.59678,2.64728,221.629
4.91241,5.16644,558.013
3.32741,3.48906,176.187
3.02273,2.33554,137.072
3.92451,4.41273,285.928
3.7061,3.71364,241.304
3.5291,4.02795,210.131
4.12638,3.59595,326.373
4.25247,3.1507,360.53
4.46086,2.83344,416.133
2.76769,4.30895,107.693
4.6566,3.08141,474.285
5.53608,3.98008,806.33
3.54663,5.55114,213.143
5.3787,3.08193,736.071
6.05098,4.84059,1066.24
2.82574,3.05788,113.308
3.84138,5.04696,268.053
4.37141,4.98673,392.883
5.30693,4.10345,706.905
4.22866,4.75511,355.858
4.89697,5.47796,553.508
4.00423,4.5568,304.295
3.62161,1.99037,223.967
3.85646,3.61503,271.789
4.37569,4.43333,392.558
3.72467,4.86488,245.086
3.66672,3.92014,234.96
1.42093,4.02453,25.4464
2.98216,4.00569,132.914
5.55179,5.24481,813.569
3.48686,5.82406,202.942
2.4172,4.72143,75.2673
2.25274,3.29527,64.5869
2.27965,4.92617,65.9233
3.34471,4.04515,181.544
3.9221,4.41487,284.561
3.30571,4.3871,174.062
4.80971,2.98447,522.185
2.70389,4.54663,100.135
4.26059,3.48278,362.179
3.92267,4.29971,284.162
2.58798,3.98002,90.8744
2.68174,5.59171,99.715
4.2959,3.43535,371.161
5.52639,3.89537,803.29
4.642,2.50327,467.662
3.57943,3.28938,217.483
4.11397,5.47719,327.641
2.79873,4.05874,111.885
5.44133,4.66776,764.629
3.3068,4.17126,175.038
6.33681,4.30395,1235.41
3.67195,3.7731,233.704
4.13421,2.87912,330.432
4.12349,3.77098,329.177
1.09539,4.74514,17.4346
4.15258,3.08498,334.964
3.60457,3.25228,220.909
5.05811,4.84457,608.037
5.45085,2.47298,767.99
4.62908,3.72176,464.772
5.14435,4.30653,642.141
2.74384,3.26035,104.561
2.98022,3.28895,130.539
5.18144,3.15386,655.221
3.80073,3.49551,259.357
3.48765,3.4715,203.08
3.56437,5.57458,216.466
4.98792,3.79886,583.906
3.8537,4.00074,268.257
4.23882,2.86165,356.788
3.61924,5.11212,226.689
2.98065,3.27256,131.901
2.782,3.53916,108.442
3.11033,4.98508,148.149
4.78253,3.78979,513.515
4.76452,4.44496,506.779
3.33953,2.72457,177.725
6.2008,5.08153,1152.82
5.6537,2.40468,860.05
4.31095,3.36566,374.975
2.89442,3.26165,122.432
4.86547,5.25858,543
3.40013,4.11414,189.672
3.43551,2.25585,195.18
5.04493,4.6288,603.248
5.2961,5.27296,704.205
4.13073,5.29187,331.31
4.83,3.23089,529.098
2.85873,5.10596,116.494
2.93413,4.77355,127.804
3.89946,3.39122,279.695
3.58905,3.34971,221.709
4.73312,4.57828,496.837
3.70609,3.4474,241.981
6.65521,3.14137,1444.12
4.45087,3.63811,414.794
3.44783,4.8118,196.146
4.75532,5.0016,505.099
4.62945,3.44339,464.554
4.55181,4.88579,441.195
3.85285,4.90115,269.539
4.38539,4.1836,395.237
3.31064,4.74303,175.708
3.71913,7.38051,244.562
5.60775,4.67,840.7
4.3955,4.28481,398.948
4.04859,2.94633,310.989
4.16585,6.22918,339.986
6.54005,3.15298,1362.72
3.9904,3.0139,298.619
4.80857,4.59119,523.326
3.58491,2.58793,219.077
4.51789,3.29485,431.443
2.84996,3.15461,115.392
4.84332,3.37455,533.138
4.21903,4.08254,352.943
3.48452,3.95388,203.338
3.44714,4.38909,195.9
3.96469,3.78996,293.385
4.54057,3.09252,439.861
5.10568,3.43536,628.357
4.38708,3.40067,395.535
3.64091,2.71251,227.096
3.95309,3.5825,291.065
4.51435,2.90556,429.787
3.47725,5.99596,202.417
4.70921,3.21168,488.348
5.47771,5.45685,781.109
3.54688,5.2157,212.289
2.67374,3.55694,99.8506
4.97717,4.2713,580.571
4.54928,3.60461,441.328
2.82239,3.69541,114.06
3.01124,4.09664,136.129
3.84716,4.32541,268.446
3.73582,4.05137,246.359
2.40573,4.71346,76.4738
3.90521,3.64004,279.122
2.82421,5.45456,115.349
5.23788,5.83424,678.901
5.49321,4.45447,785.352
3.90407,4.43873,279.538
4.09524,3.66672,322.629
4.55111,3.52182,441.824
4.31769,4.13321,375.685
4.45871,5.30934,414.51
4.68591,4.25258,482.317
3.94993,3.4169,290.626
4.68198,4.93263,482.121
3.94582,3.18515,287.964
2.55488,3.66054,87.211
3.89365,5.53355,278.754
4.79406,4.56756,514.624
3.65603,4.63172,231.926
4.98011,2.59001,581.848
5.14233,3.28743,639.813
4.82533,5.57803,526.969
3.79054,5.16773,259.17
4.41721,1.68004,401.659
2.41642,3.9795,75.1562
4.11919,3.90949,327.777
3.97319,3.10267,294.758
3.06969,3.25948,141.857
4.20751,4.51368,349.317
4.75139,2.06997,501.015
4.37465,3.85315,391.575
5.43919,2.8582,763.155
4.51679,4.47221,431.73
5.21049,2.92284,668.531
5.77947,2.58531,923.432
5.03577,3.36543,600.237
4.06226,4.35923,316.095
3.14294,1.90472,150.447
3.36194,4.14324,181.795
2.67765,5.02597,99.3439
4.04715,2.98065,310.825
3.85676,2.62339,273.147
4.17644,5.06174,341.81
5.63083,3.15544,849.906
3.82006,4.58294,262.375
4.83992,4.08566,531.203
4.18287,3.55106,343.944
4.49387,5.82302,426.273
4.26654,3.90926,363.615
4.53809,3.81136,437.424
2.93013,3.91871,125.915
4.59345,3.78246,455.628
3.13867,3.36013,151.105
3.12468,3.63748,149.437
4.46902,3.52751,417.763
4.23177,4.03389,355.439
4.19783,3.84266,347.507
2.6839,3.35195,98.4259
5.1605,2.61252,647.787
3.33415,4.92595,179.588
5.57985,4.9825,828.2
5.97189,2.25512,1023.92
3.14277,3.18295,154.149
4.24171,5.33926,359.381
3.66018,5.49053,233.218
3.92066,3.73494,284.801
4.45699,2.79568,414.596
4.16039,2.38373,337.828
3.38536,3.81845,185.886
2.94611,3.38769,129.216
2.95088,4.74094,126.264
3.39535,6.17845,190.551
4.31876,5.5737,380.472
4.11168,3.18082,326.439
5.78201,4.41317,923.243
4.9982,3.08158,587.293
2.97929,4.66147,132.489
5.12128,4.68226,634.706
4.10969,1.25597,323.724
3.68029,5.33385,236.025
3.8614,5.39666,270.581
5.30723,3.93093,706.272
4.38471,3.76698,393.311
4.17592,4.98364,342.458
2.09328,2.75723,54.4462
4.78673,2.99858,513.754
3.44175,3.7287,197.848
3.33406,4.22308,180.152
4.83128,5.50617,530.671
4.38611,4.64175,395.712
3.90956,2.43489,281.347
4.20475,3.39298,347.678
4.25108,5.29857,361.599
5.27446,3.36367,693.376
4.04552,2.60195,310.97
4.51764,4.52417,431.975
3.29596,3.80486,173.71
3.19464,4.28361,160.194
3.45474,3.84445,197.632
4.18201,4.05366,342.087
3.5845,5.03134,220.64
3.46083,2.55694,199.354
3.21785,3.32817,160.395
3.84724,4.70851,269.087
4.89108,3.3969,551.283
3.06792,6.28224,142.805
3.08771,5.49106,144.885
3.31063,1.95201,174.996
2.47471,4.4419,81.1604
4.39472,2.89482,397.807
2.95279,3.46661,127.984
1.87847,6.93382,42.9374
4.65259,5.09698,472.123
