3
3.78017,4.13911,10.1789
4.35356,3.96244,14.4052
4.80984,4.01898,13.944
3.58643,2.33843,10.2525
3.38805,1.43754,9.52526
3.58102,3.59547,11.6773
3.37836,3.19504,8.40989
3.48109,4.83799,13.751
4.6619,3.86953,13.8602
4.35442,4.46435,13.7293
3.71299,3.11002,11.879
4.7525,3.24996,13.6379
2.69297,5.02162,9.72913
4.44016,3.47009,13.7838
4.74709,3.99919,13.3214
4.27632,3.70342,14.1251
5.21914,3.54026,15.2135
4.2588,3.28095,12.4469
6.22512,3.81449,18.7007
2.18925,3.07732,8.31653
3.49535,3.56678,11.2988
3.66452,3.53244,11.3328
4.37268,3.53421,11.8317
4.37418,5.62256,13.5924
3.24928,3.83376,12.5584
3.68935,3.32087,11.6388
4.37325,4.26644,13.2422
4.13115,2.61803,12.0471
5.01809,3.98919,15.9921
3.73656,3.2948,10.9072
3.9461,3.97725,12.1208
5.88627,4.0596,18.0051
3.24206,4.68958,10.2956
2.65513,3.77385,10.2199
5.00063,5.14008,14.5231
3.74045,2.54481,11.1915
3.93245,4.23374,13.3545
4.65828,4.28394,14.65
3.0667,3.79636,10.4243
3.89044,5.1158,11.772
2.37258,3.60134,8.58181
3.51982,2.26429,10.6766
2.84953,3.72782,11.2483
5.65276,2.10352,15.9299
3.59892,3.31583,11.5753
3.36751,3.73787,10.6531
5.61813,3.86716,15.9616
4.0303,4.04839,12.3646
4.12454,2.92949,9.27301
5.97041,5.72422,17.5301
3.24703,4.07393,9.50682
2.13929,3.26821,7.30663
3.68173,4.60522,11.8109
4.02128,3.79921,10.8716
4.73996,4.77081,15.0839
5.84479,4.8696,18.2571
3.07763,4.79245,8.90431
3.23159,2.89383,10.6119
4.46707,4.33762,13.2246
2.04034,2.36385,8.04209
3.09537,4.1229,7.82805
2.58132,3.19722,7.65307
3.63184,4.43459,10.7243
4.43014,4.66004,12.4356
2.76727,1.72579,10.7457
4.47383,2.74264,12.7703
4.49593,6.24059,13.844
2.23406,4.34413,8.25652
3.1243,4.35171,9.53559
3.08311,2.73327,8.07727
3.12538,4.6838,10.6089
3.67454,4.11695,12.3939
3.99063,3.32271,12.0517
6.20081,3.84072,18.0377
3.78942,2.13933,10.7051
5.56587,4.59781,17.474
3.80117,5.16393,11.942
4.84159,3.41915,14.1472
3.87003,3.93897,11.4515
5.28421,4.30384,16.5333
6.11597,1.8399,15.9984
3.20043,2.81899,11.7697
4.51207,2.87855,13.5841
3.81336,4.5472,11.6373
2.20566,2.4289,8.18374
4.77149,2.50186,15.6836
4.73366,2.85879,14.4419
3.05645,3.07959,9.58797
2.21537,3.44733,7.74457
4.81011,2.98226,12.8154
3.45708,5.14719,11.9474
1.48096,3.53864,8.48612
3.79796,3.76794,11.6555
4.61167,6.68149,13.8107
2.87138,2.65214,9.55666
3.55098,4.47731,12.1486
3.14084,3.46611,11.0392
4.21842,2.10287,13.0192
4.7443,5.94312,12.4966
4.98843,3.90224,14.6151
5.41226,5.03402,14.5176
2.61408,4.70833,10.044
6.29061,4.0474,19.4562
3.63158,2.83896,11.9996
2.89918,4.89458,10.9808
4.71667,5.23281,13.8189
2.61832,3.32194,10.4393
3.74172,2.93865,12.2661
4.48462,4.1395,13.5656
3.00012,3.64156,10.6173
3.37439,4.39232,9.7346
5.39247,2.40064,15.367
4.26604,2.47024,11.6107
6.25011,4.18527,16.7852
3.3109,4.58512,12.3353
3.73266,4.1308,11.8745
3.74558,3.87772,12.1016
4.04705,6.60385,14.4644
3.797,5.86529,13.3936
4.61736,3.29814,12.9829
5.40853,4.39901,16.5129
4.04108,5.5784,12.614
5.00117,2.58577,13.8553
3.69777,3.97149,10.0245
4.24459,4.03451,12.2855
2.61467,4.99391,9.77556
3.59541,3.75997,10.4464
3.98545,3.41628,11.7947
3.79827,3.99488,11.509
3.53965,2.09,12.6333
4.15111,3.637,11.9851
3.96158,4.28476,12.4508
1.89191,3.6128,7.51801
4.88645,3.55998,13.6681
4.23514,2.3754,14.7008
3.25063,3.57312,10.2944
3.95271,4.96296,12.152
4.22703,6.31301,12.2511
2.11301,2.84852,8.76037
4.79894,3.69195,14.7043
4.07372,4.83497,12.9715
4.58766,5.92506,12.8887
3.38238,4.6199,9.97467
4.22267,4.79189,13.8952
3.81936,4.1265,13.0922
2.61973,3.04697,9.75468
3.85558,3.96766,11.9493
3.53495,2.94952,11.1917
4.28058,2.34585,11.8091
5.26527,4.81909,15.5369
3.01732,3.24775,9.19001
4.67225,4.81069,13.8062
2.55209,2.74411,9.88676
2.9168,2.93089,9.52632
3.30652,4.59234,10.2152
6.25002,4.39363,14.4685
4.8236,4.0422,15.3693
7.04575,3.31407,18.9217
3.52637,2.87975,12.6964
4.61562,3.91934,13.2217
2.42864,3.57469,10.4824
3.41416,3.15097,11.3301
4.91202,6.34039,13.4562
4.44713,4.02786,13.3308
4.44888,3.92226,12.6255
5.00786,3.9934,14.2813
4.65838,5.60113,15.4161
4.00565,5.87988,13.1017
3.35598,2.12758,9.62534
4.50527,3.99358,13.2382
5.16365,2.71377,13.8607
4.15203,4.16895,11.3259
3.50667,6.0762,12.8662
4.62548,3.54545,14.2095
2.78557,3.31628,8.94189
4.33219,3.37043,12.9518
4.89856,3.5871,14.3003
4.84749,1.78877,15.0599
3.05866,3.27668,11.4381
4.43329,5.88464,15.4352
3.90571,3.93772,10.334
5.61672,5.48847,19.1466
3.1472,4.1172,10.5066
3.07505,3.22481,10.8475
4.60526,3.82353,14.7262
4.79982,4.37918,15.1363
2.84751,5.57081,9.58437
4.71073,3.92585,14.0309
3.4764,2.54421,9.83255
2.70484,3.37559,9.98339
4.13905,3.88997,11.867
4.04484,5.33533,10.8176
2.97062,5.46115,10.6867
3.35487,2.64728,10.3083
2.58926,3.75332,9.76567
2.93724,4.91909,8.7724
7.12352,3.19807,19.4878
3.87119,3.38517,11.4126
3.72935,4.67433,11.4468
5.03441,3.10934,16.4418
3.53388,4.74475,11.0683
3.30103,5.80374,10.5641
4.07629,1.24389,12.4534
2.73165,5.23073,9.22409
3.88977,4.86659,10.1544
4.17725,3.05102,12.8747
4.22734,3.22157,13.0737
4.04943,4.1551,11.535
4.09622,5.41235,13.608
5.20194,3.12445,14.5514
2.98553,3.42528,9.95289
4.29657,3.5575,13.1716
4.61029,2.0923,13.271
3.17945,4.1544,10.9074
3.48781,5.28075,11.626
2.32024,3.64394,7.06673
2.52082,4.13772,9.97519
3.13865,2.68389,9.04146
3.62022,2.74017,11.7621
3.88592,3.10208,12.14
4.35119,2.22831,11.8587
5.79343,3.55812,15.6887
2.69508,3.32959,10.1553
3.73725,3.19873,12.1933
3.66367,6.61929,12.7591
3.78441,3.9698,12.596
4.85791,6.70132,14.7938
5.04116,3.38952,15.5522
4.59887,3.87964,13.0541
2.74161,2.96498,9.6235
4.98481,4.10901,14.8609
4.71444,3.46069,13.5299
2.45192,4.34717,8.44892
3.39939,3.92736,12.0189
5.40136,5.30233,15.5995
5.12124,3.9569,15.6449
2.93372,4.03595,9.53957
4.60721,3.3897,13.7721
6.07098,2.39337,16.1934
1.77978,4.86509,10.3708
3.92544,4.62883,12.2072
2.9194,5.53263,9.73183
5.38831,1.81101,14.3552
4.17396,4.88558,13.5725
3.91301,1.55397,11.2328
5.05179,1.96321,15.0869
3.32912,2.15649,10.9572
3.41688,2.2829,8.96931
2.49942,3.14742,9.75223
3.87591,2.86603,11.8499
4.42974,4.50633,12.9767
3.57726,4.41619,12.8384
3.33315,4.38217,12.1795
4.94768,6.56619,15.1088
4.19382,2.87915,12.4672
2.71345,4.63231,11.6211
4.37459,4.6131,11.2583
5.03692,3.98691,15.1542
4.07972,2.68264,12.3628
4.03352,3.56517,12.716
4.47156,3.50488,12.5347
4.45038,4.41029,12.1689
2.51498,4.78665,8.63857
4.48545,2.94672,12.2528
3.19762,2.76278,9.67612
3.91612,4.19208,12.6787
5.56395,2.47291,16.0325
5.83412,3.62057,14.6667
4.78835,4.4671,13.8181
4.6511,3.16865,14.6465
4.40943,2.20004,12.1183
2.90304,4.94738,9.03512
4.39278,2.61846,12.1448
3.00324,3.44332,10.4416
3.2807,5.31339,12.5256
3.71406,4.11277,10.6908
3.75555,2.29641,13.6175
3.71464,4.84965,10.9252
4.65144,5.17399,14.7373
4.89522,4.52946,15.2149
6.82767,3.1398,20.1394
4.98915,2.24183,15.721
4.0478,3.10599,11.9817
4.41406,3.55075,14.9209
4.15267,4.5506,12.6726
2.67396,4.45221,9.67419
4.98359,3.52646,13.8185
4.12374,2.92312,12.2665
4.2455,3.66185,12.7772
3.08674,3.91288,10.8533
4.11933,4.09235,13.4508
3.32183,5.12778,10.7484
3.57679,4.69637,11.4282
3.98978,4.69811,14.1501
4.06194,4.5916,11.6174
4.61328,3.42591,13.9753
5.09086,4.24718,14.2296
3.0899,4.95053,10.9674
3.93227,3.58802,11.5885
4.11045,3.26273,12.7764
4.09745,3.90496,12.0879
3.42116,3.39318,11.2832
4.98768,4.42044,16.2414
3.67617,3.07078,12.8647
6.08017,5.1946,18.1989
4.1773,3.92784,14.8935
3.97578,3.47725,12.2886
2.93717,2.99225,9.83222
3.53464,5.50286,12.3366
5.42143,5.07248,17.1224
4.5436,4.71713,13.3971
3.64557,4.11691,10.808
6.31903,5.37966,18.7746
5.58208,3.59059,15.5681
4.86054,4.1853,13.9054
3.69935,2.76217,11.6619
3.54647,3.83931,10.2245
4.85354,4.61724,13.9963
3.41828,5.63147,10.627
3.60787,4.30143,12.3062
3.80717,4.79708,11.3299
4.50131,4.15023,12.9805
3.14846,4.19502,9.15992
5.77236,3.95396,17.6506
4.07771,3.51752,12.2243
3.16916,2.97354,9.07039
3.66568,4.61996,12.8009
4.63155,5.18904,14.3047
2.57891,3.50456,9.17385
4.13114,3.11311,13.3096
4.18464,4.05196,11.9051
3.10822,3.12828,10.3705
3.69509,4.09876,12.0531
3.60359,4.56201,12.5931
3.2476,3.8555,11.3009
5.44149,3.26305,15.5337
6.22369,4.37266,16.681
6.66582,1.14431,20.0378
4.11933,2.34522,13.4585
1.9708,3.24216,9.15889
4.01484,1.87104,12.1009
5.2889,3.44791,13.9255
4.60248,3.36943,12.4352
2.84414,2.4377,10.2556
4.59079,2.63128,13.7931
2.83171,4.06231,8.38788
1.65671,4.09873,7.61142
4.39282,4.76888,12.151
3.86652,4.61331,12.25
3.25316,2.87168,11.4147
5.0173,3.82986,16.2107
3.96621,3.81284,13.6417
4.73979,6.01211,14.605
3.17299,5.26399,11.698
3.65819,2.57834,13.3905
3.96891,4.49403,12.1774
4.43608,3.06914,12.3954
4.39783,4.93252,13.0831
4.87963,3.16293,14.8897
3.2061,5.79701,10.8653
5.48361,4.3981,17.4132
3.34228,0.969678,12.1301
3.78498,3.85134,12.9863
3.59116,2.69416,11.5224
4.97411,3.35806,13.389
3.62171,6.11528,12.0122
2.74673,4.64946,9.743
4.95009,4.15063,15.932
2.68055,5.2626,9.03022
5.86215,4.17278,15.3255
3.21878,3.94699,10.1655
3.52498,3.22617,11.6042
2.7172,3.19065,8.62406
3.48253,2.64587,11.5913
3.87404,5.01239,12.7853
4.0155,4.03287,11.0628
4.89543,4.37423,16.0471
3.95531,2.92233,13.787
2.42638,2.79465,8.99041
4.55528,3.72702,13.1109
3.7629,3.27857,11.7773
3.30811,4.86309,10.3779
2.65001,3.4562,11.7608
4.03191,4.0488,12.2861
2.34358,3.62314,9.27706
1.91303,3.99445,6.71348
3.91781,5.64326,12.2614
3.93906,4.26823,13.006
3.56971,4.32664,12.117
4.85129,3.84243,13.95
3.38835,2.4435,10.4658
6.12919,3.94625,19.518
3.6204,2.53424,12.1376
4.11584,1.43889,12.6451
3.96193,4.75859,10.7623
3.6547,4.35776,10.3981
3.89461,2.66921,11.8625
3.45973,4.53255,11.4975
2.96377,4.50054,10.3442
3.41018,5.80451,10.8026
4.3659,1.66222,12.0343
3.16396,1.56702,10.2588
3.49977,2.30507,10.3066
3.23023,2.73503,10.8432
4.72997,1.62273,13.0923
3.60773,5.06329,10.8326
4.43563,4.72413,13.9637
3.80548,3.9565,11.698
3.0231,4.70373,10.816
3.53463,3.73736,10.6622
3.73367,5.4259,12.7148
4.21436,3.65469,12.6641
4.19292,3.36138,14.2204
2.34999,2.35548,9.03004
1.91257,5.10742,6.78613
3.5908,3.84383,10.585
3.00066,4.81745,8.6407
5.45337,5.13522,15.262
4.65738,2.60262,11.9117
2.8745,3.81473,9.52954
4.23434,1.32974,12.4797
4.66787,2.7402,14.852
4.15131,4.54318,11.7768
2.31471,3.77323,8.08807
4.22696,3.55796,12.3227
4.39927,4.87152,14.035
3.83072,4.89316,11.8246
3.00592,2.77131,9.56493
3.1999,3.59831,10.8952
5.28126,4.81372,15.1453
4.36005,5.7445,15.3755
5.91753,2.15986,17.3391
5.35912,2.46843,15.1741
3.47694,4.59261,10.5141
3.63216,4.78844,10.5203
5.38398,3.86622,15.2259
1.60513,3.11862,7.72183
2.43814,4.43302,8.66407
4.4329,3.10051,14.6581
4.21716,3.44498,12.1094
2.86857,3.88424,9.96103
5.57774,2.47927,16.1135
3.72608,4.96118,10.1906
2.70727,4.31753,9.66651
2.88672,5.79319,11.193
5.31299,4.57346,14.6637
4.77982,4.70939,15.5348
3.48342,3.115,10.8263
5.40951,3.25697,15.5562
4.10176,4.44641,11.0228
2.80629,3.38777,10.7062
3.04446,4.31769,9.59779
5.57048,5.42179,16.2039
3.88255,3.40356,12.2618
4.23259,4.34853,13.3083
4.7597,2.54151,13.3526
4.96058,3.40188,15.2924
4.90614,3.02034,12.9727
4.41647,4.64159,16.1131
2.95114,3.7007,11.1742
2.80512,3.26655,9.20261
2.82075,3.14488,9.39901
4.23516,3.43859,12.5974
5.0381,2.954,16.0894
4.05138,1.29759,12.9065
1.41729,4.53442,7.41214
4.13371,3.8847,13.2325
3.92884,4.67141,11.2947
4.22062,1.51513,13.3676
3.5691,2.47124,10.6554
4.68832,4.74611,14.7191
4.29805,3.8457,12.1246
4.87849,3.58036,12.4568
5.09682,3.80932,14.4492
3.18739,4.75351,10.7678
4.35646,3.11533,11.6301
4.6295,3.74869,12.9811
3.16824,4.26992,10.1542
2.71508,4.03408,9.26921
4.47735,2.93103,15.137
5.49276,3.05186,16.4485
3.97019,3.29659,13.7326
3.21304,3.6851,10.0499
3.11111,3.83201,10.4497
5.34543,3.82098,14.2592
2.70218,3.6435,9.94693
3.4414,3.21879,10.3099
3.87225,3.5061,10.9795
4.6449,3.8654,13.8697
5.20052,3.0219,14.9081
4.56053,4.17138,12.9647
4.89118,4.40193,12.787
2.63394,4.84576,9.5586
4.09027,3.53286,10.932
2.47662,3.20596,9.87903
2.12715,4.34047,8.91037
3.31694,4.09602,11.0282
5.41989,4.12284,15.5184
3.55237,4.99277,11.0599
4.86277,6.16922,12.9843
4.41797,4.83037,14.1473
2.54597,4.92125,10.7805
3.47029,3.67834,10.5646
3.93362,3.40396,12.2544
4.15757,3.48507,13.4152
2.46992,5.37322,9.99669
4.3366,3.23084,12.2196
2.89326,6.32872,11.2283
3.6289,2.31707,10.7749
4.16267,3.55174,12.7691
4.57008,3.39863,12.722
4.31411,4.68172,13.5787
2.30045,4.14333,7.66596
3.66961,2.3561,10.8237
4.52695,3.42373,13.3952
4.3828,3.82481,14.6003
3.27527,4.91845,12.0258
4.19122,4.43782,12.7935
2.92761,3.5725,9.70444
4.35635,3.1487,11.0884
3.33319,4.72509,11.0153
4.2507,4.299,14.5788
5.68902,2.75476,17.6389
5.84264,3.69407,16.7702
4.63942,5.11169,12.1404
5.19974,4.86636,15.5377
4.71068,3.86781,12.2222
4.62549,5.02891,14.3771
2.62799,2.40218,9.1827
3.92153,6.12689,12.5188
4.12357,3.40697,11.3258
4.56256,4.60671,12.2726
3.15213,3.44831,11.5396
4.17754,3.15803,14.6052
2.39372,3.149,9.31226
3.80712,3.51673,12.6451
6.05638,2.89408,16.332
2.05461,3.827,6.96062
4.90304,4.7743,14.8443
6.24881,3.21652,16.7464
3.08812,3.86793,10.7963
3.04081,5.2206,9.68345
4.21785,6.22854,12.8274
4.31644,2.05725,12.2451
3.49562,4.38106,11.1587
5.64638,4.00283,16.2639
6.14224,3.35715,15.8274
2.26735,3.91487,8.46718
5.65339,4.04117,16.415
3.78269,2.7417,11.2704
3.54276,5.36396,12.4454
4.59129,4.02376,14.183
4.29146,4.03821,13.1391
4.58443,3.99668,14.5727
6.62082,4.47645,17.8208
1.02294,3.43866,6.90596
3.48525,3.36974,13.1087
5.64224,4.54353,18.3024
3.74121,6.43647,13.9041
4.37897,5.49313,12.0918
2.61192,3.19712,7.22962
3.78963,4.61086,12.0813
3.44394,5.09701,11.785
2.85006,1.4287,10.655
4.17519,5.48974,11.8451
4.58871,4.26809,13.6727
4.50476,4.25636,12.314
4.36504,5.27979,14.3576
5.58617,4.09749,16.3968
2.508,5.27703,9.49208
3.66721,2.64533,11.1183
4.46094,3.18759,12.6389
2.06872,3.99732,7.86535
1.98467,3.61463,7.01899
2.78586,4.62319,8.74633
3.87132,3.24514,12.2288
4.79603,3.078,14.4754
4.06182,4.57151,12.9694
4.42493,3.37087,10.3647
4.7624,4.50011,15.2269
4.2496,3.91673,13.9117
2.44852,3.89453,10.0251
4.61194,4.07209,15.8906
4.66952,4.31007,13.6901
4.18078,2.98507,10.9835
3.15958,4.17875,10.0366
2.54233,3.27768,10.1336
4.40645,4.74182,14.7074
3.73384,5.00936,10.4571
4.18264,4.67267,12.1904
4.26648,5.92616,13.7494
4.86476,2.82824,14.8915
4.44844,4.21408,14.4684
5.22022,3.32755,14.1446
3.52257,5.22438,12.6959
3.95361,1.80163,12.2957
2.15599,4.62348,11.5024
6.66413,3.40493,16.3366
4.9768,4.61825,13.5375
4.50984,4.89751,14.8249
4.67503,4.27662,12.525
3.73293,4.49963,12.3648
3.95846,2.36401,12.8657
4.50372,3.15677,13.2089
5.26584,5.05387,14.8545
3.67731,4.55341,10.8665
4.35124,3.86483,11.0695
3.28706,4.16431,11.8547
4.91936,4.19169,14.4906
3.31312,3.76535,12.2352
5.17989,3.91531,15.1593
3.2542,3.07523,10.7437
4.88441,1.58427,13.118
2.85897,4.48665,11.4894
3.8526,4.98023,11.115
4.48114,3.73002,12.1672
3.19437,4.41312,9.69364
4.60072,4.30456,15.1066
3.57026,2.99524,11.136
2.11349,5.87457,10.0018
4.04769,5.00225,10.2627
3.70876,4.78613,11.298
3.49484,2.60901,12.5885
3.80802,5.34172,12.0686
3.49185,3.74867,11.6833
1.60458,4.87688,9.26919
3.09343,4.61932,10.822
5.85394,3.30893,18.3416
4.90029,4.84251,15.3098
5.33263,5.44188,15.3018
3.08875,3.32291,11.0721
3.93356,5.06664,10.6131
3.29255,3.8796,9.90235
4.93948,2.87613,13.1085
4.38754,4.17027,14.0532
3.47936,3.75702,10.1296
3.39979,1.61608,11.1287
3.61195,3.45161,10.9964
4.79134,4.62557,16.0275
2.9001,2.24761,9.63482
3.39728,5.49642,12.812
5.19361,3.28509,16.0469
3.62907,3.71079,10.9899
3.72446,3.01381,11.0202
3.80119,3.64673,12.8262
4.86717,3.45517,14.0144
4.64027,3.90997,12.8644
3.51096,5.87428,9.89668
4.80069,3.25152,12.2313
2.84138,2.65865,10.1014
2.433,3.96077,9.94189
5.42436,5.02815,16.1012
5.52268,4.92333,16.8552
2.73021,5.09956,9.54872
4.28492,3.55169,13.4947
3.51334,3.84994,13.3329
4.17263,4.68812,15.2364
3.00646,3.10663,8.00012
5.69991,5.33203,16.3133
5.70539,1.39142,15.7739
5.4038,3.39655,14.6093
2.44986,5.8567,10.0826
3.65801,3.5552,12.2189
4.81691,2.22875,13.8799
6.6413,4.75191,19.0147
5.24556,3.89179,15.4536
4.11316,5.42124,13.6007
1.57659,4.13582,8.30799
2.30278,5.08629,6.80357
2.60286,4.27974,10.0252
4.9176,3.26201,14.5983
2.86652,2.993,9.27508
3.27237,4.45783,11.9087
3.91101,5.44344,14.2748
2.7474,4.74,9.51582
5.00501,4.60163,15.6672
4.07881,2.97388,12.6977
6.54365,3.79217,18.0562
3.46679,4.37819,11.1391
3.35792,2.57885,10.6756
4.96746,3.74958,14.5697
6.50158,4.42769,17.7267
2.26934,3.74017,7.16667
4.88976,2.76548,13.7867
2.19282,2.99462,9.33319
3.26254,3.37527,10.0222
4.03854,3.62115,11.2956
4.74094,3.94983,13.2028
3.65847,3.57359,12.4866
4.70907,5.0429,14.565
5.75458,5.14874,16.6684
4.47596,3.31137,12.6259
2.02262,4.99867,7.76956
3.45677,4.29856,11.846
3.8612,3.26394,11.251
3.99764,4.06233,12.8541
4.24613,4.08585,15.0891
6.10739,2.82902,17.3827
2.76109,2.34132,9.77565
4.13304,3.67447,14.1447
5.48255,5.64416,16.6091
4.47668,4.10879,13.0224
4.0193,4.3101,11.0457
4.83399,3.12164,13.6566
3.07117,3.18525,9.18465
4.13893,2.99311,11.187
3.84231,4.97877,12.8926
3.87703,4.59702,11.3033
3.07441,4.60486,10.8382
4.49943,4.78588,12.5659
3.52675,3.30731,10.7985
4.99616,3.42037,16.6437
4.18175,4.59227,14.423
3.85469,2.35326,11.258
2.87781,3.90052,10.1158
3.72049,4.69219,10.988
4.52136,5.16299,12.4629
3.17304,3.93406,10.7223
4.59228,3.83122,15.0856
4.50903,3.93555,12.7335
5.18817,4.84421,14.4998
5.14739,2.95767,15.7441
3.17887,3.25775,10.59
4.20648,4.31429,12.5383
3.3125,2.44672,8.48545
4.6737,4.81717,13.3488
5.23453,4.47973,15.6533
3.92314,3.68744,11.5114
2.52492,4.32606,10.0256
1.39039,4.75529,6.80564
2.52324,3.48925,8.41815
4.26502,3.24717,12.0684
3.44946,5.01353,10.5841
3.227,6.555,10.551
2.94428,5.05931,12.5281
4.81321,3.88376,12.9968
4.92466,4.90288,13.3872
6.17084,3.36098,17.4408
3.65362,2.97864,10.6783
4.12974,3.86253,11.805
2.61638,4.35748,7.85318
3.43072,4.8912,10.8868
5.13169,2.86918,16.7347
4.07968,2.70634,10.9187
4.3771,4.36103,13.7059
4.8983,3.88303,13.7884
4.42717,4.46105,12.6123
4.60674,4.7817,14.2889
3.46081,2.39441,11.4756
3.69172,2.67457,11.8504
4.6732,3.24432,14.7538
3.60194,4.73253,11.8454
2.87178,3.14851,10.1797
4.89257,1.82657,13.7004
3.79057,4.29581,11.1063
4.53599,2.86126,12.307
1.60923,5.28534,6.58025
3.67858,3.48228,13.4498
3.47401,2.01862,10.0118
4.78806,4.25972,13.9209
4.01525,4.07478,13.623
5.27201,3.94026,15.8743
4.46128,3.52793,14.2562
5.79686,5.15926,17.4879
5.52124,4.45849,16.9728
4.13134,4.50658,13.2989
3.6529,4.39923,10.5105
3.32265,3.65789,11.3371
3.19635,5.00844,10.8329
5.57871,4.02547,17.3417
4.85133,3.26993,15.7192
2.7687,4.62738,9.75574
2.33619,5.07887,8.37641
3.87209,4.18603,11.4471
3.47015,6.2208,11.8985
5.75945,4.71768,16.344
2.98163,4.82851,10.5555
3.21023,4.27908,12.5305
3.31146,2.88675,10.9179
5.37465,3.26921,15.1932
4.41913,2.40203,13.8681
3.30034,3.13493,10.2513
3.02799,3.45282,9.69174
2.83546,2.31446,8.06929
2.2493,4.85869,8.70587
2.7352,3.50194,9.31563
4.09284,4.48207,13.4904
3.54336,3.63068,10.7066
5.99506,3.47927,15.6228
3.18217,3.56672,9.12592
3.32423,3.69213,10.1939
3.52277,4.80873,11.3533
4.25032,5.03138,14.2752
4.15659,3.18747,13.6821
4.10886,4.54907,11.1462
2.13486,4.17893,9.18603
3.49951,4.54902,11.5552
4.27526,3.59476,13.5614
6.58646,4.28748,18.6515
2.39446,4.09591,9.91751
3.91269,3.45397,12.5142
3.45798,3.72263,11.5547
3.35823,5.12722,10.9957
4.69247,4.15577,13.3381
3.66758,4.41605,13.0125
3.03323,3.17161,9.94249
2.62335,2.73057,9.10031
5.02072,6.56376,16.291
3.80081,2.30418,11.2685
4.05609,4.04727,13.3659
4.00981,4.0233,12.6673
4.94087,3.14858,14.2643
2.96414,2.36459,8.67146
6.38354,5.45036,18.5165
2.7668,5.17393,9.75729
3.3327,4.82089,9.85837
5.20373,4.05172,15.6532
3.78764,3.60935,12.0423
4.81453,3.6175,12.427
4.18943,5.5621,13.487
3.59579,3.79176,11.3387
5.33827,5.74406,15.3008
3.46541,4.34869,9.45935
4.40123,3.3726,12.4581
3.36342,3.95315,11.1016
3.18165,5.13177,12.0162
3.15183,2.64552,10.5594
3.33068,3.00642,11.3805
4.22715,3.7012,11.1506
4.43308,2.7398,12.7894
3.91903,3.63218,13.3352
4.36269,4.80598,14.0239
4.30374,3.98221,12.9606
4.28229,4.5393,12.4687
4.13983,4.51504,12.7352
4.22441,2.77269,13.0711
4.29391,4.78201,13.258
4.25272,2.98955,14.1213
4.72903,3.22065,14.82
5.18002,5.97189,17.5732
3.81261,3.76914,11.3031
3.98316,4.60545,13.2383
3.93764,4.56641,10.6803
4.35118,4.55023,12.2248
3.14468,4.06899,10.986
4.48004,5.07919,13.4964
6.03733,4.59939,18.7178
4.92418,5.46444,13.0848
6.01337,4.23877,16.8342
4.41704,5.52939,13.4076
4.21032,3.85025,14.0295
5.26584,4.88568,16.722
3.35478,4.97181,11.7656
5.41255,3.75867,15.3617
3.94803,3.77401,13.0151
3.58055,3.90347,12.0675
3.18099,2.56979,11.2981
4.48662,4.18714,14.6115
4.4735,5.39553,13.9922
4.03104,4.37466,12.3157
3.69946,4.02279,12.8173
3.61268,3.59728,11.7026
3.62613,4.30396,11.9811
4.88185,5.00551,14.1201
2.27781,3.91021,7.66628
4.1796,2.05677,13.1763
5.87551,4.10311,17.6389
3.78074,3.64172,14.539
3.88086,3.90354,11.9029
4.46866,4.52885,12.397
3.91935,3.40225,10.8409
2.76326,2.66993,8.39905
4.15118,2.48147,12.1233
4.25122,2.34635,10.471
4.00791,4.827,12.542
4.4392,5.96515,13.4309
4.2048,4.83991,13.7915
2.69771,3.54185,9.42516
5.4528,4.72512,15.3345
4.67526,5.45696,14.3661
4.59253,4.02149,12.5185
5.25411,5.09813,15.9444
3.49126,3.86085,11.8159
4.88502,5.30549,13.2504
3.69738,2.70353,11.7553
4.97292,5.28692,12.7733
4.20246,3.69349,12.6705
3.46073,5.80207,12.134
2.95097,4.0428,10.7058
3.40635,4.06368,10.9151
2.71442,3.84066,10.9678
3.04606,5.15114,11.2728
3.96681,3.54852,12.2442
4.67617,3.84388,14.4723
3.06448,3.06517,10.205
2.70392,4.76754,8.24359
3.88889,4.60412,12.3277
4.41108,3.60571,11.748
4.14951,6.01121,13.6828
3.09926,1.85825,9.32771
5.3665,2.67147,13.5701
4.12064,6.00097,13.2262
6.16318,6.01739,17.5328
4.15863,3.54019,11.237
6.30119,2.89892,17.9567
3.63261,4.67303,11.5663
4.08916,3.42478,11.4171
4.90123,3.46619,13.9842
3.66473,3.31119,11.2574
3.70431,4.90021,12.4074
3.68297,5.24122,10.9833
3.81814,3.77245,11.3038
3.65604,2.38212,11.2812
5.18622,3.84875,15.3226
3.8238,4.005,12.324
3.27194,3.90362,10.3581
2.49982,4.37168,9.34753
3.66185,3.70571,12.4309
5.67621,2.52273,16.478
3.57287,4.10564,10.6662
4.01407,3.51051,13.6758
4.88694,4.81658,14.5627
3.46763,3.32888,11.064
4.05716,2.65479,12.4148
4.3325,5.67563,13.8093
3.98543,3.36526,12.4615
4.61647,6.59813,13.3443
4.81043,5.01872,14.4226
4.91281,4.05914,14.9111
3.56461,4.53293,11.0927
3.66221,4.70943,10.1739
3.5123,3.29187,12.1172
4.26692,3.27696,12.4546
3.29862,3.7026,11.9488
2.54736,3.98077,9.39666
3.3901,4.28955,10.3219
3.45367,3.34384,11.4331
4.43632,3.41609,14.6646
4.5209,5.35686,14.5884
3.13279,3.90357,11.3942
3.49021,4.33839,11.5554
4.54693,4.89492,13.9701
4.62347,2.67629,13.5862
3.65174,2.31973,10.9376
5.84556,5.14351,16.5954
2.97183,5.3722,9.66306
1.84533,5.44272,8.1908
3.39234,4.57992,9.26448
3.6442,4.84499,11.6577
4.63425,4.04469,11.7831
3.94283,3.72036,10.897
4.15737,5.40871,11.2615
4.26324,4.13033,13.1103
3.70226,5.16986,11.2759
3.42066,3.71063,10.9052
3.56473,3.77596,11.1879
1.90346,4.35604,6.65581
3.32892,3.82193,12.0943
4.67829,3.9664,16.502
4.38493,3.45967,13.3237
5.16369,3.2152,13.0063
1.8632,4.73128,8.35466
4.37946,2.38151,11.6915
4.1359,3.53791,13.1105
5.2996,2.76963,13.7441
4.7052,5.38253,13.9534
3.03075,3.59568,10.1281
5.62499,2.87192,16.8765
3.65261,5.17162,11.0573
3.41406,6.10768,12.0884
3.95542,2.26943,12.465
3.94041,5.23748,12.1068
4.05502,3.64496,13.2861
3.84085,4.07604,13.3426
4.24614,3.81105,12.5907
4.22649,2.15596,13.2578
4.07524,2.356,11.6934
6.17726,3.7177,17.5706
4.56453,5.66473,13.6792
4.22789,6.65472,14.4569
2.37766,5.50183,9.07848
5.14844,3.83832,14.479
3.62542,3.16305,11.8804
5.28816,4.0967,14.9488
3.99681,0.933193,11.5554
4.69953,4.15819,12.2336
3.79182,2.84084,13.7062
3.62249,4.92876,12.1272
3.55597,5.75604,11.2847
2.9582,5.19019,9.41708
2.98507,5.53998,9.8103
2.26514,2.55341,7.98353
4.62642,4.66861,15.5906
3.42437,3.22761,11.6452
4.51135,5.15298,13.3655
3.97866,2.92202,11.4994
6.55656,2.80407,18.711
4.62061,4.07521,13.907
4.40167,4.47345,13.8005
3.67044,4.09525,12.4627
