3
4.35754,3.49303,1817.44
4.87282,3.68002,2733.46
3.47645,2.25473,500.234
3.40977,3.96587,1613.73
4.76046,3.00043,2018.29
3.9398,3.07096,1110.74
4.43842,5.28275,5350.2
2.51018,3.77903,1136.76
4.63692,3.22782,1970.25
4.28081,3.26173,1548.94
4.41432,6.32382,10151.5
4.38876,2.22471,1217.81
3.25557,4.49904,2417.75
4.10164,3.83622,1906.68
3.78644,4.86749,3519.47
4.52237,3.13303,1751.15
4.31672,6.17687,9174.56
3.56725,4.90653,3491.13
3.9777,3.56137,1511.23
2.4951,4.60807,2457.74
4.79729,4.53715,3886.1
4.41783,4.08989,2574.8
3.74824,5.14398,4274.29
3.325,4.77521,3050.34
3.5851,4.74833,3108.37
4.81073,3.41181,2380.31
2.50356,4.79662,2888.95
2.77588,3.81956,1230.78
4.7051,3.77034,2556.38
4.46659,4.03864,2560.84
4.43802,2.78467,1458.8
2.51269,4.54862,2336.68
4.90824,3.79789,2925.38
3.91254,3.52342,1425.43
4.20575,5.18128,4760.31
4.74952,4.59811,3934.46
5.49903,4.1752,4770.46
3.58015,4.41581,2404.95
3.99941,4.26778,2428.05
3.11053,4.7773,2975.35
5.50852,2.59501,3454.87
3.99193,4.70802,3289.5
5.50954,3.85044,4353.99
3.67381,5.12816,4177.93
3.25134,3.91607,1482.84
4.48362,2.88744,1561.56
4.66413,3.69888,2416.36
4.37898,3.91317,2286.66
4.71214,5.31063,5821.12
5.04583,2.93412,2496.01
4.64737,3.8476,2557.15
4.79938,4.63518,4096.36
2.70169,2.19967,243.713
4.05146,3.57246,1582.21
2.16437,4.12362,1551.21
4.52222,4.97502,4518.6
4.25708,2.74678,1235.55
4.01507,3.58779,1565.52
2.78552,4.75068,2827.16
2.89829,3.5154,946.229
4.85214,3.59846,2615.19
3.68091,3.04733,919.206
3.43289,4.17551,1921.57
4.2221,4.85486,3852.36
4.43768,3.30293,1758
3.24825,7.72083,21718.1
3.30549,3.26142,871.461
4.03756,3.6941,1690.56
3.5423,4.17463,1975.2
5.15265,3.58141,3183.01
3.87797,5.17816,4470.53
2.43944,3.48081,831.09
4.36289,3.02564,1488.99
3.07349,2.77535,515.945
6.32092,4.66938,8732.85
3.85089,4.83092,3473.73
4.40224,3.75439,2128.83
3.69587,5.15533,4274.67
4.03846,2.6909,1005.07
3.36721,3.69472,1274.08
4.22871,4.05233,2308.23
5.25633,6.09272,10272.7
6.38324,4.12216,8026.76
2.26375,3.27901,651.936
3.55106,3.32474,1029.55
4.96483,4.65681,4435.89
2.09898,2.76928,348.683
4.1172,4.5466,3045.69
2.92305,5.56691,5408.96
1.43258,2.73646,310.563
3.5804,4.93917,3584.4
4.19347,3.5344,1679.08
3.94943,3.30791,1276.79
3.51196,5.18087,4252.96
3.08948,4.19113,1816.86
3.08197,4.74145,2880.61
2.86262,4.12873,1659.9
4.18053,4.6315,3287.99
3.13906,3.94085,1475.32
3.49326,2.81543,697.518
5.52873,3.97389,4565.21
3.19721,4.59318,2589.06
4.65228,3.83507,2550.31
5.59572,2.70053,3747.75
3.87011,5.34372,5009.26
4.72063,4.52057,3727.11
2.95211,4.92019,3289.24
2.41615,4.00469,1404.97
4.47789,2.90681,1563.51
3.96149,3.7024,1637.67
5.27927,3.39983,3311.33
5.34336,3.8426,3906.87
4.43814,3.53167,1947.48
3.29816,3.09577,758.476
1.58046,3.22714,579.656
3.66143,3.64255,1368.5
5.97144,3.70342,5708.3
6.30952,3.15886,6685.54
4.42267,3.31712,1751.04
3.52669,5.27284,4557.69
1.81056,4.22848,1693.2
4.59342,3.90189,2547.2
2.76914,4.38058,2055.51
2.32883,4.56643,2350.79
6.12246,3.62089,6226.87
4.80652,2.93912,2061.96
2.53695,4.37879,2012.2
2.9075,3.0552,613.157
3.701,3.26252,1070.95
3.58307,4.47466,2518.97
6.07896,4.91701,8271.02
4.11002,4.66888,3301.39
3.99825,3.23684,1263.93
3.65145,3.40874,1150.21
6.97645,3.54933,10823.6
3.6257,2.88925,803.113
5.23749,4.24632,4218.71
3.20074,4.08681,1695.3
4.55741,3.35792,1953.05
5.1593,3.0783,2814.58
2.89147,6.37418,9507.19
4.8732,4.22713,3448.88
4.47962,2.2373,1330.84
3.89933,3.47258,1369.02
2.33534,5.8293,6442.82
2.70018,1.79204,173.643
5.34701,4.10846,4268.09
3.88782,2.86621,963.387
3.04746,3.21299,748.796
3.64176,4.0422,1835.09
5.78025,2.48745,4255.52
5.46119,3.46648,3832.46
6.03444,3.37556,5652.31
3.24248,4.77086,3006.98
4.391,3.13251,1585.23
5.14676,4.23724,4001.73
4.67473,3.69182,2424.8
3.73569,3.375,1176.56
4.97241,3.39903,2657.37
4.16356,3.33238,1481.19
3.4685,5.16442,4182.15
4.75185,3.79342,2655.89
2.15838,3.70565,1019.83
3.48041,3.12664,857.62
3.60916,5.69184,6195.36
3.97585,3.74185,1692.21
4.32248,4.35268,2884.92
4.09031,4.25875,2490.79
4.95645,5.59983,7317.99
3.29815,4.5783,2593.48
4.64589,2.96652,1825.01
3.20582,5.12363,3947.06
1.91081,3.7052,1003.68
4.83834,4.65636,4208.93
4.00678,2.74397,1001.22
5.24842,3.60116,3417.22
5.05057,3.90954,3330.18
3.17386,5.13293,3963.01
3.63691,3.39083,1128.48
5.44452,5.62189,8509.07
4.94729,2.57293,2152.39
4.33808,4.60721,3398.73
4.13849,4.97062,4076.8
4.91218,3.82229,2963.2
4.50937,2.92105,1612.93
3.65429,3.9542,1722.09
5.2469,4.32636,4377.01
3.46344,4.77193,3101.36
3.60906,3.60244,1299.38
4.73137,3.90045,2750.53
4.44559,3.80767,2241.04
3.652,3.5729,1295.22
4.70984,3.36909,2183.56
1.76499,4.8758,3028.78
3.10531,2.69176,490.185
2.76934,4.32358,1953.99
2.88051,2.69782,430.929
3.01664,4.33981,2043.02
2.71524,5.47314,5000.86
4.58047,4.27601,3073.64
2.02521,3.73117,1036.68
5.1178,4.3408,4112.93
6.58339,4.5222,9765.42
3.14041,5.49254,5181.22
3.96297,5.1643,4489.89
3.55485,3.33218,1037.56
4.40039,4.96407,4335.5
4.62929,3.87503,2564.86
2.10576,4.6395,2486.94
2.83974,3.28997,749.547
3.05974,2.32946,359.112
4.09196,3.69948,1745.07
3.97404,4.35224,2551.9
3.13709,4.89386,3276.11
3.58003,4.02779,1780.07
4.3662,4.21923,2708.78
5.13772,3.67544,3245.64
3.5936,3.73824,1431.38
2.89919,1.52665,189.66
3.5195,4.76304,3107.24
3.35946,4.90035,3376.76
5.97828,5.00013,8100.95
4.47036,4.14105,2713.8
2.68986,3.87429,1280.58
4.73021,3.77909,2604.02
3.92986,3.91117,1853.97
4.60883,3.17364,1892.94
3.02129,4.97234,3450.36
5.52041,4.45883,5319.73
3.21407,4.48733,2377.85
5.21987,3.80909,3571.13
4.5918,4.79741,4152.63
4.34982,4.37541,2956.35
6.07291,4.50038,7291.27
2.79333,5.02204,3534.91
4.36948,5.01612,4444.29
3.85093,2.86911,936.967
4.97699,5.06737,5506.63
3.14676,3.51702,1018.39
5.63368,3.37508,4248.61
4.19736,4.48302,2996.74
3.38595,2.69299,595.863
4.14419,3.35113,1478.26
4.81859,4.07568,3125.51
4.52025,4.64168,3694.11
4.48972,3.61487,2090.37
5.79231,3.94598,5345.95
5.2789,3.0697,3082.2
3.79086,3.52038,1333.64
4.45878,5.10278,4803
1.9555,1.84478,97.9926
2.93767,3.34015,809.849
3.35009,3.41685,1008.58
5.05089,3.53834,2930.67
4.04348,2.97741,1143.44
4.60596,5.18906,5265.69
3.69409,2.98846,892.57
3.47616,5.17494,4216.43
6.0225,3.5259,5733.94
2.06994,2.72898,329.565
2.65803,4.1215,1608.48
1.22905,3.71084,992.351
4.46889,2.05354,1279.36
3.70653,4.9332,3640.98
4.12503,3.36301,1468
4.51397,3.59108,2100.09
3.83131,1.85387,634.987
3.37546,3.38505,993.327
2.96067,4.61332,2560.08
3.75586,2.74814,817.751
3.71528,6.08786,8172.44
4.26202,3.65749,1866.47
3.45877,4.49757,2501.68
4.08,3.90923,1976.32
5.70442,3.44376,4526.83
3.9982,4.25325,2401.56
4.75821,4.70682,4189.27
6.20182,4.55737,7948.59
2.81474,3.83668,1258.26
4.13422,2.94098,1206.54
4.48487,4.81478,4052.64
2.8153,4.81088,2978.75
4.15039,5.53522,5952.22
3.08066,4.12075,1707.77
4.26703,1.85928,1015.77
3.86628,3.59098,1453.25
3.39029,5.8569,6830.43
4.85618,3.27867,2356.9
2.44629,5.3428,4484.76
3.23998,3.30795,879.85
4.82607,3.30877,2324.64
3.51643,3.46038,1121.94
3.92173,3.00461,1058.43
4.42177,4.3267,2955.38
2.50295,5.13311,3807.71
2.91367,4.27512,1904.7
4.41013,4.11055,2594.41
5.04802,3.50892,2896.92
4.22672,5.83273,7304.33
4.14369,3.88176,1999.74
3.03101,3.0638,650.086
4.87951,3.86967,2958.75
2.83459,5.31726,4465.56
4.85833,4.05347,3161.4
3.95407,4.02494,2022.72
5.28896,5.87444,9238.76
4.02228,5.96415,7749.09
3.714,5.76145,6560.85
2.42645,4.56149,2352.82
3.95705,3.72558,1659.54
4.52682,5.23626,5309.04
2.64037,4.47828,2216.46
3.42351,2.52652,552.92
5.07241,3.61854,3048.89
5.23863,1.31279,2544.4
3.73908,2.56471,734.825
5.79521,3.98794,5411.25
3.72861,4.75465,3206.45
4.98141,3.20875,2533.94
2.65655,3.41532,810.328
2.81614,4.1397,1665.32
2.27566,2.81257,382.831
3.65827,3.80818,1545.12
4.71701,3.33391,2167.19
3.35299,2.8764,659.892
4.92094,4.05325,3275.68
6.05359,3.28655,5661.1
3.81657,3.35891,1216.68
3.62773,3.92278,1668.04
3.67184,5.5084,5484.36
5.52443,5.19459,7179.48
3.23055,4.72787,2901.15
1.90045,4.20468,1659.15
3.29563,4.24277,1972.54
4.23537,2.48094,1116.06
3.70405,5.30093,4752.32
5.69281,5.19501,7683.69
3.74627,3.07837,977.994
3.81462,3.38009,1232.16
4.06152,2.75351,1051.29
3.88498,5.38028,5149.71
5.00965,4.47745,4148.02
6.0545,2.86947,5413.68
3.78449,4.29264,2309.94
1.46832,5.44812,4806.89
3.26652,2.58448,504.409
4.27408,3.88896,2139.23
4.27607,4.25378,2664.93
4.52568,3.68976,2211.86
4.23704,3.24861,1493.03
3.60475,3.88939,1613.25
3.61132,3.45229,1164.06
3.66021,4.05592,1865.77
4.59644,3.14354,1857.73
3.643,3.33054,1085.96
5.70743,4.19932,5428.79
5.7696,4.62311,6423.6
4.863,5.63533,7293.8
4.57073,4.91668,4427.7
2.49688,4.48659,2211.34
4.51459,3.79374,2312.79
4.60178,2.35245,1522.68
4.147,2.69178,1105.43
4.48373,3.52749,1998.44
4.51291,2.96094,1637.16
4.28622,4.01552,2318.12
3.13172,3.59876,1089.98
4.2185,3.05746,1351.92
3.66766,3.19437,1002.66
5.67138,3.61762,4580.57
4.20059,3.78636,1942.96
5.11139,4.25884,3962.48
4.48625,2.75725,1506.87
4.58775,4.27408,3080.95
3.59276,4.44558,2468.08
5.67116,3.77619,4746.49
4.16234,3.94786,2100.53
2.46852,3.33685,719.435
4.79473,2.45177,1846.52
3.43061,6.2939,9194.18
4.58892,3.19064,1876.27
4.23246,3.19649,1452.1
5.48698,3.98271,4458.57
6.02943,5.07104,8502.56
4.46243,3.95859,2448.11
4.62283,2.59335,1628.43
3.81003,3.48292,1315.47
2.83804,4.46231,2222.95
5.85268,5.20302,8244.26
4.5414,5.23339,5319.84
2.88932,5.63083,5661.36
2.74839,4.11572,1615.84
3.0564,3.6063,1073.96
4.51371,3.78659,2303.76
3.87746,4.16031,2162.09
4.22103,4.11323,2388.64
4.00627,4.35445,2583.79
4.70175,4.16491,3072.64
2.94567,6.01074,7440.3
3.50256,3.74601,1390.49
3.04698,3.529,996.218
5.50874,5.65295,8814.53
4.35912,3.57773,1895.09
5.64119,4.60899,5982.44
3.32238,2.83537,628.789
3.67712,5.98274,7595.4
5.80668,4.76196,6864.1
3.91894,4.14145,2163.8
4.67899,5.31558,5787.94
3.02861,4.73339,2848.31
3.13418,4.62452,2634.33
2.88572,5.85312,6647.02
6.03115,4.87142,7960.49
5.62957,6.79435,15878.3
2.99425,2.99036,596.083
4.95068,3.59126,2786.11
3.0059,2.77891,495.138
2.01596,5.55939,5252.7
3.57563,2.46214,608.688
6.00972,4.10007,6352.63
7.29758,2.89853,12793.4
5.61522,3.65346,4444.33
5.00492,3.46453,2774.96
4.08835,2.41804,957.248
5.14314,4.56221,4593.16
5.09597,2.94661,2604.83
3.96551,3.5143,1456.33
3.51095,3.16944,899.8
3.39963,4.13053,1839.87
4.37756,5.97041,8136.14
3.48786,4.45626,2434.82
4.90203,3.84439,2968.89
3.81608,2.44455,746.937
3.88497,3.9105,1818.56
3.46087,5.01248,3728.99
5.47623,3.73779,4132.72
3.60424,4.18167,2020.08
4.67979,4.89833,4535.34
2.92127,4.92039,3284.67
4.01165,1.87946,777.52
3.44756,2.67958,619.299
2.67089,5.61509,5551.26
6.53439,2.6291,7553.46
5.53428,4.42019,5288
5.44268,4.27381,4775.19
4.18262,3.66786,1796.71
3.84718,2.30728,733.339
4.60822,3.95093,2631.78
3.27077,3.10901,755.752
3.51295,2.86595,730.594
5.20386,3.83099,3561.23
3.87825,4.10092,2074.66
2.35861,5.28887,4291.15
5.67772,5.6131,9149.75
1.84384,4.02732,1391.04
3.51072,4.31142,2183
3.54287,3.4391,1116.18
5.35265,4.20528,4430.95
3.73482,2.87867,864.116
3.54164,4.64653,2851.92
4.9416,3.16529,2430.44
4.03827,4.72575,3368.99
4.0302,3.21757,1278.46
5.79779,3.3728,4778.28
3.72943,1.56844,536.372
3.16357,4.08679,1685.46
3.86429,4.54065,2827.46
3.69167,3.65628,1403.58
3.14609,4.48867,2359.59
3.32978,3.0427,740.545
3.83683,3.77684,1624.05
4.12131,4.61685,3197.59
4.07851,4.57266,3067.17
4.40259,6.06607,8662.74
2.92386,3.48474,924.598
3.13894,2.35247,390.855
3.67892,4.8164,3325.02
5.8243,5.10764,7850.75
4.03434,4.44056,2766.91
5.6563,3.15173,4162.44
2.51843,4.09617,1549.11
3.5226,2.69038,659.662
3.56213,5.29026,4634.72
3.09828,4.72513,2849.48
1.93701,3.26052,615.852
5.71306,1.59659,3867.69
5.19657,3.50452,3208.8
3.46597,4.83684,3262.57
4.23119,4.49165,3047.32
5.07694,4.38552,4109.85
4.14143,3.40355,1516.48
3.95832,3.56156,1495.54
4.61912,4.35075,3257.9
5.63297,4.53403,5801.31
3.9248,5.48607,5569.69
3.43154,3.86103,1491.02
4.10384,3.79564,1861.44
2.82708,3.00662,565.353
4.15871,5.2057,4792.38
5.48358,4.06473,4563.13
4.6589,4.89032,4484.2
4.17017,3.48303,1610.27
4.23835,4.83752,3826.86
5.90567,4.31,6291.45
4.2644,3.76844,1986.87
1.89475,5.65325,5631.96
2.9114,2.5798,394.554
4.81059,2.17308,1802.8
2.95755,4.83478,3072.07
2.34622,4.69278,2626.29
2.88865,4.63925,2598.06
4.18801,3.21415,1421.18
3.91132,4.72984,3273.94
2.77834,3.87568,1299.56
4.59795,4.56284,3632.89
2.8632,5.97016,7213.46
5.52998,3.63221,4175.45
3.23512,2.51064,469.206
3.56233,2.29905,555.411
3.8826,6.13218,8526.81
3.80455,2.43583,738.708
3.90533,5.13454,4354.31
2.81051,4.51312,2316.85
2.90233,4.79037,2948.99
2.99963,4.92731,3321.57
3.22352,3.86453,1406.74
3.47899,4.17408,1942.09
5.01669,2.69564,2329.32
5.6234,2.76631,3856.74
4.7903,2.72738,1937.71
5.00514,4.27077,3766.58
2.9582,4.00552,1508.77
4.85199,5.62775,7244.38
3.43964,3.89346,1535.99
3.39892,3.88526,1504.83
4.73769,3.85612,2706.96
5.37272,4.38211,4780.4
3.6651,3.93002,1699.32
4.85022,4.16818,3318.98
5.55508,2.84315,3688.92
1.92756,4.43715,2063.28
5.53568,5.1806,7165.16
4.03059,4.90197,3795.03
4.53414,4.65578,3745.96
1.68258,3.57793,867.151
4.32108,3.36244,1666.27
4.75821,4.51207,3772.19
5.10965,3.00185,2664.36
3.30217,4.08795,1736.53
3.34913,4.64572,2760.1
3.52917,2.99712,805.969
4.03738,1.83087,794.401
3.7733,3.47152,1280.4
4.78608,3.75111,2663.94
2.42373,6.29035,8904.82
4.48386,3.66638,2134.11
3.12776,4.88666,3255.1
4.55406,3.78946,2359.17
4.67007,2.4322,1643.68
6.18399,7.62996,25977.7
4.00278,3.58615,1555.17
3.96805,4.27427,2413.52
3.33226,2.2642,437.605
2.5375,3.28474,689.831
4.75225,4.74693,4272.11
4.03862,3.04697,1176.94
3.54932,4.72924,3044.06
4.61507,4.91966,4499.84
4.56262,3.49233,2072.87
2.55781,2.44427,282.189
2.93673,3.40379,863.141
2.67528,3.92847,1344.5
3.65705,3.53619,1264.98
4.39049,3.37265,1754.12
4.87338,5.39553,6386.12
5.00517,4.24472,3722.25
4.97552,2.15353,2091.45
3.20137,4.15669,1802.4
1.7576,2.41871,207.366
5.43751,4.50492,5183.52
3.47221,3.90919,1567.59
1.72535,5.43046,4746.74
2.59007,3.12887,589.974
4.64311,3.14236,1923.5
4.11849,5.03384,4235.74
3.66752,3.11081,948.784
3.4529,3.95063,1611.67
2.82795,4.36851,2045.53
3.52561,2.71594,671.102
3.57306,4.14039,1938.57
4.42936,4.63987,3574.64
3.32543,2.45986,488.76
2.74713,3.39016,807.135
2.48216,4.22668,1744.65
4.51782,5.61151,6672.33
4.97368,2.78441,2285.13
3.36331,3.69273,1269.33
4.06503,4.13011,2267.86
3.39878,2.97372,730.102
5.71394,3.25609,4413.75
3.46887,3.43375,1074.33
4.27731,4.05672,2365.33
5.56529,3.74611,4393.49
2.13782,2.53896,265.478
5.24792,4.65721,5029.36
3.75126,3.71275,1496.21
3.26894,4.40344,2239.54
3.77514,4.26136,2252.71
5.52255,3.94853,4515.48
4.36593,4.65028,3524.49
3.094,3.77149,1258.38
4.38776,2.87057,1436.39
2.61766,4.07448,1533.06
3.72642,5.09069,4096.86
2.58787,3.31426,720.244
3.30198,2.92729,666.875
3.64412,3.69327,1410.1
4.70346,4.45661,3578.58
4.64934,4.30588,3223.54
5.13492,5.41715,6971.41
4.51741,4.75042,3940.92
3.91786,3.34063,1275.38
2.16445,4.30367,1836.83
5.49958,3.02623,3624.5
3.83851,5.06969,4111.02
3.76503,3.73634,1533.12
6.44052,5.2917,11046.6
5.87879,2.78611,4709.76
4.29224,3.64754,1890.1
2.84238,3.07674,610.122
2.88728,4.16001,1712.78
1.63061,3.48895,784.777
3.51577,7.33848,17575
4.70785,3.36029,2174.13
2.72485,3.46692,864.589
4.40847,3.78365,2167.09
2.97513,3.73398,1179.79
6.0171,2.81392,5241.03
2.09447,4.15036,1587.07
5.37315,4.25728,4564.29
4.03538,4.2608,2445.85
4.13656,4.34143,2677.18
3.03779,3.2986,806.348
3.47224,3.03513,799.818
4.77455,4.12553,3127.68
3.36178,4.07202,1738.74
3.45122,4.72526,2986.38
3.75642,3.97521,1811.76
4.36084,2.55331,1277.81
4.70922,4.47921,3631.6
2.58162,4.72846,2739.42
3.43037,3.60443,1210.96
3.99529,2.42207,877.552
3.51855,3.05458,833.902
4.08353,4.23524,2446.75
4.71366,3.75478,2552.73
4.6796,3.88622,2652.67
3.59655,3.41206,1123.16
4.5843,4.24597,3029.22
5.22619,2.83095,2833.79
3.04217,3.24324,768.394
4.6473,7.04227,15802.1
3.61473,5.00801,3792.7
3.01285,4.03229,1559.75
3.75499,5.62209,5988.31
5.55616,4.48549,5477.48
3.04377,3.55566,1020.26
5.34833,4.88773,5824.8
5.54796,3.96069,4602.01
5.23906,3.48373,3288.52
3.77176,5.2762,4712.36
5.22513,3.95921,3769.49
3.17509,4.65417,2714.38
4.11122,3.15135,1305.8
3.88879,3.14545,1116.9
4.13605,2.91106,1192.21
3.77512,5.48522,5459.3
4.92262,4.12604,3383.07
4.85261,5.6785,7459.66
3.12779,4.98302,3510.95
4.673,3.99561,2784.82
4.52708,3.50216,2032.75
5.74412,2.49199,4134.36
3.59711,3.81954,1525.11
2.92122,2.265,304.15
5.50223,5.55804,8408.7
3.692,2.11888,588.923
2.51726,4.72001,2710.43
5.06782,3.73351,3159.04
4.62234,2.46254,1583.29
3.42913,5.44756,5126.81
2.51583,2.53569,302.806
4.041,5.18431,4618.57
4.07184,4.66953,3269.08
4.55215,4.59949,3646.86
3.76083,3.20762,1069.06
3.08145,3.09604,680.954
4.06781,4.1912,2362.59
4.49205,5.0987,4835.78
3.76607,4.07004,1950.2
2.55416,2.35276,255.208
5.02984,4.94796,5275.14
1.59707,3.06392,476.391
4.55176,2.8247,1623.12
3.08938,4.96572,3454.32
5.04984,3.80536,3202.94
3.41587,3.03607,774.564
3.8385,3.6519,1492.98
3.74516,2.67302,778.102
3.88206,3.49126,1373.19
4.35222,2.90115,1411.86
4.79934,3.55366,2484.96
6.85775,3.804,10295.8
5.40825,4.2618,4664.38
4.41315,4.40169,3078.98
2.38461,4.10896,1550.43
4.15732,4.82338,3711.04
4.33837,4.7068,3620.03
4.11789,5.13537,4533.94
5.39578,3.28079,3510.59
4.05392,3.87128,1906.98
4.7051,4.79675,4318.42
3.9701,5.11348,4341.34
4.57899,4.2679,3057.79
4.72348,4.48725,3669.41
3.82459,4.7319,3216.2
5.28932,4.31649,4458.64
3.76926,3.00946,953.52
4.74371,2.50152,1778.23
3.44555,5.5842,5662.99
4.79603,3.83327,2772.2
3.6582,4.0943,1920.1
3.88046,4.71881,3227.45
4.00407,2.68039,971.929
4.9414,5.3911,6493.27
3.94961,5.54706,5826.51
3.81301,4.12155,2058.31
5.49872,3.7108,4166.35
4.20856,3.41886,1593.54
5.46022,1.25007,3093.42
4.1327,3.08178,1282.02
2.88678,3.88241,1328.93
6.17407,5.16301,9378.99
4.15274,4.84324,3756.03
4.3589,2.59234,1288.69
4.09218,3.72659,1775.05
4.7456,4.87063,4566.84
4.90833,4.70263,4434.08
3.51659,5.0866,3968.58
3.17285,3.25468,816.617
5.14386,3.44756,3042.83
2.59317,4.26509,1823.55
4.78977,4.8149,4497.33
3.34065,4.39173,2245.96
2.92082,5.0224,3564.79
3.19501,5.62587,5731.72
4.33148,3.92815,2254.5
5.2136,4.4966,4615.04
3.07716,4.92552,3341.33
3.06055,4.11836,1695.68
4.44895,4.99719,4487.11
4.26398,3.43031,1660.3
5.97128,3.77603,5786.76
4.64656,5.54498,6584.56
4.92133,5.72739,7793.35
5.52432,4.94498,6447.04
3.82578,3.44644,1294.12
2.82705,5.01959,3534.18
3.13819,5.01885,3614.46
4.93161,4.26628,3619.62
1.4331,1.87534,86.2521
3.83968,5.0994,4198.91
3.79841,3.65112,1463.11
3.11893,4.74271,2895.66
4.21196,2.61777,1139.37
4.12615,3.86307,1961.91
4.90929,4.8132,4699.05
2.13128,3.41662,746.865
2.89346,3.19306,695.053
5.05736,3.30392,2751.31
4.30227,4.66628,3488.59
4.34232,4.07156,2458.1
2.31193,4.3281,1894.34
2.45753,3.86568,1232.26
5.53121,5.60425,8673.19
3.86574,5.62549,6077.7
5.172,3.3523,3029.65
2.52445,2.05944,185.779
4.63894,2.45725,1605.18
3.94614,2.19301,780.88
4.78156,4.23857,3314.8
4.04048,4.6242,3142.78
3.56878,3.69258,1369.68
4.27289,2.43858,1143.03
4.62457,2.61845,1638.31
2.8293,4.89415,3193.36
3.07729,4.58053,2522.79
4.03829,3.83483,1849.23
3.73097,5.23061,4536.83
3.50114,2.48321,574.558
3.73561,3.97616,1801.68
2.92166,4.9789,3441.77
5.95814,2.59623,4926.13
4.59072,4.17668,2926.18
4.04544,1.95567,816.591
4.70858,4.60944,3894.23
3.78685,4.3922,2488.72
4.10055,3.99753,2110.51
5.36853,4.73748,5506.78
3.07049,3.62507,1094.41
4.55954,3.14168,1805.52
5.68958,3.44227,4479.71
3.63111,3.63608,1343.62
5.49743,5.18909,7082.56
5.06937,4.42792,4173.86
4.91402,4.72281,4490.07
5.24264,5.1823,6413.13
3.70463,3.65843,1410.8
3.61724,3.21055,983.532
2.33806,4.36188,1955.86
4.91756,3.96905,3153.33
2.52687,5.32311,4428.19
3.28616,3.62773,1172.94
3.89303,3.41252,1314.57
5.26527,5.12163,6281.2
6.66289,3.36869,8684.78
4.59337,4.83259,4241.48
2.66705,4.24006,1796.08
3.94787,3.63706,1560.49
4.85807,2.97463,2166.56
3.73597,3.28945,1111.72
4.00348,3.34789,1350.21
5.29633,3.42424,3372.7
3.93585,5.68675,6388.54
3.91287,3.8734,1793.79
4.10859,3.80065,1871.72
4.22776,3.00023,1328.22
2.71701,5.41903,4801.66
4.8721,4.33904,3638
2.95486,2.69715,450.835
3.77034,4.3499,2398.9
3.96927,4.06642,2094.43
3.16341,4.01227,1578.51
3.24927,5.00954,3627.68
3.06082,4.67266,2718.19
3.91852,4.39798,2592.86
3.92263,4.37932,2559.39
4.69674,2.79656,1819.81
5.49981,6.11994,11043.7
4.70081,4.34891,3375.51
2.43111,1.94602,153.833
6.0685,2.95199,5513.25
4.72958,3.35062,2199.04
4.37611,3.6242,1960.64
2.71633,4.59904,2473.11
3.42202,5.24084,4401.11
3.11479,4.79296,3016.37
4.46004,5.34058,5571.88
3.1066,4.90273,3289.26
4.03686,4.33297,2571.16
3.59373,3.05361,873.296
4.22951,3.31023,1530.57
2.26282,6.07766,7677.82
4.05441,4.65869,3227.35
3.601,3.36326,1086.73
3.62526,3.186,974.509
3.86976,4.01943,1951.69
4.76939,5.56227,6841.42
3.57755,5.40402,5039.89
3.55887,4.61903,2802.84
3.19164,2.49031,448.502
4.6101,3.38489,2049.18
4.82327,5.19039,5604.54
1.5177,2.10372,125.254
2.65354,4.38426,2040.48
5.36188,4.52338,5024.3
5.33225,4.5106,4925.13
3.56281,4.09252,1863.67
3.50959,4.60658,2749.63
5.96704,4.97152,7978.11
2.99459,6.2024,8500.26
2.42528,4.98134,3358.41
4.728,5.41872,6228.06
5.51017,5.47943,8126.24
3.70251,7.01704,14638.2
5.19876,4.65389,4909.6
4.32938,4.51065,3190.62
2.23539,2.3556,217.166
3.34559,3.36952,966.565
4.59262,4.23021,3015.31
3.99626,4.06571,2114.67
4.3873,3.69786,2047.71
4.63671,2.77109,1717.3
4.2425,4.80821,3756.38
3.89424,3.5491,1434.78
4.13196,3.29329,1421
5.48225,2.43074,3327.18
5.145,5.38481,6874.84
2.66699,4.37649,2029.31
6.00493,4.77972,7629.36
3.02803,4.76877,2929.99
4.49702,3.87553,2385.51
3.37224,3.77294,1360.28
3.2039,5.30239,4519.9
3.5247,5.20677,4341.72
2.3734,5.44654,4850.49
4.88947,5.40843,6458.63
4.27463,3.78954,2023.98
3.45232,2.99722,767.851
4.23419,3.97973,2213.77
4.65022,3.15426,1942.1
2.97984,5.22524,4194.13
4.18226,3.09481,1337.07
3.56065,4.30213,2190.5
3.32314,3.82989,1405.42
3.86841,5.31014,4893.24
3.62299,3.61349,1318.21
4.22378,4.83255,3797.87
5.32489,4.53937,4963.52
3.72095,4.9588,3719.55
2.86818,3.47727,904.878
5.2442,4.42808,4552.79
4.40476,3.59222,1962.94
4.09641,4.3037,2572.45
3.43987,4.72475,2979.22
4.12051,4.26381,2526.37
2.67248,3.60136,979.452
4.94119,3.30328,2524.85
2.96819,3.47,922.165
5.27768,6.1505,10639.9
5.19232,4.17081,3996.01
5.74152,2.99181,4337.48
3.8103,3.72549,1550.75
3.09865,3.57835,1058.09
3.94028,3.91496,1866.84
3.92822,3.66464,1572.46
3.42542,5.41767,5016.8
3.08947,4.54533,2455.41
5.02684,3.72248,3065.87
4.57703,6.56483,11937.1
3.46697,3.94597,1613.27
4.87158,5.696,7566.57
1.96846,4.55015,2288.87
4.71928,4.99364,4852.75
3.74998,3.34569,1162.93
3.41717,4.73642,2997.15
3.3034,4.9911,3596.79
5.38858,2.96596,3294.41
2.5262,2.51133,299.051
2.15411,4.29386,1821.38
5.30606,3.61937,3571.31
3.58517,4.26794,2147.01
6.77046,4.57987,10976.5
4.84926,5.28471,5958.59
6.25365,3.73461,6917.58
3.32052,4.24335,1983.57
5.4316,2.67991,3276.09
4.10093,4.42959,2803.62
3.70863,3.17667,1015.96
4.94699,5.4131,6580.25
5.39654,3.76704,3953.22
3.98024,4.2154,2327.78
3.37637,2.84284,656.379
3.42171,5.47989,5244.08
2.25526,4.97105,3311.82
2.98501,3.60178,1047.61
5.04668,2.16017,2231.91
1.26958,5.44678,4800.11
4.80312,3.10659,2150.77
3.48347,4.337,2214.03
2.86623,5.55373,5343.96
4.99558,3.60903,2888.73
2.19303,2.76978,356.745
5.51801,5.0866,6830.3
3.40184,2.43685,514.526
3.0677,3.67985,1151.78
4.72404,5.04105,4996.16
2.62801,3.80881,1191.43
4.63619,3.95181,2671.57
3.10978,4.78427,2992.47
4.61401,2.87704,1733.3
3.50012,6.15859,8440.94
2.86707,5.4167,4823.71
5.03187,2.49777,2289.23
4.41859,4.19231,2728.03
4.24378,3.52394,1721.09
4.20634,3.51054,1669.33
3.98155,4.06575,2101.98
4.19737,1.91246,951.673
3.45001,2.99502,765.667
2.55022,5.90936,6850.58
4.46689,3.74741,2200.45
5.19952,6.13656,10382
3.65234,5.35106,4892.79
4.06141,5.37068,5257.44
3.89322,3.36612,1277.68
4.46512,3.32583,1809.26
3.42557,3.32723,969.889
5.31024,5.34264,7106.23
4.87957,4.48163,3914.87
