3
4.10854,4.68114,3050.57
3.84961,4.53917,2549.67
4.53093,4.11109,2913.73
3.30062,4.04382,1514.96
3.88542,5.13872,3653.24
3.35452,5.2932,3567.35
4.20345,3.3529,1841.22
4.39589,2.61244,1827.75
2.65201,4.13883,1314.72
4.34315,5.2022,4359.18
4.52288,5.90912,6638.32
3.35921,3.21235,962.872
4.98458,1.87732,2811.71
5.15101,3.7061,3846.65
4.46652,3.37772,2234.85
4.2515,4.36853,2787.56
5.35868,4.63781,5442.22
3.83334,4.72342,2814.9
2.23178,4.64283,1859.78
4.58962,4.78933,3934.44
4.88666,3.22884,2938.1
4.07061,2.75646,1431.07
4.99278,4.29597,4031.57
3.38196,3.71539,1283.52
3.37462,5.52229,4170.52
4.40094,5.00095,4018.94
3.05653,5.95988,5364.99
4.09728,4.78782,3213.64
2.89287,3.38516,806.113
5.71281,4.34444,6176.47
2.02876,4.21256,1251.95
5.57502,4.09929,5423.02
2.25439,3.51655,693.982
2.9557,4.05543,1346.12
4.06551,5.38711,4435.85
3.73874,5.63842,4784.19
4.05373,5.33498,4290.72
3.25625,3.93275,1384.55
4.33963,3.70706,2257.84
4.30094,4.91376,3703.67
3.49271,4.57649,2295.87
2.08376,5.61888,3964.29
3.52164,4.36989,2034.77
3.73784,6.39831,7604.24
3.2658,6.25679,6632.31
3.02979,2.43201,523.477
3.95338,3.00902,1382.9
4.54184,3.18407,2263.41
4.51163,3.69547,2515.38
3.18292,3.43292,976.483
3.16522,5.65401,4421.31
4.49817,2.19861,1905.56
5.09238,3.47161,3544.32
4.99562,4.99684,5132.62
4.71098,3.29405,2618.15
4.17445,4.43474,2772.09
3.8853,3.96572,1914.54
5.62056,1.86621,4595.28
4.4388,3.84294,2515.58
4.14142,3.59174,1908.18
2.27431,5.62888,4027.46
4.20149,5.62305,5251.74
4.71629,3.43843,2708.87
2.75797,4.00854,1219.01
3.92118,3.99898,1983.05
5.07706,2.46225,3115.52
3.05611,5.10309,2970.17
2.87099,2.7968,545.745
3.98158,5.15308,3785.39
6.56187,2.45827,8886.51
4.78035,4.74935,4224.56
2.71806,2.60883,436.183
3.1227,5.98581,5492.27
4.68889,5.3765,5346.37
3.05172,2.11265,480.742
3.22088,3.99028,1418.1
4.8265,4.48557,3916.22
6.17461,4.01119,7697.34
2.25557,5.99464,5225.27
6.21027,4.57027,8539.11
5.76315,2.66352,5234.37
3.40356,6.01855,5780.52
5.06092,4.99598,5283.68
3.74075,4.01132,1817.46
4.08063,4.52516,2780.53
3.9597,2.31582,1200.3
4.5477,4.47552,3379.37
4.69701,4.36471,3501.95
4.99948,4.01434,3743.19
4.69871,4.47498,3648.51
4.53963,5.15559,4563.35
5.56557,4.46478,5830.07
3.68692,3.82534,1603.6
5.2542,3.75768,4155.32
0.899531,4.64463,1743.02
4.49982,4.37481,3167.86
3.4338,4.33436,1926.04
3.55714,2.72381,921.494
3.99625,5.89444,5862.92
3.64737,4.18922,1918.82
4.27768,3.44321,1992.69
6.14119,3.38833,7079.63
3.33202,3.30597,991.459
5.53292,2.53679,4408.86
2.55518,3.55937,794.657
4.26068,4.27066,2681.72
4.13141,4.3267,2578.27
4.23317,3.51168,1974.42
5.46167,1.65494,4063.36
4.43006,4.66655,3470.39
3.43752,3.11788,975.198
5.13264,3.21188,3501.25
4.98227,5.0511,5211.26
2.04722,2.77738,322.571
4.91377,1.67532,2638.6
3.17476,2.60092,636.754
3.20914,4.28351,1722.4
4.18265,4.45879,2815.34
4.87443,4.68167,4305.65
3.40064,2.60463,776.615
4.18536,4.64138,3083.62
4.41252,2.92414,1948.05
4.13494,3.9669,2198.22
4.56075,3.52667,2483.99
5.40422,3.50157,4401.87
5.15893,4.09271,4206.01
5.32189,2.76681,3834.4
3.35769,4.16144,1672.33
5.94417,3.33219,6197.99
4.25521,3.24135,1853.58
4.46857,3.45854,2286.37
5.39622,3.62941,4463.86
4.01986,4.99313,3500.58
4.45706,4.22515,2919.25
4.10986,5.53351,4877.56
4.68034,2.91645,2398.96
3.02092,4.21609,1546.98
4.21488,3.89325,2235.14
4.41391,3.51571,2237.42
3.80163,4.42861,2348.23
2.3228,3.51641,706.991
3.56115,5.66153,4700.78
3.07674,4.62838,2118.77
3.81754,4.93998,3183.03
4.52087,4.72439,3709.32
3.7217,5.56402,4553.85
3.04037,1.18525,406.876
3.70001,4.88142,2965.35
4.34678,2.78261,1802.43
4.33497,3.85548,2369.49
4.2,3.72205,2074.74
3.97845,3.66872,1769.5
5.19675,3.83312,4064.54
3.01356,5.64123,4308.18
4.87835,2.57273,2691.18
3.28579,2.97784,817.868
4.74302,4.70127,4071.69
4.57177,4.1554,3030.13
3.72691,2.4704,1000.23
4.08385,3.92187,2094.59
5.61949,1.91966,4596
5.37989,2.7509,3996.93
3.47086,2.0023,715.614
3.57974,4.69793,2549.57
3.17455,3.80256,1227.66
3.57324,3.10747,1071.55
3.68993,5.77388,5159.65
5.89064,3.34439,5989.13
2.146,4.78105,2069.41
6.3577,3.31749,8085.98
4.32285,4.75514,3456.32
3.4165,4.41777,2018.87
3.23389,4.67879,2283.94
3.55798,3.33319,1165.02
3.31873,2.5738,715.443
4.39296,4.5116,3182.24
4.39116,2.57121,1810.77
4.4243,3.33416,2148.02
3.01762,4.94396,2630.65
4.30292,4.55566,3114.79
5.07401,3.65059,3616.6
3.6254,4.77004,2706.81
3.21103,2.92753,754.777
5.09736,5.29714,6030.26
4.62693,2.79636,2261.15
3.56452,2.98993,1015.89
3.50765,3.45463,1195.94
5.0083,5.07648,5324.31
3.48106,3.68551,1331.27
4.36944,2.50747,1764.79
5.202,3.05667,3610.56
2.42904,3.8408,968.941
4.02136,4.79347,3130.53
4.6974,4.55109,3754.11
3.52261,3.995,1620.71
3.12992,3.26489,854.422
5.64364,3.54639,5197.61
5.22804,4.62387,5058.05
4.10674,4.29711,2513.71
4.8712,2.94584,2789.72
3.83137,3.56405,1543.71
3.1402,5.50621,3985.6
4.66644,4.64132,3832.53
3.84215,3.63587,1604.51
2.79655,3.76678,1023.03
3.59535,3.15938,1111.98
4.13383,3.85256,2094.69
3.21398,3.25417,894.578
4.28084,3.85193,2287.86
3.69265,4.85905,2918.22
4.24783,4.69059,3245.52
4.72787,3.30997,2659.55
4.39304,5.4466,5030.21
2.98467,5.06714,2860.48
3.40993,4.75067,2510.91
4.13002,1.87637,1339.3
3.56871,4.13785,1800.15
5.84018,4.55149,6927.4
3.44017,3.61659,1252.99
4.22722,4.25259,2615.72
3.99412,5.07457,3633.96
1.25735,4.28458,1266.6
3.40375,4.61681,2292.62
3.73432,2.51183,1015.82
4.49443,3.47366,2338
4.69132,4.62678,3856.48
4.59989,4.1172,3038.87
2.27681,4.19013,1272.82
3.12655,3.83061,1223.66
2.65145,4.63966,1964.15
4.35184,3.18056,1962.7
4.39693,3.55371,2234.14
3.0706,2.73478,618.064
3.41736,4.06381,1613.08
2.67411,6.14839,5919.1
3.61422,4.94331,3008.61
5.35949,5.86697,8363.25
2.28316,4.06631,1144.61
4.82503,3.93953,3294.4
2.43013,4.40409,1563.73
3.68375,3.9379,1697.43
2.92277,2.77592,561.503
3.18049,3.75071,1189.5
3.04818,3.21582,789.607
4.61912,2.9879,2314.37
3.57699,2.23686,829.929
3.64292,5.66733,4786.87
3.23093,4.17086,1605.47
3.88987,3.18699,1393.93
4.32171,4.45054,2995.54
4.2096,4.39812,2770.43
2.69953,3.79372,1009.88
4.19777,4.57878,3004.19
3.16079,4.61152,2136.56
5.12054,4.56828,4697.86
4.55247,6.17368,7679.95
4.49828,2.72713,2019.11
2.76077,3.99238,1205.84
4.01593,2.62785,1330.8
5.02921,3.02762,3170.09
3.85229,5.6013,4784.03
5.72857,4.27674,6151.88
4.59866,3.91397,2841.06
2.34055,2.8533,401.151
4.91965,3.62241,3240.53
3.70543,4.36642,2181.06
3.08522,4.33683,1718.88
4.38288,3.76038,2360.85
3.0029,5.10981,2958.52
4.45644,5.76616,6056.18
4.73551,3.06413,2559.02
3.05597,3.61939,1026.59
5.44127,5.45276,7364.36
3.71087,3.62131,1469.87
3.81761,3.96079,1842.45
4.63195,3.25853,2456.01
5.54898,4.47829,5793.26
4.30096,3.14329,1869.88
3.99837,5.09982,3692.82
2.65017,3.19573,621.57
3.82784,3.66965,1612.5
2.2247,5.23903,2997.45
3.54768,5.27452,3660.43
3.50639,4.25344,1880.74
4.40014,4.27067,2884.84
2.70286,3.01321,560.119
4.50766,4.74495,3720.45
4.9209,3.86765,3431.98
3.27972,1.89644,580.015
4.00966,4.17726,2263.59
3.94233,4.26316,2285.4
4.15928,3.08403,1656.16
5.86286,1.47117,5445.96
5.66385,3.95508,5585.37
4.21974,2.76104,1619.35
4.52835,4.48122,3355.79
4.74318,4.59382,3903.96
4.67973,4.04158,3107.62
4.23527,5.02564,3828.77
3.91665,6.68798,9200.68
4.35322,3.25107,1997.43
3.78725,3.8923,1752.53
4.50318,5.54699,5476.89
3.68602,3.69307,1499.2
4.52685,5.04845,4314.89
1.98329,3.06455,413.063
5.25626,5.10744,6010.43
4.39265,3.92286,2512.78
3.97171,3.26442,1517.43
4.4267,4.61497,3385.32
1.59248,3.15711,409.652
2.83249,3.62001,928.846
4.12242,3.12494,1626.79
3.2366,3.08411,830.588
4.31425,5.77872,5881.03
3.39163,3.23582,997.155
4.8643,4.32146,3778.61
4.08057,6.09062,6674.55
3.25093,3.96683,1412.63
3.48871,5.61793,4522.27
4.56237,3.94872,2808.71
3.43341,4.19858,1766.32
4.40632,3.78746,2417.64
1.91836,4.96467,2366.6
2.72253,3.84185,1057.96
1.68752,3.3361,505.762
4.64209,5.41329,5354.64
6.43756,4.92671,10276.7
3.36349,5.25176,3475.66
3.40365,5.00432,2968.8
3.87171,5.49682,4513.81
4.7972,3.50108,2904.92
3.75291,3.2619,1295.8
4.09995,3.47162,1781.03
4.95812,3.78779,3448.61
3.99821,3.57557,1727.01
4.39829,3.65619,2307.73
3.81046,3.63903,1575.39
4.39372,3.0847,1980.96
3.45654,3.07061,970.245
5.21165,3.94408,4197.32
4.80911,3.59102,2988.04
3.69603,3.18144,1204.91
6.18672,3.07856,7136.22
4.73556,3.83194,3021.56
4.10956,2.51553,1414.81
4.82593,4.04785,3397.45
3.698,3.32375,1277.93
3.81607,4.7758,2885.08
3.36289,3.8708,1396.63
4.7071,4.37281,3531.2
3.10972,2.20406,523.793
2.59263,2.8277,457.552
4.18234,1.42,1373.29
3.69471,3.91805,1689.54
3.1016,3.47266,953.88
3.21943,3.70128,1172.24
3.33823,4.17259,1675.36
4.66872,2.39419,2237.33
1.59251,4.31078,1315.07
3.74964,4.19092,2011.67
4.41972,6.09944,7170.26
2.53391,4.89027,2348.53
4.90248,3.90828,3426.9
6.34504,3.61669,8203.45
3.03037,2.46688,532.982
4.55795,5.63574,5820.92
1.86418,3.7574,798.739
2.78164,5.93477,5159.17
4.35237,4.51188,3123.23
3.56235,4.85348,2799.59
2.74455,6.33271,6712.14
3.37039,3.19882,964.673
4.0233,2.90909,1425.02
5.02807,4.49373,4369.16
3.93792,4.81688,3081.36
4.12182,3.84521,2074.72
4.40909,5.90699,6450.73
3.60702,5.27413,3703.95
5.76886,3.78502,5814.03
4.18406,3.48784,1895.48
3.45037,3.66879,1297.24
5.1684,4.59914,4866.33
2.4593,3.26263,597.969
3.70225,2.13215,918.688
5.55226,5.18495,7061.25
3.67718,4.72754,2678.06
2.7788,4.32892,1578.05
3.46453,5.69387,4729.58
5.02902,4.47444,4343.18
2.74948,4.71898,2123.41
2.06788,3.71097,792.488
5.06256,4.17574,4056.1
3.38155,4.42264,2003.27
2.11389,2.95333,392.11
3.86393,4.32257,2274.21
3.64156,3.87917,1611.51
4.00282,1.65664,1171.22
3.02245,3.89728,1228.54
4.51114,4.7983,3819.34
3.43117,2.75513,836.506
3.912,3.7148,1731.82
4.95242,4.08909,3709.2
4.03,3.95995,2067.09
2.40896,6.38961,6865.67
4.7631,3.67087,2949.93
2.79182,4.06516,1286.88
3.89597,5.22064,3846.51
3.33426,2.81773,793.527
2.70515,2.03129,327.293
4.2872,4.41208,2893.58
3.05678,4.51209,1937.64
3.97708,3.46115,1630.35
3.03266,2.9843,683.463
4.33917,4.32001,2851.27
3.85724,4.58701,2623.64
2.67466,3.42974,749.691
4.42819,5.0191,4097.6
3.04011,4.41625,1800.8
3.42616,3.56285,1205.44
2.84418,2.3782,430.267
3.98814,4.54449,2702.53
4.23611,2.67761,1618.93
2.76716,3.05826,601.403
3.97338,5.33183,4193.15
3.89958,4.9887,3357.94
3.60509,4.19909,1895.53
5.01747,2.36819,2955.29
3.52076,4.84073,2745.54
3.08153,4.40876,1810.21
4.56927,4.5706,3553.26
4.76583,5.89976,7048.9
2.64372,5.80342,4665.56
3.5771,6.15033,6414.02
4.31457,6.01271,6688.71
3.27834,4.4235,1936.45
4.52538,4.73212,3729.72
3.98725,4.28631,2362.31
4.62325,4.21864,3192.38
4.2933,4.512,3038.39
4.79923,2.06031,2434.28
5.44354,4.3353,5276.59
2.78408,4.82915,2320.96
4.10518,4.61304,2938.24
3.37955,5.01501,2973.57
3.87377,5.78279,5360.74
2.85519,3.30758,749.743
3.77963,2.66532,1097.16
4.32048,4.30577,2808.73
3.21789,4.6398,2212.4
3.35711,3.17526,942.943
3.77735,5.93463,5777.59
4.96669,1.76461,2758.97
4.92979,4.85417,4716.88
2.24525,3.08645,467.425
2.35835,2.02182,228.072
3.87474,2.96958,1286.02
4.28723,4.11828,2548.87
4.50514,4.37834,3181.13
5.15274,3.76193,3894.15
4.56341,4.98168,4244.21
3.38483,4.09012,1615.26
4.42477,4.96558,3986.73
3.73492,3.42174,1364.98
3.56587,4.92176,2928.51
4.08938,4.92016,3441.45
2.69966,4.46574,1725.79
3.55628,4.04613,1695.92
3.88925,3.54752,1590.41
4.89289,3.51258,3110.69
5.72747,3.08242,5245.72
3.06379,4.41561,1808.29
5.56498,5.14422,7013.94
3.28207,1.28816,541.391
3.18245,4.8689,2576.05
3.81864,5.25283,3844.86
4.11578,3.60671,1887.06
2.45665,4.9807,2501.74
4.5195,3.62947,2479.92
3.46346,1.72252,685.309
3.45706,5.40192,3906.67
4.59812,3.97279,2893.31
2.85613,1.77687,357.383
4.69284,4.238,3341.37
0.421009,4.6262,1710.38
4.20486,2.31527,1494.85
4.65812,6.25137,8184.07
3.15879,3.04116,767.734
4.54526,3.24485,2295.25
4.12557,3.4783,1814.52
3.69851,2.17565,920.764
3.1574,4.24622,1650.22
5.81354,4.58169,6871.56
3.12805,3.47737,971.63
4.31192,3.51029,2081.83
1.39108,4.926,2246.9
2.77691,3.8298,1068.58
2.71261,4.4284,1680.2
3.66462,4.66985,2574.42
3.1536,5.19188,3214.12
3.87251,3.56021,1583.04
4.22783,3.74174,2127.15
4.0039,6.00539,6265.37
4.17486,4.49704,2859.9
4.52379,5.7474,6106.35
3.69575,2.93296,1103.71
4.73064,3.75099,2946.57
4.6696,4.08552,3133.23
5.21761,4.86168,5426.89
4.87387,4.63239,4227.43
3.68034,4.25196,2018.68
3.75288,3.61264,1502.44
1.67263,3.86349,867.255
3.29638,4.23785,1721.95
4.72181,6.04931,7500.16
4.36555,3.58731,2209.89
3.41005,3.84658,1406.51
3.66106,4.72413,2658.23
2.57492,4.85868,2306.56
4.30414,4.01586,2471.57
2.29063,4.12648,1206.95
2.68094,4.27199,1473.05
2.26469,4.61186,1819.65
3.48562,4.8234,2687.88
5.12343,3.40319,3579
3.19694,5.42704,3805.76
2.75376,1.78645,319.257
3.80157,3.6024,1540.33
2.90842,2.93745,608.512
3.24658,2.87001,756.504
3.81589,3.86454,1756.18
3.63002,2.94288,1051.39
5.23616,3.27757,3802.36
4.63886,3.82401,2834.52
3.32373,3.90444,1399.76
2.54347,2.64562,390.477
4.60685,4.50289,3521.77
4.5211,3.55164,2429.42
6.5006,3.38344,8882.26
3.50687,4.94306,2923.52
3.83909,2.77445,1185.32
3.3844,6.25667,6708.08
5.47565,6.37127,10685.7
4.28448,4.54756,3076.13
4.03478,3.84929,1974.36
3.01217,2.68717,574.892
4.55409,4.62071,3601.85
4.31108,4.23066,2707.18
3.04845,3.18568,774.607
2.54029,1.68443,241.638
3.045,5.50853,3944.89
3.51157,4.15213,1771.08
3.79218,4.76823,2852.29
4.53347,4.90444,4045.18
4.11227,2.82828,1502.59
3.11583,4.39708,1813.48
4.26585,5.15269,4139.91
4.07902,3.63479,1862.23
4.78403,2.9627,2614.31
5.61213,4.4334,5939.48
3.75233,3.95087,1771.55
1.77244,3.79854,822.762
4.75896,4.16772,3388.21
3.85591,4.00096,1915.47
3.73467,1.78643,909.739
3.02578,2.72008,592.729
2.37382,4.09905,1197.84
3.62997,2.77833,996.482
3.94377,5.00284,3432.65
3.51333,2.47683,827.701
5.41736,3.84456,4691.02
3.87392,4.84807,3068.31
4.93435,2.94968,2924.99
3.42334,2.61979,794.938
5.94328,5.15642,8424.9
4.53695,3.09573,2214.29
4.27854,4.25516,2690
4.02183,3.61278,1778.62
2.84332,4.02329,1265.71
4.87647,3.79576,3277.75
4.62374,3.23164,2428.5
4.13223,2.40246,1417.26
4.08068,4.61744,2916.56
3.73322,3.87758,1689.8
3.79358,3.53263,1489.32
5.46807,2.11551,4128.5
4.85409,2.62498,2652.03
0.646448,3.02738,316.691
4.61865,3.95586,2913.97
3.30356,2.77436,760.791
3.91989,5.95623,5998.21
4.69311,2.90152,2415.64
1.49821,4.3389,1344.75
2.95347,3.54498,929.203
1.47196,4.85012,2110.89
4.66296,5.46146,5518.31
2.45104,3.96728,1086.63
2.91605,2.01005,405.627
2.58621,3.29596,650.641
3.66858,4.27718,2038.16
5.39802,4.61187,5518.55
4.18788,3.37305,1833.68
3.66706,3.18366,1181.4
6.12899,5.77696,10889.2
3.47745,2.95576,936.733
1.84043,3.35081,530.953
5.21395,3.40384,3810.6
4.97739,4.69223,4550.22
1.92365,5.24242,2956.1
3.45439,3.01258,943.044
4.69576,3.77007,2898.03
5.31961,4.84529,5675.86
4.91869,4.48704,4112.48
5.32927,3.68451,4309.19
3.30198,4.16031,1636.82
3.84768,3.42242,1472.74
5.24413,4.07026,4407.99
2.75517,4.40066,1661.34
5.3029,4.08569,4585.27
3.7578,4.24717,2081.68
1.13242,3.28389,445.723
3.91279,3.82778,1822.78
4.13915,5.07643,3811.26
3.76828,5.32453,3967.14
4.10737,5.19331,4023.06
2.97403,4.56297,1970.82
3.67341,4.41091,2207.73
5.14088,3.8088,3899.78
5.33571,4.55338,5249.82
2.09027,3.42036,606.358
3.63841,4.06253,1777.89
4.44964,4.28103,2972.63
3.41706,3.38466,1092.2
4.45313,3.4091,2234.34
3.83208,2.49973,1105.3
5.03923,3.77847,3627.97
2.12112,4.12517,1172.82
3.71997,3.82039,1629.27
3.27872,4.16951,1631.48
4.17434,2.86764,1595.15
3.30426,3.38479,1017.94
3.03259,4.8814,2521.85
4.80575,3.93246,3246.91
3.40668,5.26314,3532
5.11286,2.22074,3161.3
4.00564,2.14277,1223.04
3.56716,3.37754,1198.11
4.79882,5.4226,5680.27
2.87104,2.34296,435.666
4.10511,4.27167,2479.23
3.58955,3.52015,1302.71
3.97387,4.39315,2478.55
5.44428,3.74075,4689
2.26693,3.88722,971.404
2.81472,0.919389,303.843
2.68267,5.42637,3578.39
3.97249,2.01747,1171.37
5.26229,4.82321,5476.59
4.18787,4.51998,2906.59
3.29528,3.67643,1197.83
4.45836,4.09409,2779.48
4.65018,3.77799,2819.52
1.68374,3.4345,561.89
4.48185,3.65358,2437.74
3.73967,5.01006,3245.18
5.07162,3.90051,3809.15
3.23015,1.91841,551.337
3.76353,4.76734,2822.55
4.75755,5.30881,5312.99
6.14433,3.25377,7022.48
3.48393,4.25188,1861.75
2.00415,4.26249,1305.39
3.49705,5.30618,3697.41
3.68226,5.123,3428.17
5.16772,4.03382,4172.77
4.50549,2.51631,1977.36
2.67463,4.15014,1335.76
4.92516,4.49102,4132.44
4.05444,4.69099,3002.21
2.58859,4.33793,1523.28
5.69437,4.1757,5915.43
3.09578,5.2581,3334.56
3.22897,2.62402,675.073
3.86013,4.93647,3217.84
5.51745,3.77472,4944.06
3.43283,4.02969,1589.27
4.82146,3.06238,2731.1
2.24488,5.09835,2692.19
4.39254,2.16827,1736.82
2.76105,2.39568,404.876
4.21776,3.73974,2113.38
5.02771,4.98302,5181.38
3.41379,3.62757,1238.87
3.58607,3.93985,1618.82
3.71194,2.27897,952.562
4.61225,4.3354,3307.38
3.81014,3.77842,1679.04
5.06407,4.28047,4180.19
3.45977,4.28215,1882.96
4.31186,4.72974,3396.17
4.37566,2.83994,1863.87
4.85449,3.73148,3181.98
6.27058,4.81131,9212.33
3.39863,3.51673,1158.61
4.59097,2.27114,2075.24
4.00639,2.59319,1310.09
3.23515,3.22661,894.158
4.7373,3.51018,2792.88
4.43692,5.62899,5606.47
4.51364,2.82436,2076.68
2.98064,2.54247,524.326
4.35438,5.24877,4480.93
4.21245,4.14141,2471.56
3.90123,4.76925,2962.28
3.47982,3.76652,1392.27
2.91811,5.01201,2720.03
3.80924,5.9245,5774.06
4.35817,2.93622,1871.79
3.75312,4.6272,2586.52
5.42995,3.20886,4320.42
3.21924,3.59619,1099.06
4.05193,2.45445,1333.67
5.57389,4.40633,5779.47
5.56939,3.68011,5039.42
4.18599,3.99795,2291.69
1.57187,6.58188,7658.14
4.84352,3.24863,2859.45
3.44259,3.36968,1101.04
4.13117,3.21265,1676.91
3.28758,3.34506,985.479
5.04003,4.46806,4362.39
3.39265,3.65063,1242.88
2.26816,3.66035,794.329
3.68463,4.39166,2193.62
2.89884,4.90581,2506.69
4.82496,2.86567,2663.39
4.81847,3.33366,2851.85
4.31637,3.90063,2382.54
3.60724,3.34317,1211.3
3.66745,3.87878,1634.14
4.16673,4.37894,2689.76
4.3528,4.10908,2632.79
5.3888,2.72428,4015.15
3.27831,4.22132,1690.85
3.90095,2.53883,1183.02
3.67068,3.74346,1525
5.64709,4.32402,5920.72
3.17759,3.70947,1155.86
3.00009,3.06205,699.512
5.59325,4.17685,5568.58
3.09771,2.69204,619.948
2.93982,3.39949,834.576
3.08881,4.40047,1802.5
4.3012,3.76736,2247.7
3.16558,4.49846,1976.12
3.5526,3.94895,1602.73
1.95488,4.99547,2432.37
1.8952,4.34645,1393.78
3.69072,5.41348,4122.66
4.47731,4.82331,3805.93
4.98357,3.65409,3405.41
2.70082,4.5594,1859.4
3.02575,4.10263,1425.51
4.79489,3.83551,3142.33
5.33777,4.21673,4822.44
6.87622,5.83801,15230.8
5.55358,6.6212,12130.9
4.47255,3.34407,2229.69
3.6278,1.54611,800.621
5.2997,3.9084,4407.59
1.61465,5.27895,3010.21
4.96671,2.98787,3011.6
4.4838,1.80924,1835.02
5.58647,4.1434,5508.88
3.89295,5.25692,3927.07
4.53639,3.95194,2767.68
3.16718,3.61255,1078.2
2.84958,4.70626,2138.7
3.45248,3.7658,1372.86
4.72228,3.57023,2801.43
3.05104,4.82187,2424.46
3.57668,5.30025,3742.13
3.72461,4.18886,1988.17
3.27375,1.59119,552.934
4.74439,5.96453,7231.79
3.7629,3.27194,1310.39
4.44918,4.29226,2986.33
3.55789,3.49174,1257.76
3.57572,5.39901,3987.4
4.89689,3.44507,3075.48
4.74428,1.51204,2278.25
5.54193,2.76607,4502.72
4.11774,4.27458,2501.49
4.30451,4.14176,2600.79
3.99257,2.87057,1374.29
2.78174,4.83204,2326.11
5.6916,4.45252,6238.94
4.01064,5.50167,4674.54
5.84673,3.45307,5878.23
3.01595,4.67077,2156.33
5.36293,2.84243,3976.89
3.60019,4.28237,1986.84
3.25358,6.33774,6974.24
3.29043,5.06288,3014.75
3.99663,3.79976,1889.96
4.3171,6.75968,10081.6
2.72083,3.71073,952.855
4.97997,4.32083,4032.16
2.67811,4.93179,2473.18
5.83445,4.60778,6989.15
4.83748,3.65913,3092.68
4.84367,5.11643,5046.76
3.07398,4.36125,1742.72
4.93602,4.71256,4491.49
4.44937,3.03645,2049.78
2.97977,2.15789,452.856
2.29656,4.07167,1151.46
4.55971,4.67746,3700.84
4.11843,4.73346,3146.03
3.8699,4.9667,3285.66
6.7101,4.01093,10571.7
4.21812,4.7219,3255.01
3.24965,4.39304,1882.71
4.7848,3.42716,2834.65
3.14861,1.55527,478.104
3.37779,2.84568,829.452
2.19021,5.48294,3601.53
4.24841,3.91656,2303.39
3.72328,3.64018,1493.42
2.68073,4.01478,1201.65
5.70557,4.07444,5847.13
3.26648,5.68174,4563.03
3.36873,2.85029,826.847
3.3499,5.3055,3591.51
2.07927,4.52504,1656.53
4.00827,4.439,2577
4.24899,4.60938,3120.75
3.18331,4.31451,1745.74
5.36835,4.56608,5363.59
4.41948,3.69813,2371.08
4.41577,3.85028,2485.55
3.627,4.60088,2436.81
2.95732,4.29474,1608.51
2.67579,5.39165,3485.13
4.01395,3.44717,1663.77
5.50691,4.19205,5303.52
3.0131,3.01725,687.436
4.15647,2.0473,1391.1
5.46654,4.64054,5768.57
3.74976,5.73274,5082.9
5.4034,2.86193,4101.15
2.99174,5.05391,2837.3
4.47084,4.58928,3418.63
3.61869,3.42357,1268.5
6.86718,5.93088,15488.6
3.90643,5.41266,4323.92
4.20869,3.21663,1779.41
3.12913,6.45502,7435.65
3.80811,5.20443,3722.57
3.0066,4.74845,2278.78
4.36952,5.59809,5411.46
5.54366,6.35169,10813.6
4.24161,4.42506,2849.37
3.75252,4.89848,3043.36
4.16453,5.04554,3777.75
3.64653,3.68334,1459.02
5.64431,1.38749,4642.77
4.56705,4.30955,3198.96
5.89254,4.69681,7353.59
6.15919,5.24745,9568.63
2.84746,5.42646,3638.29
3.2494,5.3626,3673.05
4.62551,5.76087,6325.24
5.09944,3.70993,3721.11
4.52201,4.77755,3800.7
2.72802,4.41619,1670.63
4.2337,3.06197,1744.75
3.96425,5.35777,4246.78
3.57767,3.0949,1067.39
5.17948,3.94694,4119.59
5.43404,4.66339,5707.29
2.77975,3.71243,974.407
3.48089,4.97039,2956.37
3.53628,5.76991,5020.67
3.99975,5.95914,6095.42
4.49629,3.63762,2447.4
2.74297,2.40638,399.639
3.54131,3.92633,1570.06
4.56534,5.67708,5956.45
5.35851,3.78696,4469.7
4.83737,6.16123,8164.43
3.70984,2.05173,917.394
5.56789,3.64678,5012.86
5.10714,5.57325,6777.2
3.54212,3.06557,1029.25
5.02855,5.76693,7171.49
4.46053,6.2838,7984.79
2.64845,4.38179,1599.04
3.5558,5.51122,4267.68
4.0003,3.84802,1934.78
4.5146,3.85993,2651.48
1.85697,6.16205,5799.73
3.37489,6.25846,6709.16
5.29898,3.37519,4025.95
4.37722,4.75254,3527.47
5.37707,6.7032,12014.1
5.74922,5.50542,8532.98
4.85756,5.47906,5946.65
4.16508,2.91261,1596.53
2.48446,2.98322,482.439
3.29308,3.81929,1308.49
4.34387,3.52949,2140.29
3.86193,5.05304,3448.49
3.14774,2.2044,541.014
2.61955,6.08085,5640.73
4.10256,4.46233,2720.24
4.71919,3.06222,2528.81
4.528,4.44537,3306.9
3.61213,4.71056,2597.47
3.6549,4.68918,2597.62
3.3432,4.07457,1572.31
2.73326,4.70112,2087.91
4.95821,5.03567,5127.93
5.5874,3.58458,5033.02
4.89485,3.79668,3318.76
4.4821,2.93124,2058.42
3.12345,3.03601,749.902
5.27882,4.73015,5363.78
4.46146,6.42444,8608.85
2.96906,3.42254,860.743
4.17573,4.29577,2594.88
5.19251,4.91492,5457.69
4.38072,3.73989,2344.2
4.14305,4.01874,2257.21
5.92547,3.93119,6542.76
3.47237,3.40394,1142.77
3.57194,3.04631,1046.03
4.06174,5.69681,5297.65
3.60572,4.28048,1988.57
3.28317,5.68861,4594.08
3.53039,4.67482,2475.96
4.98016,4.26063,3960.53
3.46159,4.47903,2134.54
3.75197,6.11447,6421.45
4.71999,3.94467,3090.49
3.79155,4.84345,2980.04
3.31896,1.72871,588.585
4.12897,3.10593,1626.87
4.78403,3.52361,2893.55
5.56734,2.67912,4555.92
3.08614,4.93022,2636.21
3.16841,3.89039,1294.67
5.99015,5.65342,9900.2
6.13766,4.44055,8019.12
4.4993,6.2028,7707.66
3.50572,4.77863,2626.24
5.57507,2.96876,4678.61
5.74218,5.88061,9655.42
3.50897,3.64042,1320.72
4.08717,3.64832,1880.71
3.34993,4.52166,2117.62
3.83175,5.25065,3851.51
4.00433,2.69336,1333.34
3.77268,5.07963,3418.11
4.12013,5.25697,4185.16
3.80627,4.09824,1965.88
4.44043,4.21886,2883.06
2.5122,4.37334,1545.73
4.30175,4.24393,2708.35
4.03428,3.06793,1496.43
2.7571,3.47908,810.156
5.21077,4.43266,4739
5.92256,4.99126,7998.5
4.98088,3.19023,3130.85
2.55927,4.05079,1196.45
5.11007,2.0894,3133.12
3.4224,4.02742,1578.7
3.64812,3.40843,1280.16
4.81334,2.93736,2666.23
4.33005,3.82733,2340.45
5.04611,3.34759,3358.67
3.66067,4.54793,2384.84
5.20529,6.22644,9288.72
5.37074,4.16097,4856.41
2.94015,4.71826,2195.8
4.90715,4.74198,4472.29
3.32116,2.96739,835.919
5.38848,4.03403,4778.54
1.29553,4.80196,2015.83
4.93764,3.08334,2984.73
3.58725,2.49737,888.345
4.18592,6.09006,6803.53
3.74539,5.12672,3492.59
3.50379,4.54086,2252.02
3.64031,3.20942,1169.8
4.20309,4.00108,2316.9
1.93285,4.09041,1106.81
4.23074,3.77868,2160.56
4.81998,5.03021,4819.57
4.33482,2.87799,1817.19
