3
3.55641,3.78161,52.3898
5.49923,3.94981,183.134
1.90607,5.01116,46.9443
2.73709,5.77719,65.7469
3.41454,5.4652,74.0395
4.96824,1.87186,110.405
2.571,4.86721,49.0995
2.78878,4.6974,49.5741
1.9404,4.04703,30.4594
3.02969,4.01712,40.7835
2.27534,5.50504,56.4539
6.14492,3.27567,270.384
1.36654,4.80727,41.9909
3.99228,4.12555,70.8885
5.19756,3.83384,146.705
5.24445,4.30514,160.318
4.08027,5.23335,92.0218
4.29055,3.51243,77.0736
4.70162,3.94032,108.364
2.97619,4.73066,49.0574
3.90767,4.23753,69.758
2.93915,2.78135,27.8882
4.62101,1.94849,85.3171
4.00866,4.51382,77.8183
4.64031,1.57997,84.2548
2.92011,1.99861,21.311
3.98939,4.32502,73.6991
3.87815,4.74363,74.2939
4.24516,6.73137,132.856
2.21439,5.52892,56.3632
4.73284,4.35741,116.434
3.4971,3.77334,48.793
3.92214,2.74582,54.0557
3.77845,4.56394,69.9919
3.45704,2.7408,36.8316
3.13453,4.39411,49.7277
3.69756,3.64149,54.152
4.63443,5.88847,136.152
5.25014,5.19307,176.368
3.531,3.77325,50.8533
4.34243,4.91631,98.6713
4.23268,3.05581,70.3324
4.28888,3.95493,84.3424
3.9578,4.05756,70.2281
3.12408,2.7883,31.4767
4.47934,3.88537,93.9474
4.19235,4.53239,86.3244
3.43221,4.03723,50.142
4.22282,3.40858,74.7132
3.95724,2.55457,55.2457
6.09375,3.02791,260.867
5.7958,4.93239,238.006
4.46256,2.9786,82.4122
5.28599,3.99166,160.883
1.695,3.2151,20.5216
6.19413,4.31469,290.682
3.41033,3.05125,40.0091
4.98555,3.36568,125.017
3.12687,3.76222,40.2044
3.65837,4.70036,65.9578
4.0869,5.58249,97.7169
6.08633,3.86543,266.689
4.61455,5.54847,129.114
3.87101,3.5941,60.0375
4.74663,5.56924,138.697
3.84517,4.69722,73.1301
3.60077,2.68673,40.7123
4.72095,4.81321,123.796
4.00659,4.73399,80.7135
6.01702,3.71951,253.217
4.41109,4.91532,102.646
2.98583,2.41877,24.9469
3.56187,3.77474,49.9079
3.7231,2.57487,42.2741
3.39589,3.78693,47.2605
4.83737,3.65939,113.966
3.74458,3.86897,59.0769
4.55262,5.39181,120.681
5.51138,2.95793,173.721
4.55743,5.5903,125.683
2.89708,3.63323,33.6339
3.18517,3.56734,38.5973
4.196,3.74673,74.7299
4.15689,4.96078,91.638
3.63436,4.08938,57.7951
3.14521,3.98743,42.8267
3.47533,4.44522,57.7182
3.68288,4.25832,61.8374
5.14112,3.13811,137.184
5.57507,4.7746,204.775
3.37978,4.12686,52.2364
3.37125,3.26847,39.1149
2.82369,4.07592,39.4379
3.60269,2.21881,39.647
4.04244,4.49283,78.2433
2.61618,2.73721,20.8661
2.01984,5.5137,55.9455
4.58749,3.32413,93.9344
3.97813,3.92106,66.1546
2.18768,4.33232,36.6615
3.00533,4.1413,41.3738
2.06095,4.41035,35.5538
3.92587,3.58823,61.1494
3.73374,2.80194,46.3098
3.35602,6.59756,96.0686
4.67536,4.89886,123.186
4.91094,4.05889,125.39
3.57761,4.06535,55.1569
6.91228,2.37594,423.07
6.1308,5.49,299.194
3.80842,4.30831,66.9124
3.54429,4.88011,66.3739
2.56243,3.77925,32.3761
5.27707,3.55933,154.64
5.22969,3.36196,148.929
0.859132,4.98488,44.1431
5.05432,3.49684,129.943
4.34168,4.10468,88.1383
3.88528,2.80576,52.7403
4.04798,3.76683,70.8097
3.30108,3.59232,41.0722
5.84371,5.64024,258.734
6.16547,3.57325,277.634
4.69946,3.44972,102.551
4.08352,4.37048,77.5986
2.98248,3.49747,35.1752
2.95516,6.30153,80.285
4.61265,3.40517,96.7136
3.52905,4.89237,65.3418
2.31372,3.23766,23.4736
4.86114,3.41582,114.442
3.54871,3.93787,54.2308
2.11362,2.95992,19.5984
5.0053,3.43438,127.85
3.93492,3.15817,58.932
2.80414,1.97747,19.3545
2.95656,1.80408,19.5693
3.38657,4.09554,50.2891
4.2636,2.84149,70.3013
4.10317,2.98863,61.9674
4.6839,3.01988,97.953
3.12053,2.96913,31.7177
5.1268,5.37333,166.92
3.61465,3.81856,54.8385
3.53432,3.97818,51.9029
2.61975,5.02389,50.8278
4.74465,6.25578,149.557
4.2669,3.76112,79.925
6.42068,4.64033,337.606
4.21774,4.28472,84.0819
4.39562,5.71666,117.886
3.16199,5.52236,65.8755
3.99249,4.42494,72.2413
3.75793,2.66531,46.8492
3.21572,4.95149,58.7105
2.72214,4.4451,44.7562
3.15456,3.33255,36.4407
4.01197,3.38308,62.9284
3.93402,3.88923,67.0031
2.49917,4.80703,46.5594
5.30628,4.97048,177.128
3.90221,2.87141,54.1049
4.1098,4.80244,85.5349
4.83634,2.70947,106.23
3.8809,3.65123,62.113
4.70833,5.13243,127.985
4.30434,3.81551,81.3547
3.47802,3.73455,49.4862
4.68052,2.51217,93.0092
4.54508,4.73394,109.695
4.69639,4.16475,110.522
4.20091,5.56488,105.697
4.20984,4.14213,81.0061
2.87442,5.26453,58.2157
4.08672,3.09443,64.9252
5.05611,4.38884,144.586
6.13105,5.01211,291.042
3.74434,4.94067,72.8236
4.40346,2.42886,74.8753
4.64413,4.30241,109.611
3.17,3.47184,38.8571
4.18704,3.73784,76.651
4.35354,3.85729,85.4194
4.41161,3.4078,83.4187
3.73903,4.14881,61.2759
1.48558,4.63757,38.1139
3.93707,3.01557,57.1165
2.7484,5.04909,53.5636
2.39688,3.43546,27.3948
4.75026,2.98769,102.547
2.43102,4.67877,42.5655
3.56825,5.12599,69.5789
3.20068,4.33606,49.5319
5.22602,4.32507,158.07
0.537635,3.84249,28.09
4.34508,3.63417,81.7018
4.5431,4.32837,102.727
2.95835,3.54664,35.2628
4.04188,4.02995,72.2054
4.33135,4.69813,97.8179
3.31744,6.94842,102.917
5.57099,4.18696,197.133
2.73126,1.72059,15.6882
5.12173,4.00767,143.512
1.90645,3.96239,29.4321
2.75243,4.5035,43.3167
5.00104,4.55712,141.63
5.08179,2.83892,128.353
2.19851,3.75175,30.0796
4.03198,3.24978,62.8281
3.88284,4.67869,75.6878
3.68566,2.30497,42.3027
3.87934,3.51557,59.826
2.34143,2.47898,17.9908
4.49161,4.30511,99.7909
3.05628,3.89789,39.5845
4.41588,4.04841,91.827
4.98232,4.81708,143.873
3.7682,4.38559,66.6204
2.91089,3.55881,33.698
4.6908,2.82509,96.8594
2.74402,4.05693,36.7259
3.39008,3.20481,39.301
4.30033,3.51717,76.3274
4.52523,3.78527,94.2985
4.80958,3.80094,116.105
4.45775,6.22287,130.414
3.53879,5.09359,69.8513
3.44916,4.20063,52.9682
2.86178,4.59348,47.1163
4.33444,5.41681,108.131
4.69489,3.07319,98.5258
3.67975,3.68947,54.3595
3.83045,2.52406,47.7882
2.19449,2.66878,17.6454
3.70528,4.15455,60.3604
2.00261,5.9043,62.1236
4.04268,5.44987,94.0766
4.75836,4.88588,126.934
4.47173,3.89154,92.672
5.32049,3.98384,163.69
5.13191,4.96395,160.45
4.19438,3.77159,75.737
4.53918,2.38302,82.7194
3.90976,4.04202,66.7013
3.32376,3.29482,40.6903
6.09165,2.4667,252.269
4.32206,2.55714,69.0989
4.3737,4.75668,99.3722
2.48612,4.26179,38.1065
4.90086,2.38684,108.945
3.11864,3.09479,32.1321
2.97324,3.13177,29.7454
4.90088,3.41875,117.884
4.07047,2.03229,54.7177
4.77805,2.7573,101.486
3.79316,6.2612,102.071
4.27425,2.94218,70.9107
5.14297,2.93329,133.886
1.73701,3.6368,24.3954
4.61155,3.7477,99.7707
5.73431,5.14894,232.563
5.55678,3.66758,188.748
3.66654,5.20743,76.4328
2.7975,5.05704,53.0507
5.65039,2.85461,190.708
2.44669,4.7144,43.1747
3.18823,2.6892,31.8807
3.28669,3.17602,38.7296
3.98699,2.29797,51.8134
4.54999,3.60688,93.8102
2.30265,4.56555,39.9233
1.81809,4.36638,34.6445
3.99193,4.65576,77.6279
4.75388,3.38373,105.615
3.99875,4.51738,76.748
5.28537,3.56707,156.397
5.70116,4.47868,215.962
3.52731,3.6181,46.9558
3.92359,4.51425,73.809
3.85651,4.91984,74.7994
4.13411,4.54855,83.2492
3.00459,3.30392,31.7483
3.19514,4.27378,47.9328
4.86101,6.06939,158.659
3.05387,4.37292,45.7234
3.62213,3.83587,53.6083
4.99993,2.64207,120.527
4.42344,3.47966,82.7436
3.31362,3.2068,37.8928
5.12,3.87467,142.713
3.73168,5.35008,82.1323
3.09987,4.03118,43.6135
3.63932,2.47183,41.9157
4.02757,5.03848,86.6145
4.34551,3.97117,85.0303
4.79015,6.22553,153.395
4.9671,3.35289,123.236
3.64122,2.98447,44.0971
3.0724,4.74164,52.8339
1.90694,3.42965,23.3274
3.64797,5.7272,83.9395
5.04575,2.2484,119.312
3.98533,4.8323,82.5629
3.48044,2.74318,39.6877
4.96602,5.49769,154.408
3.62585,1.72115,34.9365
1.96113,4.28973,33.0752
3.83437,2.64923,48.1918
4.71605,3.56901,105.718
3.44174,3.30631,40.7928
2.59007,4.76218,45.9138
5.13835,5.28369,166.098
4.19137,4.54358,86.4655
5.24109,4.6087,165.52
1.56073,5.38547,50.8609
3.23059,4.43446,51.0462
5.44357,5.11325,196.666
3.86622,4.4087,68.7974
3.95813,4.09208,68.0466
5.12379,4.51061,151.797
4.44877,4.1365,93.0617
4.32212,5.14805,105.983
4.25771,3.83412,79.0471
2.86189,5.30175,59.0225
5.59446,4.06529,196.248
4.28864,4.94989,98.9974
3.2291,1.88328,26.8167
3.87192,3.81067,61.8322
3.67964,3.94406,57.7511
2.35106,3.38848,25.616
4.18835,2.31799,62.5806
4.36916,1.92289,69.4845
3.66911,5.25551,77.1993
5.83688,3.11758,219.782
3.78876,2.39564,45.2186
4.00249,2.59458,54.8178
4.96224,2.36536,115.165
4.42315,4.22104,94.9045
3.42043,4.48612,55.6873
4.55561,4.58258,107.529
4.88752,5.18532,143.916
4.02013,4.35415,74.5483
4.53578,4.31609,102.785
3.89259,3.73967,63.3607
4.52794,4.4944,105.204
3.78203,2.11512,43.8903
4.71845,5.99391,144.656
4.13918,2.62831,61.4888
4.21325,4.91474,92.1565
3.46346,5.39919,72.0366
4.10057,2.51262,58.6377
4.95991,3.58187,124.253
3.63869,2.79607,44.4987
3.13365,4.58665,51.77
4.00265,3.86634,67.31
3.70117,3.01455,48.3938
3.43761,3.28112,43.2343
3.01604,3.65613,36.4785
4.10542,5.57463,98.8252
4.63865,3.83572,102.157
4.45219,4.73046,102.847
3.32777,5.43886,70.5106
4.70523,3.83129,107.54
3.87848,4.89567,78.4552
4.15098,3.96318,77.0349
1.68442,2.45032,15.9915
5.17167,5.54974,174.526
2.33419,4.05856,34.0899
2.71478,4.44949,45.3043
3.86799,3.23315,57.0168
3.10487,1.87637,22.5377
4.69769,5.03009,125.745
4.33299,3.37552,78.8396
7.14301,4.01238,500.196
3.45354,5.05659,65.7999
2.87601,7.11762,98.007
3.96522,3.40636,60.9048
3.04534,4.72864,51.864
2.12722,2.54004,18.4608
5.11155,4.59857,150.145
2.21743,4.22056,34.6831
1.9114,3.80666,27.6526
3.7101,4.81785,72.0684
5.14146,4.58694,156.19
4.31604,2.83269,73.2268
2.87602,3.81602,37.3834
4.74973,4.31966,118.387
2.71079,3.74468,33.0581
4.66834,4.92047,120.933
4.45124,5.22226,110.707
4.51537,4.1786,99.0064
5.15583,2.53082,133.704
4.36908,3.70618,83.3313
4.34862,3.94223,86.7635
3.77341,3.67748,56.719
4.15919,4.55783,84.5792
2.96902,3.3408,31.5529
4.98004,4.24836,136.57
4.3432,2.98323,76.3702
3.21352,3.58166,38.88
1.35006,3.45426,22.4849
3.14564,4.04681,44.6842
2.35869,4.15693,34.7517
4.51102,2.59505,81.3133
4.83631,2.68029,104.783
3.96671,3.42652,61.1788
4.31233,3.52992,77.9179
2.7546,2.93857,23.6669
3.92472,3.22287,59.1845
4.35476,4.76483,100.557
6.18263,4.12161,286.232
2.25205,5.77537,60.817
3.18935,4.05699,45.5322
4.34541,1.7257,65.509
4.32534,3.77169,83.044
4.3442,4.11763,89.7326
4.75318,6.26991,153.28
4.20863,3.55984,73.1655
5.58932,3.28907,188.118
4.17303,4.22468,79.3406
3.25096,2.49429,29.5189
3.67867,3.70483,55.396
5.34613,4.00748,167.296
3.80036,3.95387,59.0482
4.66075,3.42544,98.5139
3.61643,3.37077,47.1536
3.34004,3.02375,36.4366
6.37144,4.57592,326.279
5.99675,4.3669,259.422
3.09295,2.60609,29.6056
2.10763,3.77114,27.0488
3.92732,2.83621,55.1465
2.6207,2.70093,20.8772
2.18844,3.75228,28.8104
3.70998,3.6287,54.4595
3.6235,4.5048,61.1512
3.23906,3.19259,35.5298
3.71226,3.30623,51.1168
5.08267,3.69004,134.682
5.23417,4.50583,164.227
4.87295,4.96942,137.077
5.59872,4.7703,207.67
3.49143,3.68511,48.7521
3.88141,5.20459,82.4847
4.64661,3.47574,99.9742
5.2699,4.89507,171.777
4.08252,4.11219,75.4438
4.41843,3.28236,82.0789
3.89962,3.27056,57.599
2.91441,3.39538,32.6398
3.59127,5.86329,84.9291
3.09363,5.09751,61.4838
5.29692,4.4798,168.417
5.37095,5.00328,185.333
5.22999,3.83638,153.875
5.00522,3.01658,123.514
2.38826,5.11751,49.1399
4.34727,4.45048,94.0056
1.74194,2.85392,14.4827
2.48197,3.60658,29.9176
4.70348,4.69627,120.306
3.49519,3.38942,44.5686
3.07204,5.23701,62.2197
2.52832,4.86698,47.9152
4.64355,4.89805,120.048
5.48593,3.19901,172.687
3.41299,6.19002,87.1
3.5087,4.98134,67.0978
3.98379,4.56435,77.4488
5.09681,4.06653,143.167
4.99378,3.23027,124.79
2.4471,3.62279,30.3362
2.93732,3.60869,35.8539
4.09745,3.96939,72.2613
2.97447,4.95177,55.3934
3.32008,3.58502,41.4541
3.57971,4.3519,58.8374
2.33017,2.3951,18.4306
3.95744,3.10474,56.3225
2.67293,4.40187,42.4903
4.29308,4.20642,86.8953
2.97258,3.74648,38.1686
3.74679,3.60995,54.2603
4.56081,6.02715,132.613
6.79953,3.39412,402.878
3.13361,4.67056,53.6811
4.20799,4.01568,80.4962
4.39323,3.96344,90.4635
0.746877,3.29206,19.8278
3.63842,3.93007,54.6124
3.94655,4.05506,67.5
4.21258,4.04098,82.5127
3.74964,4.32757,62.844
5.60001,5.10536,213.412
1.93336,5.76552,59.6664
3.5377,2.96181,41.0944
3.95996,3.13468,59.5276
3.12872,4.03604,43.9542
3.83434,2.2855,45.162
2.04987,5.37837,53.4209
3.17871,4.09127,44.6542
3.64581,3.83648,55.329
5.37188,4.51279,177.784
4.59019,3.6839,97.7919
2.22225,2.4558,16.0577
3.09453,3.52589,37.7664
3.96435,4.31249,72.4587
4.2428,4.41966,84.5288
3.6657,4.95312,72.4338
3.10317,3.60126,38.8814
3.37366,4.34623,53.2045
3.95202,4.3384,71.1561
3.51234,5.63539,77.505
3.86659,3.39164,56.7147
4.6653,5.09264,121.386
4.02481,3.02677,60.6646
2.89498,5.86342,70.8847
4.7174,4.28468,114.193
4.22571,2.92128,66.4966
5.15089,3.10043,138.482
3.5624,3.35782,49.122
4.53028,4.72198,106.966
3.44954,3.06647,37.6651
4.12799,2.8045,62.8579
4.55739,3.77402,96.4651
6.17803,3.01361,271.522
3.48026,5.587,78.3861
5.56726,2.57587,178.94
5.03164,5.06935,152.77
4.21917,3.68824,75.3231
3.16803,4.71768,53.7915
4.64262,5.27039,123.499
4.87583,3.84085,122.168
2.8923,3.51951,33.8983
4.4067,2.8831,76.8381
4.03524,3.77353,68.8697
3.60926,5.09482,72.1011
5.97889,2.28261,234.165
4.84829,3.43537,114.488
3.20237,3.57368,41.2222
2.10222,4.83025,42.3651
2.98523,3.70246,35.1497
5.02918,3.89527,135.12
4.483,5.02166,108.857
3.83463,4.59919,71.0999
3.14099,2.50852,26.4119
6.20968,3.17825,279.928
5.35269,4.024,168.932
5.12558,5.42752,167.485
5.13013,2.7253,131.991
3.95974,3.76727,64.8758
3.79707,3.72015,57.3603
4.76907,3.98861,112.942
2.23372,4.64324,41.8045
2.67426,3.24416,27.4833
3.47565,5.32334,71.5882
3.36656,3.91477,47.6507
3.50625,4.91915,66.4014
4.78836,3.06575,105.541
1.96091,4.44287,37.5443
3.38402,4.53801,55.2121
5.04803,5.28757,158.629
6.25927,4.50455,305.059
3.75454,3.82706,56.868
6.05074,3.90201,261.578
3.7916,4.37756,65.5779
4.73336,3.61056,106.969
4.75691,2.25021,97.2576
3.48131,4.03071,52.7487
4.71936,4.01979,110.621
3.46321,3.22943,41.6791
4.33793,4.36767,92.0874
3.17437,5.21054,62.2078
2.86194,3.57434,32.362
4.3328,2.58225,72.9593
4.961,4.87397,142.393
3.94984,2.92317,56.0477
5.00485,4.35354,139.479
2.77016,3.90225,35.8653
4.3012,4.09863,85.2165
6.08232,4.40902,272.548
2.70705,5.55911,63.5651
6.37062,2.88285,306.017
6.20295,4.14282,291.15
3.68731,5.28182,77.9798
4.86703,4.62656,129.74
3.7993,5.48507,85.236
2.65778,2.70933,22.7034
3.35972,4.54942,58.1399
4.95865,2.63757,114.921
3.71978,3.73626,54.6185
4.06337,4.72133,81.5863
3.85301,3.8176,62.7524
3.60736,4.45784,61.4394
2.34317,4.04945,32.298
3.41384,3.10994,38.9425
4.22144,3.45795,72.8807
3.09178,4.95706,57.2626
3.67437,4.78703,67.1644
2.94775,5.87607,69.8385
2.33896,2.21383,16.4415
3.89953,4.73445,76.4046
4.55613,4.54578,109.008
4.50651,5.66741,123.286
3.90315,4.55762,73.6221
4.80159,5.26431,137.035
3.6851,3.29802,48.182
0.763639,3.36636,21.3656
3.77651,5.16922,77.5256
3.47066,4.62427,60.6538
2.81305,4.12341,40.0257
4.76953,2.60851,98.9061
3.33403,2.33428,30.7023
3.07158,5.36617,64.723
4.24666,3.51036,77.0131
4.50644,3.91457,96.3882
4.51707,2.88651,85.0955
3.50558,3.83482,51.5059
5.05633,4.63992,148.53
5.46584,2.37428,164.591
2.42453,3.93203,33.753
3.41654,5.35148,70.837
5.26291,3.08153,149.627
2.88418,3.82846,36.0128
2.88755,4.20474,41.9161
4.44554,2.32625,75.5271
3.99049,3.46923,62.4769
4.11482,4.66123,85.6152
4.79864,5.90801,148.861
2.35217,4.16291,34.0729
3.03217,4.46158,48.4403
5.19882,3.30776,142.633
4.7786,4.2619,121.579
4.92862,4.35555,132.468
4.96375,3.43476,123.504
4.71812,3.96366,110.581
2.9521,4.37029,44.3215
4.64977,3.85398,103.266
3.83467,4.98067,77.6732
1.18321,4.20427,32.1701
3.88363,3.75435,61.7645
3.46045,4.59418,59.8783
3.87418,2.76106,51.7223
5.03371,2.90107,125.315
2.77116,5.60072,62.0386
4.77034,4.42537,119.753
2.92885,4.54199,45.6318
2.72517,5.01996,51.3908
3.59901,4.92181,69.1921
3.23951,4.89968,57.5851
3.28483,3.69068,42.2119
3.29037,3.29053,38.1939
5.28951,4.78411,173.276
3.69982,2.62232,43.389
3.811,4.12425,63.7877
2.70926,5.3213,57.2027
4.25137,2.92675,70.0403
4.15561,4.22378,80.0073
5.26841,4.55799,166.914
2.56821,4.09048,35.8257
4.55207,5.13997,115.083
4.61408,2.81906,88.5657
3.96799,5.95905,101.97
4.64833,3.56017,100.248
4.27934,3.93499,83.2376
4.52022,3.37388,91.1439
2.89983,5.36603,62.284
3.09505,5.67233,69.8677
4.50279,4.58878,105.066
4.71466,5.551,134.775
3.88517,4.49614,70.7441
4.28059,6.24797,121.852
4.50388,3.2661,86.7824
2.68184,3.92223,35.4884
1.64897,4.00446,28.7342
3.534,3.04423,41.5097
4.27657,4.00548,83.8789
4.62275,2.05611,86.7426
3.63562,4.82843,67.613
5.66879,5.81537,235.656
4.32334,4.21504,88.5315
3.07303,3.71649,39.5011
1.77246,5.6462,56.2632
4.97761,4.68632,140.69
3.55147,3.35676,44.9139
5.01293,3.29158,127.189
2.7037,2.45679,18.8986
4.52927,4.73871,108.82
4.75458,4.64599,123.246
1.98892,3.41009,23.9406
5.15318,3.20574,138.694
4.0947,3.81709,71.6868
2.51679,3.01638,20.3037
5.40961,5.41559,197.534
3.62781,3.56245,50.5876
5.32896,3.72753,162.257
4.4001,2.87916,77.1515
3.02415,3.62793,37.1005
3.7759,3.79221,57.6242
3.93347,3.72521,62.231
5.20411,6.59322,202.165
4.02666,4.57447,80.6212
5.17815,3.24555,140.732
3.54209,3.78344,50.2223
5.21383,3.17567,144.627
2.65271,3.99206,34.3967
4.01362,3.09785,60.3404
4.26317,2.10269,63.3788
3.70895,4.18401,61.6608
3.42291,5.09688,66.1156
3.81213,4.22892,65.9653
2.6734,4.8837,48.3832
3.2634,2.93656,35.3543
4.00795,4.92029,84.1752
4.78047,3.36985,108.106
4.77832,4.88097,129.765
3.81155,2.79014,47.9816
2.86158,5.14535,56.0471
4.2745,4.59402,91.1415
4.45858,5.33763,114.006
3.77332,2.11975,42.3807
4.22941,3.1879,71.5203
4.22458,4.26108,84.101
4.18506,5.80555,107.508
4.72859,2.13545,97.3178
3.7407,3.49332,56.4386
4.57911,3.97972,99.3228
3.82887,4.8218,73.3609
6.55529,3.83757,354.038
4.27047,4.69608,90.9839
4.73505,5.16079,129.662
4.44025,3.49737,86.2627
3.07658,3.0289,31.9325
4.56946,3.32257,93.2737
4.46645,2.721,78.9284
5.49245,5.10517,200.471
2.08563,5.71612,61.4393
2.53531,3.75149,30.6507
2.98237,3.60158,35.3211
4.09321,5.10417,88.1817
4.57521,3.18823,92.3496
4.81816,1.84819,99.3108
5.25762,5.18358,176.252
6.40139,5.22869,345.075
5.76806,2.33085,204.416
3.90958,4.66764,75.6438
4.3959,5.61184,114.663
3.60833,4.77859,67.136
3.59192,3.58532,49.2267
3.97771,3.17275,58.4958
3.69281,2.4424,42.5987
3.7667,3.68165,56.5199
3.13325,2.84194,31.4104
4.29951,4.95781,97.8684
4.09244,2.74595,60.3083
4.39456,4.35265,94.636
2.50268,3.59423,29.4888
3.23479,3.37025,39.6418
4.04205,3.85936,68.3115
5.44681,4.41404,185.383
4.65585,3.00381,94.3084
2.50328,2.22091,16.7527
4.19556,4.98013,93.5065
5.77278,4.72985,230.576
5.55829,3.5289,188.313
3.92651,3.45066,61.1747
3.65643,3.38567,50.1574
5.87903,4.58295,243.699
3.48017,2.96651,42.3405
5.11049,3.78582,142.095
5.28038,3.66339,156.882
4.50785,2.87892,84.2157
3.67675,3.89306,56.4099
3.19543,1.98664,25.8147
3.03255,4.47237,49.2097
4.6475,2.8689,92.1257
3.42902,5.71083,76.3209
1.89764,5.02509,46.8069
3.72149,4.30229,62.6635
5.32449,5.47725,187.454
2.73633,3.23852,28.4349
4.22921,3.51105,74.2155
3.79763,4.78342,71.3015
5.12408,3.43211,137.398
4.61357,4.66127,111.645
3.16394,1.78572,24.6222
4.30711,4.1325,86.4847
4.68639,2.43532,90.5088
5.88187,4.62844,246.071
4.11301,3.15638,63.4843
4.48123,3.11471,85.6888
4.19194,4.14053,80.1036
5.17344,3.80684,147.349
2.22927,3.87179,33.1834
4.85106,3.77072,118.304
4.60119,4.04015,102.361
3.19426,4.9855,61.1197
3.21132,3.52006,40.5362
3.45976,6.84475,103.743
3.74048,4.12362,61.3671
2.54739,4.90666,47.9181
3.51981,3.2863,45.8699
4.25817,2.8988,68.4813
5.23722,5.32916,178.714
3.1831,4.44578,51.1169
3.28639,3.2133,38.2452
4.32827,3.37669,79.0375
4.63769,4.60434,114.493
4.97307,2.02338,112.237
5.16945,4.33799,153.96
3.10482,3.76212,39.7938
4.55547,1.81664,79.2228
4.97946,4.42009,136.072
3.74055,3.70262,56.715
4.23478,4.8195,93.9109
4.20106,4.1014,80.424
2.91405,3.33157,32.3977
4.12966,4.55727,82.6231
4.49339,3.79828,93.3441
4.1847,3.57088,71.9864
5.51572,1.73017,167.748
3.62583,4.12416,57.8365
3.20941,4.79438,55.8609
2.06732,4.63309,40.2185
4.92089,3.12206,115.672
2.8037,4.20486,40.7379
3.43041,5.05743,65.4204
3.76682,3.10552,49.4016
3.34685,3.66578,43.9857
4.18817,3.13512,68.2013
5.58427,4.36442,201.957
4.39591,4.6879,98.6149
2.88181,4.14823,40.8605
3.76586,4.19277,62.7368
3.91966,5.44016,89.1796
1.70274,5.5472,55.4162
3.10376,5.77961,71.8609
3.83271,3.90494,62.404
2.96021,4.10224,42.185
6.04518,2.92831,250.021
4.66302,3.36589,98.3382
4.05832,5.31098,92.1904
3.83218,3.08364,50.5353
2.79391,4.34393,42.0645
3.20848,3.52215,38.5498
4.07101,4.72456,82.9747
3.22767,4.73346,55.9378
5.12445,4.51262,152.225
3.32522,5.53395,71.2491
3.74221,3.98579,59.9076
2.31337,3.48037,26.2433
2.09186,3.91669,28.8926
2.13477,4.0356,34.4765
4.55453,5.14741,114.81
2.98026,5.50582,62.2734
3.93134,4.37916,72.6683
2.80559,1.97159,17.1855
5.50705,5.11029,200.858
5.68028,5.36764,228.666
4.53492,4.1968,102.102
5.41225,3.05727,164.753
4.28156,2.72414,68.3059
4.78207,4.61238,124.119
4.26324,4.46659,88.9196
5.08874,3.93667,141.237
2.38576,4.40206,38.0781
4.60267,4.18374,103.88
5.28666,3.10239,150.166
3.36031,2.26797,30.773
4.52971,3.53534,91.8748
4.37077,4.17443,89.7426
4.28905,4.16416,85.5496
3.98528,3.37395,61.1825
4.54906,5.30954,118.176
4.19881,3.78337,74.7048
4.02471,4.92568,83.2207
4.68814,4.9302,122.743
5.89595,4.53564,245.167
4.5215,3.89861,96.648
1.96102,1.73358,12.1897
2.39145,4.31141,37.7241
3.78597,3.05263,50.0711
3.44353,6.23454,88.5795
2.93304,4.23862,44.2636
4.83955,5.22469,139.157
4.95705,5.42973,153.045
4.50103,4.27377,99.4043
4.71538,3.37397,102.196
3.09737,4.60047,50.9928
4.18085,1.98854,58.9551
4.16887,4.48629,83.6975
3.7328,4.69981,69.8433
3.41814,4.64627,58.158
2.87495,3.06072,30.4971
4.3682,4.92668,101.494
5.45126,3.38024,174.016
2.83342,2.74082,24.2716
4.19511,4.65808,90.4563
5.02094,4.92828,149.047
5.3977,3.75007,168.443
5.98233,3.3446,243.857
4.0616,4.99977,87.1273
5.51126,3.77262,183.773
2.84964,3.61355,34.4152
3.33989,4.39085,53.809
3.84326,4.79469,75.4049
5.52918,3.11228,179.785
4.54107,4.68836,108.192
4.82072,6.0285,151.798
2.84809,4.8161,51.9307
4.53077,3.07809,87.5536
2.46909,3.27436,26.2852
3.4876,5.67492,79.9046
5.23222,4.85577,167.914
4.86477,4.49803,127.837
3.67243,4.40245,63.6914
4.10025,3.78391,69.9306
2.86544,4.40531,44.9766
3.92521,3.81085,64.0328
4.88844,3.18641,115.455
4.20194,5.87304,110.12
5.48531,2.61895,169.937
4.81125,3.37584,111.06
4.30867,3.37312,77.7319
4.31976,3.71016,79.436
3.34103,3.71851,45.2849
4.20745,4.58636,86.6317
3.38105,3.28703,40.202
5.3403,5.89464,198.494
4.8388,3.71705,116.208
4.60755,5.32382,125.365
4.85453,4.17125,122.987
3.64454,3.79504,54.3448
2.81193,3.47966,30.7083
3.71656,1.82105,38.719
4.06459,2.81701,59.7321
4.80802,4.72327,129.679
4.14629,2.81273,64.7944
3.98175,3.30441,60.8466
3.91403,4.96679,78.926
4.0819,4.01087,71.1462
3.58734,4.31393,59.6696
4.19599,3.36679,70.6894
2.03383,2.62769,16.5247
3.37986,3.27604,39.2863
3.96839,4.02899,68.0244
4.31361,3.86742,83.5686
3.20427,2.49897,29.1124
3.84514,5.28116,82.1458
4.22865,5.07969,96.3148
5.02349,5.10158,153.314
2.78004,3.0871,25.7356
3.0001,3.26029,32.8246
4.49826,4.30304,99.8063
4.41017,3.02331,78.5595
4.04515,4.66273,82.6926
4.15853,4.10951,78.6389
4.97961,2.28653,114.618
3.763,5.04752,76.5446
3.43169,4.18719,54.5436
2.02674,3.23614,22.2464
3.4073,3.91044,47.9246
4.41563,4.67994,100.144
3.47277,3.71413,48.0632
4.56814,4.26698,103.693
4.80051,2.67942,102.775
4.28899,4.52354,90.6056
4.92435,4.52053,134.012
3.30184,4.05379,47.6329
4.48379,4.88838,109.115
3.477,4.67592,61.7525
4.76168,3.78101,111.713
3.66862,4.22384,59.7848
4.2814,3.28826,73.5606
4.05309,4.07292,72.7815
4.29179,4.4433,89.7031
2.45758,5.3613,57.3874
3.93123,3.28443,57.4208
3.77716,5.02218,77.3519
3.38657,5.19209,67.555
4.9145,4.88648,138.563
4.28858,2.27376,66.0522
2.85705,3.2642,30.444
4.82507,4.44335,123.524
5.33732,5.80953,197.26
4.79154,3.03987,105.182
2.9721,5.54616,66.4669
4.8056,4.96744,132.016
4.62104,4.55677,111.903
5.22899,2.22511,136.353
4.5204,4.6961,105.46
2.79625,4.7059,46.2452
5.39967,2.59145,159.188
2.19309,3.09636,21.5235
5.09814,4.48947,147.298
4.06437,3.20707,63.1504
3.55973,2.6528,39.5168
4.79861,3.37294,109.658
4.53721,5.68221,123.103
